0,0.51826,0.89339,0.13456,4,-56.5,5.8368,921.75,1
0.25,0.51826,0.89339,0.13456,3,-68,4.8412,925.75,1
0.75,0.51826,0.89339,0.13456,4,-55.5,3.6417,924.25,1
1.25,0.51826,0.89339,0.13456,3,-57.5,1.7779,924.75,1
1.75,0.51826,0.89339,0.13456,4,-61.5,0.24083,922.75,1
141.25,0.43619,0.93932,0.077541,4,-55,0.36816,921.75,4
142,0.42446,0.93932,0.10035,4,-53,4.7891,923.25,4
142.25,0.42446,0.93932,0.10035,4,-58.5,0.29606,920.25,4
142.75,0.42446,0.93932,0.10035,1,-57,5.7724,921.25,4
145.5,0.42446,0.93932,0.19157,1,-66,2.1307,922.75,4
146,0.42446,0.93932,0.19157,2,-56.5,1.4619,921.75,4
146.75,0.49481,1.169,0.20297,2,-56,4.3995,924.25,2
147,0.49481,1.169,0.20297,2,-57,5.3781,920.25,2
148.25,0.64724,0.87042,0.19157,2,-56,1.083,925.25,2
149,0.64724,0.87042,0.19157,2,-56,0.90505,925.75,2
149.5,0.64724,0.87042,0.19157,2,-57.5,4.625,923.25,2
151.75,0.51826,0.91636,0.088944,2,-58.5,4.8627,923.25,2
156,0.62379,0.84746,0.16876,2,-57.5,4.8397,921.75,2
158.28,0.61207,0.87042,0.15736,2,-56.5,5.1036,921.75,2
158.75,0.61207,0.87042,0.15736,1,-67.5,1.017,925.75,2
159.5,0.61207,0.87042,0.15736,2,-56,4.5789,923.75,2
159.75,0.61207,0.87042,0.15736,2,-57.5,5.5745,921.25,2
161,0.57689,0.88191,0.13456,2,-56,3.5665,925.75,2
161.25,0.57689,0.88191,0.13456,2,-56.5,4.2599,924.25,2
161.75,0.57689,0.88191,0.13456,1,-66.5,5.4088,923.75,2
162.75,0.57689,0.88191,0.13456,2,-57,3.7705,925.25,2
163.5,0.57689,0.88191,0.13456,2,-57,0.5553,925.75,2
164,0.57689,0.88191,0.13456,2,-57.5,4.4838,923.25,2
165,0.57689,0.88191,0.13456,2,-57.5,4.8597,922.75,2
166.75,0.58862,0.83597,0.14596,2,-58,4.7906,923.75,2
167.75,0.58862,0.83597,0.14596,2,-57,4.1556,925.25,2
170,0.61207,0.84746,0.19157,2,-57,3.9485,925.25,2
170.75,0.61207,0.84746,0.19157,2,-57.5,5.0545,922.25,2
171.25,0.61207,0.84746,0.19157,2,-57.5,4.7063,923.25,2
172,0.61207,0.84746,0.19157,1,-68,0.69029,924.75,2
173,0.61207,0.84746,0.19157,2,-57.5,4.9103,922.25,2
174.75,0.7645,0.77856,0.24859,2,-57.5,4.8075,922.75,2
175.5,0.7645,0.77856,0.24859,2,-57.5,4.8704,922.25,2
176.5,0.7645,0.77856,0.24859,2,-57.5,1.2195,923.75,2
178.75,0.70587,0.80152,0.22578,2,-58.5,5.6052,920.25,2
179.5,0.70587,0.80152,0.22578,2,-58,4.7799,922.75,2
180.25,0.70587,0.80152,0.22578,2,-58,5.1496,921.75,2
182.75,0.58862,0.84746,0.18017,2,-58,5.1158,921.75,2
184.25,0.58862,0.84746,0.18017,2,-57.5,3.9761,924.75,2
185.5,0.58862,0.84746,0.18017,2,-57.5,0.25924,925.75,2
188.25,0.82312,0.74411,0.2828,2,-57.5,4.6572,923.25,2
190.25,0.62379,0.84746,0.19157,2,-56.5,0.81915,925.75,2
190.75,0.62379,0.84746,0.19157,2,-57,4.7922,923.25,2
191.5,0.62379,0.84746,0.19157,1,-65.5,0.27151,924.75,2
192.5,0.62379,0.84746,0.19157,1,-64.5,0.94186,922.25,2
195.75,0.58862,0.85894,0.16876,2,-59,5.5499,920.25,2
196.75,0.58862,0.85894,0.16876,2,-57.5,4.5483,922.75,2
197.75,0.58862,0.85894,0.16876,2,-57.5,0.28685,925.75,2
198.25,0.58862,0.85894,0.16876,2,-59,5.5637,920.25,2
200.25,0.75277,0.76708,0.24859,2,-57.5,3.9485,924.25,2
201.25,0.75277,0.76708,0.24859,2,-57.5,0.58905,924.75,2
202,0.75277,0.76708,0.24859,2,-59,5.1664,920.75,2
203,0.75277,0.76708,0.24859,2,-58,4.3151,923.25,2
205.25,0.62379,0.82449,0.18017,2,-58.5,4.3442,923.25,2
206.78,0.62379,0.82449,0.18017,2,-58,0.25771,925.25,2
207.5,0.62379,0.82449,0.18017,2,-58.5,3.9561,924.25,2
209.5,0.62379,0.82449,0.18017,2,-59,4.809,921.75,2
211,0.62379,0.82449,0.18017,2,-59,5.0345,921.25,2
213.75,0.7176,0.79004,0.22578,2,-58.5,0.40037,925.25,2
214.5,0.7176,0.79004,0.22578,2,-56,4.8274,922.25,2
215.75,0.70587,0.80152,0.22578,2,-56,4.1924,924.75,2
216.28,0.70587,0.80152,0.22578,2,-57,4.5483,922.75,2
217.5,0.70587,0.80152,0.22578,2,-58,4.2246,923.25,2
219.75,0.62379,0.87042,0.13456,2,-57.5,4.0298,924.25,2
220.5,0.62379,0.87042,0.13456,2,-57,3.8442,924.75,2
221,0.62379,0.87042,0.13456,2,-57,3.7935,925.25,2
221.75,0.62379,0.87042,0.13456,2,-58,4.9456,922.25,2
222.5,0.62379,0.87042,0.13456,2,-57.5,4.5851,923.25,2
224.5,0.68242,0.81301,0.20297,2,-57,4.1049,924.25,2
225.5,0.68242,0.81301,0.20297,2,-57.5,0.75165,924.75,2
226.75,0.68242,0.81301,0.20297,2,-58.5,4.8965,922.25,2
228.5,0.69414,0.83597,0.20297,2,-56.5,0.45406,925.25,2
229,0.69414,0.83597,0.20297,2,-57.5,4.941,921.75,2
229.75,0.69414,0.83597,0.20297,2,-58.5,4.8075,923.25,2
231,0.69414,0.83597,0.20297,2,-57.5,0.75625,925.25,2
232.75,0.69414,0.83597,0.20297,2,-56,0.53536,923.75,2
233.25,0.1665,0.92784,0.15736,2,-50,0.11965,925.25,2
236.5,0.44791,0.75559,0.077541,2,-68,2.5955,925.75,4
238,0.44791,0.75559,0.077541,4,-65,1.1305,921.25,1
249.75,0.67069,0.14698,0.94417,4,-59,0.041417,924.75,3
254.75,0.67069,0.14698,0.94417,4,-58,0.067495,924.75,3
257.75,0.67069,0.14698,0.94417,4,-58,5.8675,925.25,3
268.75,0.44791,-0.28938,0.94417,4,-59,1.4557,923.25,3
273.75,0.44791,-0.28938,0.94417,4,-60,1.4143,923.25,3
294.53,0.45964,-0.28938,0.94417,4,-63,0.084369,920.75,3
318.5,0.58862,-0.34679,1.0012,4,-58,5.9074,925.25,3
328.5,0.48309,-0.27789,0.90996,4,-58,4.8504,920.75,4
