0,0.025796,1.0427,-0.16192,1,-46.5,4.7109,922.25,4
1.25,0.31893,0.84746,-0.025087,2,-51,5.5039,920.75,4
2,-0.068007,1.0082,0.10035,2,-47,6.0408,921.75,4
2.025,-0.032831,0.93932,-0.0022806,2,-46,4.4041,923.25,4
2.075,-0.044557,0.99674,0.0091224,2,-47,0.28992,923.25,4
2.1,-0.044557,0.99674,0.0091224,2,-47,6.2817,923.25,4
3.25,-0.30252,0.98526,0.12315,2,-57.5,6.0239,925.25,2
36.25,0.55344,0.89339,0.031928,2,-57.5,1.7135,924.75,2
36.75,0.55344,0.89339,0.031928,2,-58.5,1.2134,925.75,2
37.25,0.55344,0.89339,0.031928,2,-56.5,0.30373,921.25,2
37.75,0.55344,0.89339,0.031928,2,-56.5,1.7564,925.25,2
39.25,0.33066,0.98526,-0.047893,2,-56,1.1858,925.75,2
49.25,0.55344,0.89339,0.020525,2,-57,2.1108,923.75,2
49.5,0.55344,0.89339,0.020525,2,-57.5,0.061359,921.25,2
50.25,0.55344,0.89339,0.020525,2,-58,1.8377,924.25,2
50.75,0.55344,0.89339,0.020525,2,-57.5,2.3547,923.25,2
51.25,0.55344,0.89339,0.020525,2,-56.5,5.9825,922.25,2
58.25,0.74105,0.83597,0.088944,2,-56,1.4849,924.75,2
66,0.7176,0.84746,0.088944,2,-57,0.59365,925.75,2
67.25,0.89348,0.74411,0.054735,2,-57.5,6.1144,924.25,2
68,0.89348,0.74411,0.054735,2,-58.5,5.6635,924.75,2
70,0.89348,0.74411,0.054735,2,-58,4.1617,921.75,2
73.5,0.94038,0.72114,0.0091224,2,-57,5.9058,923.75,2
74.25,0.94038,0.72114,0.0091224,2,-58,5.1849,925.25,2
74.75,0.94038,0.72114,0.0091224,2,-57.5,1.1336,920.25,2
76.25,0.69414,0.82449,-0.047893,2,-57,0.16414,922.75,2
77,0.69414,0.82449,-0.047893,2,-57.5,1.0216,920.75,2
77.5,0.69414,0.82449,-0.047893,2,-57.5,5.9457,923.25,2
79.525,0.77622,0.79004,-0.013684,2,-57.5,1.3438,920.25,2
80.5,0.77622,0.79004,-0.013684,2,-58,0.24697,922.25,2
81,0.77622,0.79004,-0.013684,2,-58,6.2203,922.75,2
81.75,0.77622,0.79004,-0.013684,2,-57.5,1.0109,920.75,2
82.25,0.77622,0.79004,-0.013684,2,-58,0.44639,921.75,2
85,0.69414,0.82449,-0.059296,2,-58.5,5.2754,924.75,2
86,0.69414,0.82449,-0.059296,2,-58,0.75012,921.25,2
88.75,0.74105,0.80152,-0.03649,2,-59,5.0882,925.25,2
89.5,0.74105,0.80152,-0.03649,2,-57,0.5415,921.75,2
90.75,0.58862,0.87042,-0.11631,2,-57.5,6.1497,922.75,2
91.5,0.58862,0.87042,-0.11631,2,-57.5,5.461,924.25,2
92,0.58862,0.87042,-0.11631,2,-57.5,0.43105,921.75,2
92.5,0.58862,0.87042,-0.11631,2,-57.5,0.33594,922.25,2
93.5,0.58862,0.87042,-0.11631,2,-57.5,0.72864,921.25,2
94.25,0.58862,0.87042,-0.11631,2,-57.5,1.1244,920.25,2
95,0.58862,0.87042,-0.11631,2,-57,0.11965,922.25,2
96,0.65897,0.83597,-0.082102,2,-58.5,5.2477,925.25,2
97,0.65897,0.83597,-0.082102,2,-57.5,0.45713,921.75,2
97.5,0.65897,0.83597,-0.082102,2,-57,0.13192,922.25,2
98,0.65897,0.83597,-0.082102,2,-57.5,6.1329,922.75,2
98.75,0.65897,0.83597,-0.082102,2,-57.5,0.99095,920.75,2
99.25,0.65897,0.83597,-0.082102,2,-57,0.56757,921.75,2
101.5,-0.29079,0.79004,0.25999,2,-50,0.049087,920.25,2
101.75,0.0023451,0.96229,0.0091224,2,-48.5,0.073631,921.75,4
101.83,0.060972,0.96229,0.0091224,2,-48.5,0.26231,921.75,4
102,0.10787,0.91636,-0.03649,2,-49,2.8379,923.25,4
102.1,0.29548,0.95081,0.043332,1,-67,0.48934,924.75,4
102.25,0.17823,1.0197,-0.047893,2,-47,3.9761,922.25,4
102.5,0.17823,1.0197,-0.047893,2,-46.5,4.0267,922.25,4
102.6,0.20168,0.97377,-0.03649,1,-67.5,0.77926,925.75,4
102.75,0.20168,0.97377,-0.03649,2,-46,4.1387,923.75,4
103,0.1665,1.0197,-0.03649,2,-45.5,4.7737,922.75,4
103.1,0.1196,0.99674,-0.070699,2,-45.5,4.921,922.75,4
103.25,0.10787,1.0656,-0.12771,2,-46,5.6926,921.25,4
103.35,0.096148,1.0197,-0.11631,2,-46,5.8583,921.25,4
103.4,0.13132,1.0656,-0.19613,2,-46.5,4.1985,925.25,4
103.5,0.13132,0.97377,-0.12771,2,-47,5.0253,925.25,4
103.6,0.13132,0.97377,-0.12771,2,-47,5.2355,925.25,4
103.65,0.13132,0.97377,-0.12771,2,-46.5,1.8254,920.75,4
103.68,0.15478,1.0656,-0.11631,2,-47.5,2.8609,920.75,4
103.75,0.17823,1.0312,-0.12771,2,-46.5,4.3166,920.75,4
104,0.22513,1.1001,-0.10491,1,-65.5,4.6357,924.25,4
104.08,0.22513,1.1001,-0.10491,2,-50,3.973,920.25,4
107,0.2603,0.82449,0.21438,1,-61,0.88357,923.25,1
107.25,0.2603,0.82449,0.21438,1,-60,5.8905,922.25,1
108,0.2603,0.82449,0.21438,1,-67.5,0.20402,921.25,1
109,0.2603,0.82449,0.21438,1,-66,1.3514,920.25,1
109.75,0.2603,0.82449,0.21438,4,-57,6.1789,922.25,1
111,0.56517,0.88191,0.054735,1,-66,0.83449,920.75,1
111.75,0.56517,0.88191,0.054735,4,-57.5,5.1879,923.25,1
112.5,0.56517,0.88191,0.054735,4,-58,1.491,923.75,1
113,0.56517,0.88191,0.054735,1,-66.5,0.43872,921.25,1
114.5,0.77622,0.81301,0.11175,4,-57,5.892,922.25,1
115.25,0.77622,0.81301,0.11175,4,-57.5,5.3183,922.75,1
115.75,0.77622,0.81301,0.11175,4,-57,1.1474,920.75,1
116.25,0.77622,0.81301,0.11175,4,-57,1.6736,920.25,1
117,0.77622,0.81301,0.11175,4,-57.5,6.0132,922.25,1
118.75,0.79967,0.80152,0.11175,1,-66,0.71484,920.25,1
119.75,0.79967,0.80152,0.11175,1,-64.5,4.5206,923.75,1
120.75,0.79967,0.80152,0.11175,4,-57,1.1781,920.75,1
121.25,0.79967,0.80152,0.11175,1,-65.5,0.75625,920.25,1
122.28,0.79967,0.80152,0.11175,4,-58,1.379,923.75,1
122.75,0.79967,0.80152,0.11175,1,-65,0.082835,925.25,1
124.5,0.69414,0.83597,0.077541,4,-60,5.6987,925.75,1
126.75,0.69414,0.83597,0.077541,1,-65,5.4855,922.25,1
127.75,0.69414,0.83597,0.077541,1,-64,3.048,925.25,1
128.75,0.69414,0.83597,0.077541,4,-58,6.2617,921.75,1
129.5,0.69414,0.83597,0.077541,4,-58.5,4.4501,923.75,1
130.25,0.69414,0.83597,0.077541,4,-57,4.2507,920.75,1
130.75,0.69414,0.83597,0.077541,1,-65.5,0.61819,920.25,1
133,0.69414,0.84746,0.077541,1,-64.5,0.79153,924.25,1
133.75,0.69414,0.84746,0.077541,1,-64.5,3.5159,924.75,1
134.75,0.69414,0.84746,0.077541,1,-64,4.9394,922.75,1
135.75,0.69414,0.84746,0.077541,1,-64.5,0.46786,920.25,1
137,0.69414,0.84746,0.077541,1,-63.5,2.0279,922.75,1
138.25,0.69414,0.84746,0.077541,1,-64.5,0.57524,920.25,1
140.75,0.72932,0.82449,0.088944,4,-58,6.116,921.75,1
141.75,0.72932,0.82449,0.088944,1,-63.5,1.0784,923.75,1
143,0.72932,0.82449,0.088944,1,-64.5,0.40957,920.25,1
144.5,0.72932,0.82449,0.088944,4,-58.5,1.9359,922.75,1
145.5,0.72932,0.82449,0.088944,1,-65.5,1.0876,920.25,1
146.75,0.72932,0.82449,0.088944,1,-64,5.122,922.75,1
148,0.72932,0.82449,0.088944,4,-58.5,6.0331,921.75,1
151,0.63552,0.84746,0.066138,1,-59.5,1.6935,924.75,1
151.5,0.63552,0.84746,0.066138,1,-58,4.3872,923.75,1
151.75,0.63552,0.84746,0.066138,1,-56.5,4.5667,921.25,1
152.25,0.63552,0.84746,0.066138,3,-57,5.0928,920.75,1
152.5,0.63552,0.84746,0.066138,1,-57,1.4711,920.25,1
153.25,0.99901,-0.036746,0.23718,4,-60.5,0.54456,923.25,3
154,0.83485,-0.18603,-0.082102,3,-47,0.90198,923.75,3
154.13,0.89348,-0.15158,-0.15052,3,-47,0.62126,923.75,3
154.15,0.89348,-0.12861,-0.11631,3,-47,1.218,922.75,3
154.25,0.89348,-0.12861,-0.11631,3,-47,1.1735,922.75,3
154.35,0.89348,-0.12861,-0.11631,3,-47.5,1.0707,922.75,3
154.4,0.91693,-0.20899,-0.15052,1,-67.5,1.4358,921.25,3
154.5,0.91693,-0.20899,-0.15052,1,-65.5,0.34361,925.25,3
154.75,0.91693,-0.20899,-0.15052,3,-50,2.2964,920.75,3
155,1.2687,-0.31234,-0.013684,1,-68.5,1.06,924.25,3
155.75,1.3625,-0.35827,0.0091224,3,-52,0.18254,923.25,3
163,0.9052,-0.15158,-0.19613,3,-49,0.20862,923.25,3
163.13,1.3039,-0.31234,-0.025087,3,-49.5,5.4579,924.75,3
163.25,1.3039,-0.31234,-0.025087,3,-49,5.4763,924.75,3
163.35,0.91693,-0.14009,-0.18473,3,-48.5,1.0999,922.25,3
163.5,0.91693,-0.15158,-0.17333,3,-50,4.8934,925.75,3
163.75,1.3625,-0.32383,-0.0022806,3,-48.5,0.056757,923.75,3
164,0.9052,-0.16306,-0.18473,3,-48,0.83909,922.75,3
164.25,0.99901,-0.17454,-0.16192,3,-49,1.9942,921.25,3
164.33,0.91693,-0.14009,-0.17333,3,-49,5.3797,925.25,3
164.75,1.0107,-0.15158,-0.13912,3,-48.5,6.0761,924.25,3
165,0.89348,-0.16306,-0.18473,3,-48.5,1.6368,921.75,3
165.25,1.2218,-0.28938,-0.059296,3,-48,0.53536,923.25,3
165.5,1.0576,-0.17454,-0.12771,3,-49,5.6711,924.75,3
165.6,1.0576,-0.17454,-0.12771,3,-48.5,5.688,924.75,3
165.65,1.0576,-0.17454,-0.12771,3,-49,5.6681,924.75,3
165.68,0.9052,-0.15158,-0.17333,3,-49,5.645,924.75,3
165.75,0.99901,-0.15158,-0.15052,3,-48,1.2318,922.25,3
165.83,0.99901,-0.15158,-0.15052,3,-47.5,1.2425,922.25,3
165.88,0.99901,-0.15158,-0.15052,3,-49.5,5.0023,925.75,3
166,0.9052,-0.14009,-0.18473,3,-49,4.9778,925.75,3
166.25,0.91693,-0.15158,-0.16192,3,-47.5,0.003068,923.75,3
166.33,0.91693,-0.15158,-0.16192,3,-47.5,0.001534,923.75,3
166.38,1.0811,-0.19751,-0.11631,3,-47.5,0.76392,922.75,3
166.5,1.0225,-0.16306,-0.13912,3,-48,1.8837,921.25,3
166.75,1.1163,-0.22048,-0.093505,3,-49,5.306,925.25,3
167,0.9052,-0.15158,-0.17333,3,-48.5,2.3224,920.75,3
167.1,1.3273,-0.31234,-0.013684,3,-48.5,6.0531,924.25,3
167.15,1.3273,-0.31234,-0.013684,3,-48,6.0608,924.25,3
167.5,1.0107,-0.15158,-0.15052,3,-48,1.5539,921.75,3
167.75,0.89348,-0.15158,-0.18473,3,-48.5,0.51542,923.25,3
168,1.2101,-0.27789,-0.047893,3,-49,5.7509,924.75,3
168.1,1.2101,-0.27789,-0.047893,3,-49.5,5.757,924.75,3
168.13,0.91693,-0.15158,-0.17333,3,-48.5,1.353,922.25,3
168.5,0.9052,-0.15158,-0.17333,3,-49,0.059825,923.75,3
168.75,0.94038,-0.14009,-0.16192,3,-48.5,0.84216,922.75,3
169.5,1.1397,-0.22048,-0.070699,3,-50,5.9058,924.25,3
169.75,1.2452,-0.27789,-0.03649,3,-50,2.5295,920.25,3
170.25,0.9052,-0.12861,-0.17333,3,-49.5,0.31753,923.25,3
170.35,0.9052,-0.12861,-0.17333,3,-50,5.5591,924.75,3
170.5,1.0928,-0.19751,-0.10491,3,-50.5,5.5515,924.75,3
171,0.97555,-0.14009,-0.17333,3,-49.5,6.2479,923.75,3
171.1,0.9052,-0.15158,-0.18473,3,-49.5,6.254,923.75,3
171.25,1.0576,-0.18603,-0.11631,3,-49.5,0.73324,922.75,3
171.35,1.0576,-0.18603,-0.11631,3,-49.5,1.8346,921.25,3
171.53,0.89348,-0.15158,-0.17333,3,-50,5.283,925.25,3
171.75,1.1163,-0.19751,-0.093505,3,-50.5,5.28,925.25,3
171.83,1.1163,-0.19751,-0.093505,3,-50,2.212,920.75,3
171.88,1.1163,-0.19751,-0.093505,3,-50,2.2135,920.75,3
173.5,0.91693,-0.14009,-0.18473,3,-49.5,6.1681,923.75,3
174.25,0.94038,-0.14009,-0.16192,3,-49.5,2.0985,920.75,3
174.5,1.2452,-0.26641,-0.025087,3,-50.5,2.4283,920.25,3
174.75,1.2452,-0.26641,-0.025087,3,-50.5,5.5822,920.25,3
175.25,0.97555,-0.12861,-0.15052,3,-50,5.5131,924.75,3
175.35,0.96383,-0.12861,-0.15052,3,-49,1.0784,922.25,3
175.75,1.0576,-0.17454,-0.093505,3,-49.5,6.1574,923.75,3
176.25,0.91693,-0.12861,-0.17333,3,-49.5,1.7441,921.25,3
176.75,1.1163,-0.19751,-0.093505,3,-50,5.8,924.25,3
177.25,0.94038,-0.14009,-0.16192,3,-49,1.3668,921.75,3
177.75,0.9521,-0.14009,-0.17333,3,-50.5,5.4564,924.75,3
178.25,0.96383,-0.12861,-0.16192,3,-51,4.8827,925.75,3
178.5,0.89348,-0.15158,-0.17333,3,-49.5,0.63967,922.75,3
178.75,1.1749,-0.24344,-0.059296,3,-50.5,5.1772,925.25,3
179,1.1983,-0.24344,-0.047893,3,-50,2.1184,920.75,3
179.5,0.91693,-0.12861,-0.17333,3,-50,5.8322,924.25,3
179.6,0.9052,-0.12861,-0.17333,3,-49,1.3837,921.75,3
180,1.0107,-0.12861,-0.13912,3,-50.5,5.4579,924.75,3
181.5,1.1163,-0.20899,-0.093505,3,-50,2.0739,920.75,3
182.25,0.91693,-0.12861,-0.17333,3,-49.5,0.26998,923.25,3
182.5,0.91693,-0.12861,-0.17333,3,-49.5,0.27458,923.25,3
182.65,0.91693,-0.12861,-0.17333,3,-50.5,5.4886,924.75,3
183.25,0.92865,-0.12861,-0.17333,3,-50,6.1267,923.75,3
183.5,1.0694,-0.18603,-0.10491,3,-49.5,0.61052,922.75,3
183.75,1.1045,-0.19751,-0.093505,3,-50.5,5.1772,925.25,3
184,0.96383,-0.14009,-0.16192,3,-50,2.0647,920.75,3
184.25,0.96383,-0.14009,-0.16192,3,-50,5.8077,924.25,3
184.33,1.1866,-0.25493,-0.070699,3,-50.5,5.5591,920.25,3
184.75,0.94038,-0.14009,-0.17333,3,-50,0.2485,923.25,3
185,1.0107,-0.14009,-0.15052,3,-50.5,5.4993,924.75,3
185.25,0.89348,-0.12861,-0.17333,3,-49.5,1.0661,922.25,3
185.5,1.2218,-0.27789,-0.047893,3,-50,6.1881,923.75,3
185.75,1.1983,-0.24344,-0.059296,3,-50,0.67035,922.75,3
186.5,0.97555,-0.12861,-0.16192,3,-50.5,5.7846,924.25,3
186.75,0.9052,-0.12861,-0.17333,3,-50.5,5.7969,924.25,3
187.25,1.0107,-0.14009,-0.15052,3,-50.5,5.4932,924.75,3
187.75,0.92865,-0.14009,-0.17333,3,-51,4.9072,925.75,3
188,1.0342,-0.15158,-0.13912,3,-50.5,6.1313,923.75,3
188.25,0.99901,-0.12861,-0.16192,3,-50,0.61666,922.75,3
188.35,0.99901,-0.12861,-0.16192,3,-50,0.61513,922.75,3
188.5,0.91693,-0.12861,-0.18473,3,-49.5,1.7135,921.25,3
188.75,0.91693,-0.12861,-0.17333,3,-50.5,5.214,925.25,3
189,0.92865,-0.12861,-0.17333,3,-50,2.1062,920.75,3
189.75,1.128,-0.18603,-0.093505,3,-50,0.26538,923.25,3
190.5,0.96383,-0.12861,-0.15052,3,-50,6.0577,923.75,3
190.6,0.96383,-0.12861,-0.15052,3,-49.5,0.54763,922.75,3
190.75,0.9521,-0.15158,-0.17333,3,-50,1.6644,921.25,3
191.5,0.92865,-0.15158,-0.18473,3,-50.5,5.7264,924.25,3
191.6,0.92865,-0.15158,-0.18473,3,-50.5,5.7187,924.25,3
191.75,1.1749,-0.24344,-0.070699,3,-50,1.2916,921.75,3
193,0.92865,-0.12861,-0.17333,3,-50,6.0408,923.75,3
193.1,0.9052,-0.14009,-0.19613,3,-50,0.46326,922.75,3
193.75,1.1866,-0.24344,-0.070699,3,-50,1.9436,920.75,3
194,0.9052,-0.15158,-0.19613,3,-50.5,5.645,924.25,3
194.75,0.9521,-0.14009,-0.17333,3,-50.5,5.3674,924.75,3
195.5,1.2804,-0.28938,-0.025087,3,-50,0.54763,922.75,3
195.75,0.9052,-0.12861,-0.19613,3,-50,1.6552,921.25,3
195.85,0.9052,-0.12861,-0.19613,3,-50,1.6552,921.25,3
197,0.83485,0.43406,-0.025087,3,-52,0.25617,924.75,3
198,0.7645,0.81301,0.23718,4,-58,4.8504,922.75,1
198.5,0.7645,0.81301,0.23718,1,-57.5,5.9825,920.75,1
198.75,0.7645,0.81301,0.23718,1,-57.5,0.17027,924.25,1
199.25,0.7645,0.81301,0.23718,1,-57,5.5009,921.75,1
199.5,0.7645,0.81301,0.23718,1,-59,6.2709,924.75,1
200.25,0.7645,0.81301,0.23718,1,-58.5,0.88511,923.75,1
201,0.7645,0.81301,0.23718,1,-59.5,0.18561,920.75,1
201.75,0.7645,0.81301,0.23718,1,-59,1.3023,923.25,1
203.5,0.57689,0.87042,0.12315,1,-59.5,0.56297,924.25,1
204.5,0.57689,0.87042,0.12315,3,-68.5,5.6144,924.75,1
205.5,0.57689,0.87042,0.12315,1,-59.5,5.8368,921.25,1
206.5,0.57689,0.87042,0.12315,1,-59,5.4778,921.75,1
207.75,0.57689,0.87042,0.12315,3,-68.5,0.49701,922.75,1
209,0.57689,0.87042,0.12315,3,-68.5,0.86977,921.75,1
210.25,0.57689,0.87042,0.12315,1,-59.5,4.6679,922.75,1
212,0.62379,0.85894,0.10035,1,-58.5,1.7595,922.25,1
212.75,0.62379,0.85894,0.10035,1,-59,2.5019,921.25,1
214,0.62379,0.85894,0.10035,1,-59,2.2074,921.75,1
214.75,0.62379,0.85894,0.10035,3,-68,5.9626,923.75,1
216,0.62379,0.85894,0.10035,1,-59.5,0.11505,924.25,1
216.75,0.62379,0.85894,0.10035,3,-68.5,0.70563,922.25,1
218,0.62379,0.85894,0.10035,1,-59.5,5.9979,920.75,1
220,0.58862,0.87042,0.11175,1,-58,5.5346,921.25,1
220.75,0.58862,0.87042,0.11175,1,-58.5,0.092039,924.25,1
221.25,0.58862,0.87042,0.11175,1,-58,0.82682,923.25,1
222.25,0.58862,0.87042,0.11175,1,-58.5,0.41878,923.75,1
222.75,0.58862,0.87042,0.11175,3,-68.5,4.9271,925.25,1
223.5,0.58862,0.87042,0.11175,1,-57,5.0146,921.75,1
225.25,0.42446,0.81301,0.21438,1,-57.5,1.1106,925.25,4
238,1.3039,-0.082679,-0.025087,3,-49,1.2425,921.75,3
239,0.91693,-0.11713,-0.11631,3,-50,6.0838,925.75,3
239.1,1.1983,-0.23196,-0.0022806,3,-49,5.8153,925.75,3
239.25,0.91693,-0.15158,-0.11631,3,-47.5,0.91579,923.75,3
239.33,0.91693,-0.15158,-0.11631,3,-47,0.93266,923.75,3
239.38,0.91693,-0.15158,-0.11631,3,-47,0.89278,923.75,3
239.43,0.91693,-0.15158,-0.13912,1,-67.5,0.10278,922.75,3
239.75,1.1163,-0.20899,-0.03649,1,-67,1.4389,921.25,3
239.85,1.1163,-0.20899,-0.03649,3,-48,5.9012,925.25,3
239.88,1.1163,-0.20899,-0.03649,3,-47.5,5.9104,925.25,3
240,0.89348,-0.15158,-0.15052,3,-48,2.9069,920.75,3
240.25,1.128,-0.23196,-0.070699,1,-64,4.9793,924.25,3
240.35,1.128,-0.23196,-0.070699,1,-67.5,2.3224,920.25,3
240.5,1.128,-0.23196,-0.070699,1,-67.5,2.2964,920.25,3
240.75,1.0694,-0.18603,-0.093505,3,-46.5,1.037,923.25,3
240.83,0.88175,-0.15158,-0.17333,3,-46,1.0416,923.25,3
241,0.9052,-0.12861,-0.15052,3,-47,6.1497,924.75,3
241.1,0.91693,-0.15158,-0.15052,3,-47,6.1221,924.75,3
241.15,0.91693,-0.15158,-0.15052,3,-46,1.7779,922.25,3
241.25,0.91693,-0.15158,-0.15052,3,-46,1.7319,922.25,3
241.33,0.91693,-0.12861,-0.13912,3,-48,5.4196,925.75,3
241.5,1.1983,-0.26641,-0.03649,1,-64.5,0.49394,925.75,3
241.75,1.1983,-0.26641,-0.03649,1,-62,5.5085,923.75,3
241.85,1.1983,-0.26641,-0.03649,3,-46,1.3192,922.75,3
241.9,0.91693,-0.12861,-0.17333,3,-46,1.3238,922.75,3
242,0.89348,-0.16306,-0.17333,1,-62.5,0.20095,922.75,3
242.1,0.89348,-0.16306,-0.17333,3,-47,2.3899,921.25,3
242.15,0.89348,-0.16306,-0.17333,3,-46.5,2.4022,921.25,3
242.25,1.1866,-0.24344,-0.047893,3,-47.5,5.6957,925.25,3
242.33,1.1866,-0.24344,-0.047893,3,-47,5.7064,925.25,3
242.38,1.1866,-0.24344,-0.047893,1,-63,0.89584,925.25,3
242.5,1.0928,-0.17454,-0.10491,3,-47.5,2.6707,920.75,3
242.6,0.89348,-0.15158,-0.17333,3,-46.5,0.072097,924.25,3
242.75,0.9052,-0.15158,-0.18473,1,-62,4.9317,924.25,3
243,0.9052,-0.15158,-0.18473,3,-48,2.9897,920.25,3
243.08,0.9052,-0.15158,-0.18473,3,-48,6.1405,920.25,3
243.13,0.89348,-0.14009,-0.17333,3,-46,1.9297,921.75,3
243.18,0.91693,-0.15158,-0.16192,3,-46.5,1.9205,921.75,3
243.25,0.9052,-0.15158,-0.17333,1,-62,5.8644,923.25,3
243.35,0.9052,-0.15158,-0.17333,3,-46,0.78847,923.25,3
243.5,0.89348,-0.14009,-0.16192,1,-62.5,1.3131,924.75,3
243.6,0.89348,-0.14009,-0.16192,3,-47,5.9304,924.75,3
243.65,0.9052,-0.14009,-0.16192,3,-46,1.5463,922.25,3
243.75,0.9052,-0.15158,-0.17333,3,-46,1.537,922.25,3
243.83,0.9052,-0.15158,-0.17333,3,-47.5,5.2738,925.75,3
244,0.9521,-0.16306,-0.17333,3,-47.5,5.2631,925.75,3
244.1,0.9521,-0.16306,-0.17333,3,-47.5,5.2738,925.75,3
244.15,1.1514,-0.24344,-0.059296,3,-46,0.36355,923.75,3
244.25,0.91693,-0.15158,-0.17333,3,-46,1.1536,922.75,3
244.33,0.91693,-0.15158,-0.17333,3,-46,1.1336,922.75,3
244.35,0.91693,-0.15158,-0.15052,1,-62.5,0.082835,922.75,3
244.5,0.91693,-0.15158,-0.15052,1,-63.5,1.5002,921.25,3
244.75,0.91693,-0.15158,-0.15052,1,-63.5,0.85903,925.25,3
244.85,0.91693,-0.15158,-0.15052,3,-47,2.5955,920.75,3
244.9,0.89348,-0.12861,-0.17333,1,-64.5,5.0637,920.75,3
245,0.89348,-0.12861,-0.17333,3,-46.5,6.251,924.25,3
245.08,0.89348,-0.12861,-0.17333,1,-62,1.7748,924.25,3
245.25,0.89348,-0.12861,-0.17333,3,-48,6.0592,920.25,3
245.35,0.89348,-0.12861,-0.17333,3,-47.5,2.9222,920.25,3
245.38,0.94038,-0.12861,-0.16192,3,-48,2.913,920.25,3
245.43,0.94038,-0.12861,-0.16192,3,-46,1.8561,921.75,3
245.5,1.1163,-0.20899,-0.093505,3,-46,1.804,921.75,3
245.6,0.89348,-0.14009,-0.17333,3,-46,0.69796,923.25,3
245.75,0.92865,-0.16306,-0.18473,3,-46,0.67649,923.25,3
245.85,0.91693,-0.15158,-0.17333,3,-47,5.8061,924.75,3
245.88,0.91693,-0.15158,-0.17333,3,-47,5.8184,924.75,3
246,0.99901,-0.14009,-0.13912,3,-47,5.8092,924.75,3
246.1,0.99901,-0.14009,-0.13912,3,-46,1.4251,922.25,3
246.13,0.9052,-0.14009,-0.17333,3,-46,1.4143,922.25,3
246.25,0.9052,-0.14009,-0.17333,1,-65,0.26384,925.75,3
246.33,0.9052,-0.14009,-0.17333,3,-48,5.1649,925.75,3
246.5,0.9052,-0.14009,-0.17333,1,-62,5.2616,923.75,3
246.58,0.9052,-0.14009,-0.17333,3,-46.5,0.25464,923.75,3
246.63,0.89348,-0.15158,-0.18473,1,-62.5,6.2004,922.75,3
246.75,0.89348,-0.15158,-0.18473,3,-46,1.0232,922.75,3
246.85,0.9052,-0.12861,-0.17333,3,-46.5,2.1292,921.25,3
247,0.91693,-0.15158,-0.17333,3,-46.5,2.1307,921.25,3
247.1,0.92865,-0.15158,-0.16192,1,-64,0.70256,925.25,3
247.25,0.92865,-0.15158,-0.16192,1,-64,4.941,920.75,3
247.35,0.92865,-0.15158,-0.16192,1,-64,4.9624,920.75,3
247.5,0.92865,-0.15158,-0.16192,3,-46.5,6.1651,924.25,3
247.58,0.91693,-0.14009,-0.17333,3,-46.5,6.1881,924.25,3
247.63,0.91693,-0.14009,-0.17333,3,-46.5,6.2019,924.25,3
247.75,0.9052,-0.15158,-0.17333,3,-48,2.8931,920.25,3
247.83,0.9052,-0.15158,-0.17333,3,-48,2.8992,920.25,3
247.88,0.9052,-0.15158,-0.17333,3,-48,2.8885,920.25,3
247.93,0.91693,-0.14009,-0.16192,1,-63.5,1.0247,921.75,3
248,0.91693,-0.14009,-0.16192,3,-46,1.8254,921.75,3
248.08,0.89348,-0.12861,-0.16192,3,-46,0.68416,923.25,3
248.25,0.89348,-0.12861,-0.15052,3,-46,0.69796,923.25,3
248.33,0.89348,-0.15158,-0.17333,1,-63,4.4194,924.75,3
248.5,0.89348,-0.15158,-0.17333,1,-63,4.3918,924.75,3
248.6,0.89348,-0.15158,-0.17333,3,-46,1.3898,922.25,3
248.65,0.9052,-0.12861,-0.17333,1,-63,0.48474,922.25,3
248.75,0.9052,-0.12861,-0.17333,3,-47.5,5.1327,925.75,3
248.83,0.9052,-0.12861,-0.17333,3,-47.5,5.1419,925.75,3
249,0.98728,-0.14009,-0.15052,1,-62,5.2815,923.75,3
249.1,0.98728,-0.14009,-0.15052,3,-46,1.0063,922.75,3
249.13,0.89348,-0.15158,-0.18473,3,-46,1.017,922.75,3
249.25,0.9052,-0.17454,-0.19613,1,-62.5,6.2402,922.75,3
249.35,0.9052,-0.17454,-0.19613,1,-63.5,1.3637,921.25,3
249.5,0.9052,-0.17454,-0.19613,1,-63.5,0.7179,925.25,3
249.75,0.9052,-0.17454,-0.19613,3,-47,2.4513,920.75,3
249.83,0.89348,-0.15158,-0.19613,1,-64,1.7518,920.75,3
249.88,0.89348,-0.15158,-0.19613,3,-46.5,6.1144,924.25,3
250,0.9052,-0.14009,-0.18473,3,-46.5,6.1098,924.25,3
250.1,0.9052,-0.15158,-0.17333,3,-46.5,6.1129,924.25,3
250.25,0.91693,-0.16306,-0.19613,3,-48,2.7826,920.25,3
250.35,1.2101,-0.27789,-0.047893,3,-46,1.7242,921.75,3
250.5,0.89348,-0.16306,-0.19613,3,-46,1.7089,921.75,3
250.6,0.91693,-0.15158,-0.17333,3,-46,0.54456,923.25,3
250.63,0.91693,-0.15158,-0.17333,3,-46.5,0.48934,923.25,3
250.75,0.9052,-0.16306,-0.17333,3,-47,5.5269,924.75,3
250.85,0.96383,-0.16306,-0.17333,1,-60.5,0.948,924.75,3
251,0.96383,-0.16306,-0.17333,3,-46.5,1.1152,922.25,3
251.1,0.9052,-0.12861,-0.17333,3,-46.5,1.1198,922.25,3
251.13,0.9052,-0.12861,-0.17333,3,-48,4.8658,925.75,3
251.25,0.89348,-0.15158,-0.17333,1,-61.5,6.2694,925.75,3
251.33,0.89348,-0.15158,-0.17333,3,-47,0.013806,923.75,3
251.5,0.9052,-0.12861,-0.17333,3,-47,0.013806,923.75,3
251.6,0.9052,-0.12861,-0.17333,3,-46.5,0.80994,922.75,3
251.65,0.94038,-0.14009,-0.16192,1,-60.5,6.0178,922.75,3
251.75,0.94038,-0.14009,-0.16192,3,-47,1.8515,921.25,3
251.83,0.9052,-0.12861,-0.17333,3,-47,1.8408,921.25,3
251.88,0.9052,-0.12861,-0.17333,3,-47,1.8484,921.25,3
252,1.2921,-0.30086,-0.025087,1,-61.5,0.46633,925.25,3
252.25,1.2921,-0.30086,-0.025087,3,-47.5,2.1783,920.75,3
252.35,0.91693,-0.12861,-0.17333,3,-48,2.1721,920.75,3
252.4,0.91693,-0.15158,-0.19613,1,-60,1.4097,924.25,3
252.5,0.91693,-0.15158,-0.19613,3,-48.5,2.4881,920.25,3
252.75,0.98728,-0.12861,-0.17333,3,-48.5,2.4912,920.25,3
252.83,0.91693,-0.15158,-0.18473,1,-61.5,0.65501,921.75,3
252.88,0.91693,-0.15158,-0.18473,3,-46.5,0.33594,923.25,3
253,0.9052,-0.14009,-0.18473,3,-46.5,0.34054,923.25,3
253.1,0.91693,-0.15158,-0.19613,1,-60.5,5.4855,923.25,3
253.25,0.91693,-0.15158,-0.19613,3,-47.5,5.4932,924.75,3
253.33,0.91693,-0.15158,-0.19613,3,-47,5.5039,924.75,3
253.38,1.0342,-0.17454,-0.12771,3,-46.5,1.1167,922.25,3
253.5,0.89348,-0.15158,-0.20754,3,-46.5,1.106,922.25,3
253.6,0.9052,-0.15158,-0.19613,3,-48,4.8765,925.75,3
253.63,0.9052,-0.15158,-0.19613,3,-48,4.8796,925.75,3
253.75,0.9052,-0.15158,-0.19613,3,-48,4.8765,925.75,3
253.85,0.9052,-0.15158,-0.18473,3,-46.5,6.2464,923.75,3
253.9,0.91693,-0.15158,-0.17333,3,-46.5,6.2494,923.75,3
254,0.9052,-0.15158,-0.18473,1,-61,5.9917,922.75,3
254.1,0.9052,-0.15158,-0.18473,3,-46.5,0.76852,922.75,3
254.13,0.89348,-0.14009,-0.18473,1,-62,1.1183,921.25,3
254.25,0.89348,-0.14009,-0.18473,3,-47,1.8592,921.25,3
254.5,0.91693,-0.12861,-0.17333,1,-61.5,0.4648,925.25,3
254.6,0.91693,-0.12861,-0.17333,3,-47.5,2.1951,920.75,3
254.75,0.9052,-0.14009,-0.17333,1,-62.5,4.7109,920.75,3
254.85,0.9052,-0.14009,-0.17333,1,-60.5,1.4711,924.25,3
254.88,0.9052,-0.14009,-0.17333,3,-47,5.8629,924.25,3
255,0.88175,-0.12861,-0.17333,3,-48,2.5127,920.25,3
255.25,1.1749,-0.24344,-0.082102,1,-62,0.632,921.75,3
255.35,1.1749,-0.24344,-0.082102,3,-46.5,1.4527,921.75,3
255.4,0.89348,-0.14009,-0.19613,3,-46.5,0.30373,923.25,3
255.5,0.9052,-0.15158,-0.19613,3,-46.5,0.29913,923.25,3
255.6,0.9052,-0.15158,-0.18473,1,-61,0.92039,924.75,3
255.75,0.9052,-0.15158,-0.18473,3,-47,5.4625,924.75,3
255.83,0.9052,-0.15158,-0.18473,3,-47,5.461,924.75,3
255.88,0.97555,-0.12861,-0.17333,1,-61.5,0.12732,922.25,3
256,0.97555,-0.12861,-0.17333,3,-48,4.8152,925.75,3
256.1,0.97555,-0.14009,-0.17333,3,-48,4.8305,925.75,3
256.25,0.89348,-0.12861,-0.18473,1,-60.5,1.853,923.75,3
256.35,0.89348,-0.12861,-0.18473,3,-46.5,0.6995,922.75,3
256.5,0.89348,-0.15158,-0.19613,3,-46.5,0.68109,922.75,3
256.57,0.89348,-0.15158,-0.19613,3,-46.5,0.69489,922.75,3
256.63,0.91693,-0.14009,-0.17333,1,-62.5,1.0523,921.25,3
256.75,0.91693,-0.14009,-0.17333,1,-62,0.40957,925.25,3
256.85,0.91693,-0.14009,-0.17333,3,-47.5,5.1235,925.25,3
257,0.89348,-0.12861,-0.19613,3,-47.5,2.1292,920.75,3
257.1,0.89348,-0.12861,-0.19613,3,-47.5,2.1368,920.75,3
257.15,0.89348,-0.12861,-0.19613,3,-47.5,2.1476,920.75,3
257.25,0.89348,-0.15158,-0.18473,1,-60.5,1.3944,924.25,3
257.35,0.89348,-0.15158,-0.18473,3,-47,5.8153,924.25,3
257.38,0.9052,-0.15158,-0.19613,3,-48,2.4943,920.25,3
257.43,0.9052,-0.15158,-0.19613,3,-48,2.5019,920.25,3
257.5,0.9052,-0.15158,-0.19613,3,-48.5,2.482,920.25,3
257.6,0.91693,-0.15158,-0.18473,1,-63.5,5.0529,920.25,3
257.75,0.91693,-0.15158,-0.18473,3,-46.5,1.4803,921.75,3
257.82,0.91693,-0.15158,-0.18473,3,-46.5,1.4849,921.75,3
257.88,1.0928,-0.19751,-0.10491,3,-46.5,0.31753,923.25,3
258,0.89348,-0.12861,-0.18473,1,-60.5,5.4886,923.25,3
258.07,0.89348,-0.12861,-0.18473,3,-47,5.4656,924.75,3
258.13,0.89348,-0.12861,-0.18473,3,-47,5.4809,924.75,3
258.25,0.97555,-0.12861,-0.16192,1,-61.5,0.16567,922.25,3
258.35,0.97555,-0.12861,-0.16192,3,-46.5,1.1091,922.25,3
258.5,0.9052,-0.14009,-0.19613,1,-62,6.2142,925.75,3
258.6,0.9052,-0.14009,-0.19613,3,-46.5,6.1973,923.75,3
258.63,0.9052,-0.14009,-0.18473,3,-46.5,6.1804,923.75,3
258.75,0.91693,-0.15158,-0.19613,3,-46.5,0.6995,922.75,3
258.82,0.91693,-0.14009,-0.18473,3,-46.5,0.67955,922.75,3
259,0.91693,-0.14009,-0.18473,3,-46.5,0.69183,922.75,3
259.1,0.89348,-0.15158,-0.19613,1,-62.5,1.0707,921.25,3
259.25,0.89348,-0.15158,-0.19613,1,-62,0.43718,925.25,3
259.32,0.89348,-0.15158,-0.19613,3,-47.5,5.1511,925.25,3
259.5,0.92865,-0.14009,-0.18473,3,-47.5,2.1568,920.75,3
259.57,1.0811,-0.19751,-0.12771,3,-47.5,2.1721,920.75,3
259.63,1.0811,-0.19751,-0.12771,3,-47,5.8399,924.25,3
259.75,0.9521,-0.14009,-0.17333,1,-60.5,1.4067,924.25,3
259.85,0.9521,-0.14009,-0.17333,3,-48.5,2.4989,920.25,3
260,0.92865,-0.14009,-0.18473,3,-46.5,1.4757,921.75,3
260.1,0.88175,-0.16306,-0.20754,3,-46.5,1.4603,921.75,3
260.13,0.88175,-0.16306,-0.20754,3,-46.5,1.4742,921.75,3
260.25,1.0459,-0.16306,-0.15052,1,-60.5,5.4579,923.25,3
260.5,1.0459,-0.16306,-0.15052,3,-47,5.4625,924.75,3
260.57,0.9052,-0.14009,-0.19613,3,-47,5.4456,924.75,3
260.63,0.9052,-0.14009,-0.19613,3,-47,5.4548,924.75,3
260.75,1.0225,-0.15158,-0.16192,3,-46.5,1.0815,922.25,3
260.85,0.89348,-0.15158,-0.19613,3,-48,4.8366,925.75,3
261,1.2101,-0.26641,-0.070699,1,-62.5,6.231,925.75,3
261.07,1.2101,-0.26641,-0.070699,3,-46.5,6.2356,923.75,3
261.25,0.89348,-0.14009,-0.19613,3,-46.5,0.76085,922.75,3
261.35,0.91693,-0.16306,-0.19613,3,-46.5,0.73324,922.75,3
261.4,0.9052,-0.15158,-0.18473,3,-46.5,0.73784,922.75,3
261.5,0.9052,-0.15158,-0.18473,3,-47,1.8561,921.25,3
261.57,0.96383,-0.14009,-0.17333,3,-47,1.8362,921.25,3
261.75,0.9052,-0.15158,-0.18473,1,-61.5,0.43718,925.25,3
261.82,0.9052,-0.15158,-0.18473,3,-47.5,2.1752,920.75,3
261.88,0.9052,-0.15158,-0.18473,3,-47.5,2.1859,920.75,3
262,0.91693,-0.14009,-0.18473,1,-63,4.6986,920.75,3
262.25,0.9052,-0.12861,-0.19613,3,-47,5.8322,924.25,3
262.35,0.89348,-0.16306,-0.19613,1,-63.5,5.0836,920.25,3
262.5,0.89348,-0.16306,-0.19613,1,-62,0.66421,921.75,3
262.57,0.89348,-0.16306,-0.19613,3,-46.5,1.4757,921.75,3
262.63,0.89348,-0.16306,-0.19613,3,-46.5,1.4803,921.75,3
262.75,0.88175,-0.12861,-0.19613,1,-61,5.5162,923.25,3
262.82,0.88175,-0.12861,-0.19613,1,-61.5,0.9388,924.75,3
263,0.88175,-0.12861,-0.19613,3,-47,5.4809,924.75,3
263.07,0.88175,-0.12861,-0.19613,3,-47,5.4886,924.75,3
263.13,0.9052,-0.12861,-0.19613,1,-62,0.17181,922.25,3
263.25,0.9052,-0.12861,-0.19613,3,-46.5,1.1045,922.25,3
263.35,0.91693,-0.12861,-0.17333,3,-48,4.832,925.75,3
263.5,1.2335,-0.27789,-0.059296,3,-46.5,6.2004,923.75,3
263.6,0.88175,-0.15158,-0.19613,3,-46.5,6.1957,923.75,3
263.65,0.9052,-0.15158,-0.20754,3,-46.5,0.72097,922.75,3
263.75,0.91693,-0.15158,-0.19613,3,-46.5,0.72097,922.75,3
263.85,0.9052,-0.15158,-0.20754,1,-62.5,1.1075,921.25,3
264,0.9052,-0.15158,-0.20754,1,-62.5,1.0922,921.25,3
264.07,0.9052,-0.15158,-0.20754,3,-47.5,5.1266,925.25,3
264.25,0.9052,-0.12861,-0.20754,1,-61.5,0.41417,925.25,3
264.35,0.9052,-0.12861,-0.20754,1,-63,1.4926,920.75,3
264.5,0.9052,-0.12861,-0.20754,1,-60.5,1.399,924.25,3
264.57,0.9052,-0.12861,-0.20754,3,-46.5,5.8475,924.25,3
264.75,0.91693,-0.14009,-0.19613,1,-63.5,1.9006,920.25,3
264.82,0.91693,-0.14009,-0.19613,3,-46.5,1.4926,921.75,3
265,0.91693,-0.14009,-0.19613,3,-46.5,1.5033,921.75,3
265.13,0.91693,-0.12861,-0.18473,1,-61.5,0.63814,921.75,3
265.25,0.91693,-0.12861,-0.18473,3,-46.5,0.3252,923.25,3
265.35,0.91693,-0.16306,-0.19613,3,-47,5.484,924.75,3
265.38,0.92865,-0.15158,-0.18473,3,-47,5.484,924.75,3
265.5,0.92865,-0.12861,-0.17333,1,-61.5,0.15033,922.25,3
265.57,0.92865,-0.12861,-0.17333,3,-46.5,1.1075,922.25,3
265.75,0.92865,-0.12861,-0.18473,1,-62,6.2126,925.75,3
265.85,0.92865,-0.12861,-0.18473,1,-60.5,5.0008,923.75,3
266,0.92865,-0.12861,-0.18473,1,-60,1.8454,923.75,3
266.25,0.92865,-0.12861,-0.18473,3,-46.5,0.70717,922.75,3
266.35,0.88175,-0.12861,-0.19613,1,-61,5.9334,922.75,3
266.38,0.88175,-0.12861,-0.19613,1,-62.5,1.0584,921.25,3
266.5,0.88175,-0.12861,-0.19613,1,-62,0.41417,925.25,3
266.75,0.96383,-0.14009,-0.17333,3,-47.5,2.1445,920.75,3
266.82,0.96383,-0.14009,-0.17333,3,-47.5,2.1506,920.75,3
266.88,1.2335,-0.27789,-0.059296,3,-47,5.8077,924.25,3
267,0.89348,-0.14009,-0.19613,3,-47,5.8107,924.25,3
267.07,0.9052,-0.14009,-0.19613,1,-64,5.01,920.25,3
267.25,0.9052,-0.14009,-0.19613,3,-46.5,1.4419,921.75,3
267.35,0.9052,-0.14009,-0.19613,3,-46.5,1.4603,921.75,3
267.5,0.9521,-0.14009,-0.18473,1,-62,0.61666,921.75,3
267.6,0.9521,-0.14009,-0.18473,3,-46.5,0.30526,923.25,3
267.75,0.9052,-0.15158,-0.19613,1,-60.5,5.4778,923.25,3
267.85,0.9052,-0.15158,-0.19613,3,-47,5.4855,924.75,3
268,0.9052,-0.12861,-0.18473,3,-46.5,1.1183,922.25,3
268.07,0.91693,-0.15158,-0.20754,3,-46.5,1.1137,922.25,3
268.13,0.91693,-0.15158,-0.20754,3,-46.5,1.1198,922.25,3
268.25,0.91693,-0.15158,-0.19613,1,-62,6.2356,925.75,3
268.35,0.91693,-0.15158,-0.19613,3,-46.5,6.2433,923.75,3
268.5,0.9052,-0.12861,-0.18473,1,-60,1.8991,923.75,3
268.6,0.9052,-0.12861,-0.18473,3,-46.5,0.74245,922.75,3
268.63,0.9052,-0.14009,-0.19613,3,-46.5,0.73171,922.75,3
268.75,0.9052,-0.14009,-0.19613,3,-46.5,0.73324,922.75,3
268.85,0.91693,-0.16306,-0.19613,1,-62.5,1.0845,921.25,3
269,0.91693,-0.16306,-0.19613,1,-61.5,0.43718,925.25,3
269.25,0.89348,-0.12861,-0.19613,3,-47.5,2.1675,920.75,3
269.35,0.89348,-0.12861,-0.19613,3,-47.5,2.1752,920.75,3
269.38,0.89348,-0.12861,-0.19613,3,-47.5,2.1522,920.75,3
269.43,0.89348,-0.15158,-0.21894,1,-61,4.5206,924.25,3
269.5,0.89348,-0.15158,-0.21894,3,-47,5.8261,924.25,3
269.6,0.89348,-0.15158,-0.21894,3,-47,5.8307,924.25,3
269.65,0.9052,-0.12861,-0.19613,1,-63.5,5.0023,920.25,3
269.75,0.9052,-0.12861,-0.19613,1,-62,0.58445,921.75,3
269.85,0.9052,-0.12861,-0.19613,3,-46.5,1.4527,921.75,3
269.9,0.9052,-0.12861,-0.19613,3,-46.5,1.4742,921.75,3
270,0.94038,-0.12861,-0.19613,3,-46.5,0.316,923.25,3
270.07,0.91693,-0.14009,-0.19613,3,-46.5,0.32214,923.25,3
270.25,0.91693,-0.15158,-0.19613,3,-47,5.4778,924.75,3
270.35,0.9521,-0.12861,-0.18473,1,-62,0.11965,922.25,3
270.5,0.9521,-0.12861,-0.18473,3,-46.5,1.0907,922.25,3
270.6,0.9052,-0.14009,-0.19613,3,-48,4.8458,925.75,3
270.75,1.2101,-0.26641,-0.070699,1,-62.5,6.228,925.75,3
270.82,1.2101,-0.26641,-0.070699,3,-46.5,6.231,923.75,3
271,0.89348,-0.15158,-0.20754,3,-46.5,6.231,923.75,3
271.1,0.89348,-0.15158,-0.20754,3,-46,0.76852,922.75,3
271.15,0.9052,-0.12861,-0.19613,3,-46.5,0.75932,922.75,3
271.18,0.9052,-0.12861,-0.19613,3,-46.5,0.76699,922.75,3
271.25,0.91693,-0.15158,-0.19613,3,-47,1.8592,921.25,3
271.3,0.91693,-0.15158,-0.19613,3,-47,1.8761,921.25,3
271.5,1.0811,-0.19751,-0.13912,3,-47.5,5.1925,925.25,3
271.57,1.0811,-0.19751,-0.13912,3,-47,5.1987,925.25,3
271.63,1.1045,-0.20899,-0.10491,3,-47.5,2.2028,920.75,3
271.75,1.2101,-0.25493,-0.070699,3,-46.5,5.8675,924.25,3
271.82,0.9052,-0.15158,-0.20754,3,-46.5,5.8629,924.25,3
272,0.91693,-0.14009,-0.19613,3,-48,2.5265,920.25,3
272.25,1.2452,-0.27789,-0.047893,1,-62,0.67188,921.75,3
272.32,1.2452,-0.27789,-0.047893,1,-62.5,0.62433,921.75,3
272.53,1.2452,-0.27789,-0.047893,3,-46.5,0.32367,923.25,3
272.6,0.88175,-0.14009,-0.18473,3,-46.5,0.30833,923.25,3
272.65,0.91693,-0.12861,-0.18473,3,-47,5.4809,924.75,3
272.7,0.91693,-0.12861,-0.18473,3,-47,5.4855,924.75,3
272.75,1.1749,-0.24344,-0.059296,3,-46.5,1.0216,922.25,3
273,0.91693,-0.14009,-0.19613,3,-46.5,1.017,922.25,3
273.07,0.9052,-0.14009,-0.18473,3,-48,4.8167,925.75,3
273.25,1.1749,-0.25493,-0.082102,3,-47,6.119,923.75,3
273.32,0.9052,-0.12861,-0.19613,1,-61,1.7518,923.75,3
273.5,0.9052,-0.12861,-0.19613,3,-46.5,0.61819,922.75,3
273.57,0.9052,-0.14009,-0.18473,1,-62,5.8276,922.75,3
273.75,0.9052,-0.14009,-0.18473,1,-63,0.97408,921.25,3
273.82,0.9052,-0.14009,-0.18473,1,-62.5,0.35128,925.25,3
274,0.9052,-0.14009,-0.18473,3,-47.5,5.0944,925.25,3
274.1,0.9052,-0.12861,-0.19613,3,-47.5,2.0739,920.75,3
274.13,0.89348,-0.16306,-0.20754,3,-47.5,2.0862,920.75,3
274.25,0.89348,-0.16306,-0.20754,3,-47,2.097,920.75,3
274.32,0.92865,-0.15158,-0.19613,3,-47,5.7724,924.25,3
274.38,0.92865,-0.15158,-0.19613,3,-47,5.7831,924.25,3
274.5,0.9052,-0.15158,-0.19613,1,-64,1.8377,920.25,3
274.75,0.9052,-0.15158,-0.19613,3,-46.5,1.4389,921.75,3
274.85,0.9052,-0.15158,-0.19613,3,-46.5,1.4343,921.75,3
274.9,0.9052,-0.15158,-0.19613,3,-46.5,1.4465,921.75,3
275,1.0107,-0.14009,-0.16192,1,-61,5.4502,923.25,3
275.07,1.0107,-0.14009,-0.16192,3,-47,5.4686,924.75,3
275.13,0.87003,-0.14009,-0.18473,1,-61.5,0.90965,924.75,3
275.25,0.87003,-0.14009,-0.18473,3,-46.5,1.0815,922.25,3
275.35,0.9052,-0.12861,-0.18473,1,-62,0.15186,922.25,3
275.5,0.9052,-0.12861,-0.18473,1,-63,6.2341,925.75,3
275.6,0.9052,-0.12861,-0.18473,3,-46.5,6.1881,923.75,3
275.75,0.91693,-0.12861,-0.18473,1,-61,1.8776,923.75,3
275.85,0.91693,-0.12861,-0.18473,3,-46.5,0.69643,922.75,3
276,0.9052,-0.14009,-0.17333,3,-46.5,0.70256,922.75,3
276.07,0.94038,-0.15158,-0.18473,3,-47,1.8224,921.25,3
276.13,0.94038,-0.15158,-0.18473,3,-47,1.8331,921.25,3
276.25,1.1163,-0.20899,-0.093505,3,-47.5,5.2048,925.25,3
276.32,1.0928,-0.19751,-0.10491,3,-47.5,5.2002,925.25,3
276.5,0.9521,-0.11713,-0.15052,3,-47.5,2.1598,920.75,3
276.57,0.9521,-0.11713,-0.15052,3,-47,2.1644,920.75,3
276.75,1.2452,-0.25493,-0.03649,3,-47,5.8123,924.25,3
276.82,1.2452,-0.25493,-0.03649,3,-47,5.8276,924.25,3
277,1.0576,-0.16306,-0.13912,3,-48,2.459,920.25,3
277.1,1.2335,-0.27789,-0.047893,1,-63,0.62586,921.75,3
277.25,1.2335,-0.27789,-0.047893,1,-61.5,5.461,923.25,3
277.5,1.2335,-0.27789,-0.047893,3,-47,0.28839,923.25,3
277.6,0.89348,-0.12861,-0.19613,1,-62.5,0.91732,924.75,3
277.63,0.89348,-0.12861,-0.19613,1,-62.5,4.0574,924.75,3
277.75,0.89348,-0.12861,-0.19613,1,-62.5,0.14726,922.25,3
278,0.96383,-0.12861,-0.17333,3,-48.5,4.8504,925.75,3
278.1,0.92865,-0.14009,-0.17333,1,-61.5,4.9793,923.75,3
278.25,0.92865,-0.14009,-0.17333,3,-46.5,0.68262,922.75,3
278.32,0.9052,-0.12861,-0.19613,3,-46.5,0.67495,922.75,3
278.38,0.9052,-0.12861,-0.19613,3,-46.5,0.68569,922.75,3
278.5,0.9052,-0.12861,-0.19613,1,-63,1.0431,921.25,3
278.6,0.9052,-0.12861,-0.19613,3,-48,5.148,925.25,3
278.75,0.92865,-0.12861,-0.17333,1,-63,0.40497,925.25,3
279,0.92865,-0.12861,-0.17333,1,-63.5,4.6096,920.75,3
279.07,0.92865,-0.12861,-0.17333,1,-61.5,4.513,924.25,3
279.25,0.92865,-0.12861,-0.17333,3,-47,5.7908,924.25,3
279.35,0.9052,-0.12861,-0.18473,3,-48,2.4682,920.25,3
279.5,0.89348,-0.15158,-0.18473,3,-48,2.462,920.25,3
279.6,0.89348,-0.15158,-0.18473,3,-48,2.4743,920.25,3
279.63,1.3273,-0.30086,-0.03649,3,-46.5,1.4343,921.75,3
279.75,0.96383,-0.15158,-0.18473,1,-61,5.4809,923.25,3
279.82,0.96383,-0.15158,-0.18473,3,-46.5,0.28532,923.25,3
279.88,0.96383,-0.15158,-0.18473,3,-47,5.4702,924.75,3
280,0.9052,-0.15158,-0.18473,1,-61.5,0.93266,924.75,3
280.1,0.9052,-0.15158,-0.18473,3,-46.5,1.0661,922.25,3
280.25,0.89348,-0.12861,-0.17333,3,-46.5,1.0523,922.25,3
280.35,0.92865,-0.15158,-0.18473,1,-63,6.2479,925.75,3
280.5,0.92865,-0.15158,-0.18473,1,-63,6.2448,925.75,3
280.6,0.92865,-0.15158,-0.18473,3,-47,6.1697,923.75,3
280.63,0.88175,-0.12861,-0.19613,1,-61,1.8761,923.75,3
280.75,0.88175,-0.12861,-0.19613,3,-46.5,0.65501,922.75,3
280.85,0.9052,-0.12861,-0.19613,1,-63,1.0692,921.25,3
281,0.9052,-0.12861,-0.19613,1,-63,4.2215,921.25,3
281.25,0.9052,-0.12861,-0.19613,1,-62.5,0.46786,925.25,3
281.35,0.9052,-0.12861,-0.19613,1,-63,1.5202,920.75,3
281.5,1.1397,-0.22048,-0.10491,3,-48.5,5.6251,924.25,3
281.75,1.0811,-0.20899,-0.13912,3,-49.5,2.347,920.25,3
281.85,1.0811,-0.20899,-0.13912,1,-65.5,4.9087,920.25,3
282,1.0811,-0.20899,-0.13912,3,-47.5,1.488,921.75,3
282.1,0.89348,-0.14009,-0.19613,1,-64,0.90045,921.75,3
282.25,0.89348,-0.14009,-0.19613,1,-62.5,5.8705,923.25,3
282.35,0.89348,-0.14009,-0.19613,1,-63,4.5759,924.75,3
282.5,0.89348,-0.14009,-0.19613,1,-63.5,0.83449,922.25,3
282.75,1.0107,-0.15158,-0.16192,3,-48.5,5.2585,925.75,3
283,1.1163,-0.23196,-0.093505,3,-47,0.49854,923.75,3
283.1,0.91693,-0.14009,-0.19613,1,-64.5,5.8552,923.75,3
283.25,0.91693,-0.14009,-0.19613,3,-46.5,1.4021,922.75,3
283.35,0.91693,-0.14009,-0.19613,3,-46.5,1.4174,922.75,3
283.38,0.96383,-0.14009,-0.17333,3,-48,2.5725,921.25,3
283.5,1.1632,-0.22048,-0.070699,3,-48.5,5.9089,925.25,3
284,0.91693,-0.12861,-0.17333,3,-49,0.54303,924.25,3
284.5,0.98728,-0.12861,-0.16192,3,-49,1.2855,923.25,3
284.75,0.88175,-0.14009,-0.20754,3,-50,0.1488,924.75,3
284.85,0.88175,-0.14009,-0.20754,3,-50,0.13039,924.75,3
285.25,1.0225,-0.15158,-0.16192,3,-50.5,5.6282,925.75,3
285.35,1.0225,-0.15158,-0.16192,3,-50.5,5.642,925.75,3
285.5,0.92865,-0.12861,-0.19613,3,-49.5,0.80687,923.75,3
286,1.0694,-0.17454,-0.13912,3,-50,5.8813,925.25,3
286.5,0.9052,-0.11713,-0.19613,3,-50,0.44946,924.25,3
287,1.1045,-0.17454,-0.11631,3,-49,1.2118,923.25,3
287.25,0.92865,-0.14009,-0.20754,3,-49.5,6.2157,924.75,3
287.5,0.91693,-0.12861,-0.20754,3,-48.5,1.8592,922.25,3
287.75,0.9521,-0.11713,-0.15052,3,-50,5.6006,925.75,3
288,1.2218,-0.24344,-0.059296,3,-49,0.59672,923.75,3
288.1,1.0459,-0.15158,-0.12771,3,-50,1.1996,922.75,3
298.25,0.57689,0.73263,-0.12771,1,-57.5,5.4886,920.75,4
298.75,0.57689,0.73263,-0.12771,4,-56.5,0.30219,920.25,4
299,0.57689,0.73263,-0.12771,4,-58,0.8667,923.25,4
