0,0.58862,0.88191,0.10035,4,-56.5,5.461,923.75,1
0.25,0.58862,0.88191,0.10035,4,-56.5,4.5406,924.75,1
0.75,0.58862,0.88191,0.10035,4,-56.5,4.1479,925.25,1
1.5,0.57689,0.88191,0.088944,4,-57.5,0.81148,922.25,1
1.75,0.57689,0.88191,0.088944,1,-62,5.4011,925.75,1
2.5,0.61207,0.85894,0.11175,4,-57,5.4686,923.75,1
2.75,0.61207,0.85894,0.11175,1,-63.5,6.2663,924.75,1
3.25,0.61207,0.85894,0.11175,3,-59.5,4.1816,925.25,1
3.5,0.61207,0.85894,0.11175,4,-58.5,1.0983,921.75,1
4,0.61207,0.85894,0.11175,4,-57,0.25617,925.75,1
5,0.54171,0.90487,0.066138,4,-56.5,5.5315,923.75,1
5.075,0.54171,0.90487,0.066138,4,-56.5,4.5851,924.75,1
5.5,0.54171,0.90487,0.066138,4,-57.5,0.22089,922.75,1
5.75,0.54171,0.90487,0.066138,3,-59.5,4.3289,925.25,1
6.25,0.54171,0.90487,0.066138,1,-66,2.0463,922.25,1
7.25,0.56517,0.88191,0.077541,4,-57,5.2708,923.75,1
7.5,0.56517,0.88191,0.077541,4,-57,4.289,924.75,1
7.75,0.56517,0.88191,0.077541,4,-58,6.274,922.75,1
8.25,0.56517,0.88191,0.077541,4,-57,3.8288,925.25,1
9,0.8114,0.76708,0.20297,4,-57,4.9747,924.25,1
9.25,0.8114,0.76708,0.20297,4,-57.5,5.9887,923.25,1
9.75,0.8114,0.76708,0.20297,4,-57,5.418,923.75,1
10.5,0.75277,0.80152,0.18017,4,-57,3.95,925.25,1
10.75,0.75277,0.80152,0.18017,4,-58.5,2.0509,920.75,1
11.25,0.75277,0.80152,0.18017,4,-58,0.70563,922.25,1
11.35,0.75277,0.80152,0.18017,2,-66.5,5.0376,925.75,1
11.75,0.75277,0.80152,0.18017,4,-57,5.9733,923.25,1
12.25,0.75277,0.80152,0.18017,1,-64.5,1.0492,923.75,1
12.75,0.68242,0.82449,0.14596,4,-57.5,0.19175,922.75,1
13.25,0.68242,0.82449,0.14596,4,-58.5,2.0877,920.75,1
13.5,0.68242,0.82449,0.14596,4,-57.5,0.76085,922.25,1
13.75,0.68242,0.82449,0.14596,4,-57,3.5588,925.75,1
14,0.68242,0.82449,0.14596,4,-56.5,5.0897,924.25,1
14.5,0.62379,0.85894,0.10035,4,-56.5,5.5116,923.75,1
14.75,0.62379,0.85894,0.10035,4,-56.5,4.5667,924.75,1
15,0.62379,0.85894,0.10035,4,-57.5,0.25157,922.75,1
15.25,0.62379,0.85894,0.10035,4,-57,4.0528,925.25,1
16,0.67069,0.83597,0.14596,4,-58,0.6995,922.25,1
16.075,0.67069,0.83597,0.14596,4,-57,0.36969,925.75,1
16.25,0.67069,0.83597,0.14596,3,-59,1.7058,924.25,1
16.5,0.67069,0.83597,0.14596,1,-64.5,1.4205,923.25,1
17,0.67069,0.83597,0.14596,4,-56.5,5.3965,923.75,1
17.75,0.50654,0.90487,0.066138,4,-57.5,0.092039,922.75,1
17.85,0.50654,0.90487,0.066138,4,-57,3.8902,925.25,1
18.25,0.50654,0.90487,0.066138,1,-66,2.5449,921.75,1
18.75,0.50654,0.90487,0.066138,4,-57,0.32214,925.75,1
19,0.77622,0.79004,0.16876,4,-57,6.0025,923.25,1
19.5,0.77622,0.79004,0.16876,4,-56.5,5.4763,923.75,1
19.6,0.77622,0.79004,0.16876,4,-56.5,4.4884,924.75,1
19.75,0.77622,0.79004,0.16876,1,-67,6.1651,921.25,1
20.75,0.60034,0.84746,0.088944,4,-58,0.5507,922.25,1
21,0.60034,0.84746,0.088944,4,-57,0.13499,925.75,1
21.25,0.60034,0.84746,0.088944,1,-63.5,0.43412,924.25,1
22,0.68242,0.80152,0.15736,4,-56.5,4.2905,924.75,1
22.25,0.68242,0.80152,0.15736,4,-58.5,1.4573,921.25,1
22.5,0.68242,0.80152,0.15736,4,-57,3.8748,925.25,1
22.75,0.68242,0.80152,0.15736,4,-58.5,1.9528,920.75,1
23.5,0.57689,0.88191,0.066138,4,-54.5,3.3794,925.75,1
23.75,0.57689,0.88191,0.066138,4,-56.5,4.8888,924.25,1
23.85,0.57689,0.88191,0.066138,4,-57,5.8537,923.25,1
24.25,0.57689,0.88191,0.066138,1,-68.5,0.61206,920.25,1
24.5,0.57689,0.88191,0.066138,4,-56.5,4.3764,924.75,1
25.25,0.68242,0.82449,0.13456,4,-59,1.8914,920.75,1
26.5,0.49481,0.74411,0.48805,4,-59,6.1528,923.25,1
26.75,0.49481,0.74411,0.48805,4,-56,5.5085,923.75,1
27,0.49481,0.74411,0.48805,1,-67.5,1.0124,924.75,1
27.75,0.49481,0.74411,0.48805,4,-68.5,5.191,920.75,1
99.525,0.58862,-0.34679,0.97838,4,-58.5,0.70717,923.25,3
101.25,0.78795,0.80152,0.25999,3,-66.5,1.0492,922.25,1
103.75,0.63552,0.81301,0.16876,1,-66,5.8813,925.75,1
104.25,0.63552,0.81301,0.16876,3,-64.5,0.55837,923.25,1
105.5,0.63552,0.81301,0.16876,3,-68,4.8781,920.75,1
107,0.70587,0.77856,0.18017,4,-57.5,6.1773,923.75,1
108,0.70587,0.77856,0.18017,4,-57,4.6817,925.25,1
108.78,0.70587,0.77856,0.18017,4,-57,5.5929,924.25,1
109.53,0.70587,0.77856,0.18017,3,-64.5,0.13499,923.75,1
111.25,0.64724,0.80152,0.14596,4,-56.5,4.1126,925.75,1
111.75,0.64724,0.80152,0.14596,3,-65,0.31753,923.25,1
113.25,0.64724,0.80152,0.14596,3,-67,4.2046,921.75,1
113.75,0.64724,0.80152,0.14596,4,-56.5,3.9055,925.75,1
114.5,0.64724,0.80152,0.14596,4,-57,5.8936,923.75,1
115.25,0.72932,0.79004,0.16876,4,-56.5,4.4117,925.25,1
116,0.72932,0.79004,0.16876,1,-66,5.5776,925.75,1
117,0.89348,0.72114,0.22578,4,-56.5,4.8382,924.75,1
117.5,0.89348,0.72114,0.22578,4,-56.5,4.3887,925.25,1
118.5,0.89348,0.72114,0.22578,4,-56.5,3.7659,925.75,1
119.5,0.75277,0.75559,0.18017,4,-56.5,4.7538,924.75,1
120,0.75277,0.75559,0.18017,4,-56.5,4.3335,925.25,1
120.75,0.75277,0.75559,0.18017,3,-66.5,1.037,922.25,1
122,0.8114,0.74411,0.20297,4,-57,1.5294,924.75,1
123.75,0.68242,0.79004,0.13456,4,-57,5.8061,923.25,1
124.25,0.68242,0.79004,0.13456,4,-56,5.306,923.75,1
124.5,0.68242,0.79004,0.13456,1,-67.5,5.6941,921.25,1
125,0.68242,0.79004,0.13456,4,-56,0.41878,925.25,1
126,0.70587,0.79004,0.13456,4,-56,4.6449,924.25,1
126.5,0.70587,0.79004,0.13456,4,-56.5,5.0621,923.75,1
127,0.70587,0.79004,0.13456,4,-58.5,1.2164,921.25,1
127.5,0.70587,0.79004,0.13456,1,-61.5,5.6282,925.25,4
129.25,0.61207,0.76708,0.13456,1,-55.5,1.8699,924.75,4
129.75,0.61207,0.76708,0.13456,4,-68,0.29299,925.25,4
131,0.48309,0.87042,0.043332,2,-67,1.2379,923.25,4
132,0.48309,0.87042,0.043332,2,-56.5,4.6771,921.25,4
132.75,0.57689,0.79004,0.22578,2,-53,5.2477,922.25,4
135.75,0.40101,0.91636,0.21438,2,-56,1.5539,924.25,2
136.75,0.74105,0.80152,0.16876,2,-56.5,5.5193,922.75,2
137.25,0.74105,0.80152,0.16876,2,-58.5,5.9749,920.75,2
138.28,0.74105,0.80152,0.16876,2,-57,5.484,923.25,2
140.25,0.54171,0.89339,0.14596,2,-59,5.8813,922.25,2
142,0.54171,0.89339,0.14596,2,-57.5,1.6322,925.25,2
143,0.54171,0.89339,0.14596,2,-57.5,5.2278,924.25,2
144.25,0.54171,0.89339,0.14596,2,-59,5.731,922.75,2
146.5,0.56517,0.88191,0.15736,2,-60,0.25771,921.25,2
149.25,0.56517,0.88191,0.15736,2,-57,4.9486,925.25,2
150.25,0.56517,0.88191,0.15736,2,-56.5,3.9837,925.75,2
151.75,0.56517,0.88191,0.15736,2,-57,5.3183,925.25,2
152.75,0.56517,0.88191,0.15736,2,-57.5,5.8445,924.25,2
154,0.56517,0.88191,0.15736,2,-58.5,6.1605,922.75,2
155.25,0.56517,0.88191,0.15736,2,-58,5.5898,924.25,2
158.03,0.57689,0.89339,0.11175,2,-59.5,0.58905,920.25,2
158.75,0.57689,0.89339,0.11175,2,-59.5,0.25157,921.25,2
160,0.57689,0.89339,0.11175,2,-56.5,1.6552,925.75,2
161.25,0.57689,0.89339,0.11175,2,-59,5.8751,922.75,2
163.25,0.55344,0.88191,0.11175,2,-56,4.648,924.75,2
164,0.55344,0.88191,0.11175,2,-56.5,4.6019,925.25,2
164.75,0.55344,0.88191,0.11175,2,-57,4.8612,925.75,2
165.5,0.55344,0.88191,0.11175,2,-57.5,5.7248,923.75,2
166.25,0.55344,0.88191,0.11175,2,-58,5.9488,922.75,2
166.75,0.55344,0.88191,0.11175,2,-59,6.2387,921.75,2
168.25,0.55344,0.85894,0.12315,2,-59,0.2255,921.25,2
169,0.55344,0.85894,0.12315,2,-59,0.37736,920.75,2
169.75,0.55344,0.85894,0.12315,2,-57,5.4487,924.25,2
170.5,0.55344,0.85894,0.12315,2,-56.5,5.2293,924.75,2
171.25,0.55344,0.85894,0.12315,2,-56.5,4.9578,925.25,2
172,0.55344,0.85894,0.12315,2,-56.5,4.6878,925.75,2
172.75,0.55344,0.85894,0.12315,2,-60,0.39577,920.25,2
174.75,0.55344,0.89339,0.12315,2,-57,5.3367,924.25,2
175.5,0.55344,0.89339,0.12315,2,-57,5.1174,924.75,2
176,0.55344,0.89339,0.12315,2,-56.5,4.9732,925.25,2
178.5,0.60034,0.87042,0.13456,2,-57,4.9793,925.25,2
179.25,0.60034,0.87042,0.13456,2,-56.5,4.7538,925.75,2
179.75,0.60034,0.87042,0.13456,2,-57.5,5.7325,923.25,2
180.25,0.60034,0.87042,0.13456,2,-56.5,5.1235,924.75,2
181,0.60034,0.87042,0.13456,2,-56,4.9839,925.25,2
181.5,0.60034,0.87042,0.13456,2,-58.5,0.021476,921.75,2
182.75,0.56517,0.85894,0.14596,2,-56,5.1128,924.75,2
183.25,0.56517,0.85894,0.14596,2,-56.5,4.8474,925.25,2
183.75,0.56517,0.85894,0.14596,2,-58.5,6.2203,921.75,2
184.25,0.56517,0.85894,0.14596,2,-56.5,5.2953,924.25,2
185,0.56517,0.85894,0.14596,2,-57,5.4886,923.75,2
186.25,0.64724,0.84746,0.19157,2,-58,6.0516,922.25,2
187.03,0.64724,0.84746,0.19157,2,-56.5,5.2999,924.25,2
187.53,0.64724,0.84746,0.19157,2,-56.5,5.122,924.75,2
189.5,0.65897,0.83597,0.16876,2,-59.5,0.43105,920.25,2
190.5,0.65897,0.83597,0.16876,2,-57.5,5.9564,922.75,2
191,0.65897,0.83597,0.16876,2,-59,6.2126,921.75,2
191.75,0.65897,0.83597,0.16876,2,-57,5.3244,924.25,2
192.5,0.65897,0.83597,0.16876,2,-56.5,5.0499,924.75,2
194,0.62379,0.84746,0.13456,2,-57.5,5.2677,924.25,2
194.5,0.62379,0.84746,0.13456,2,-57,5.6358,923.25,2
195,0.62379,0.84746,0.13456,2,-56,4.9931,924.75,2
195.5,0.62379,0.84746,0.13456,2,-56,4.8689,925.25,2
196.03,0.62379,0.84746,0.13456,2,-58,6.1865,922.25,2
197.5,0.67069,0.85894,0.16876,2,-60,0.13039,921.25,2
199,0.67069,0.85894,0.16876,2,-57,5.418,924.25,2
201,0.62379,0.82449,0.18017,2,-58,0.044485,921.75,2
201.25,0.62379,0.82449,0.18017,2,-56,4.671,925.75,2
201.75,0.62379,0.82449,0.18017,2,-57,5.7908,923.25,2
202.25,0.62379,0.82449,0.18017,2,-56,5.1726,924.75,2
208.5,0.77622,0.76708,0.23718,2,-57,4.8136,925.75,2
209.5,0.77622,0.76708,0.23718,2,-57,5.2155,924.75,2
210.75,0.77622,0.76708,0.23718,2,-59,6.1375,922.25,2
211.25,0.77622,0.76708,0.23718,2,-58,5.5776,923.25,2
213.5,0.47136,0.91636,0.066138,2,-54.5,4.5943,925.75,2
216.78,0.51826,0.90487,0.12315,2,-57.5,5.1542,924.75,2
218.25,0.51826,0.90487,0.12315,2,-57,4.8965,925.75,2
221.25,0.51826,0.90487,0.12315,2,-61.5,0.46173,920.25,2
226.53,0.75277,0.80152,0.22578,2,-57.5,5.2953,924.75,2
228,0.75277,0.80152,0.22578,2,-57.5,4.7431,925.75,2
231.5,0.75277,0.80152,0.22578,2,-61,0.12732,921.25,2
233.75,0.75277,0.80152,0.22578,2,-57.5,5.3551,924.75,2
239.25,-0.0093803,1.0656,0.25999,2,-50.5,4.9164,922.75,4
239.28,0.0023451,0.65224,0.15736,2,-47,5.6619,925.25,4
239.5,0.38928,0.97377,0.13456,2,-51.5,5.9058,920.75,4
239.58,0.38928,0.97377,0.13456,3,-68.5,0.39884,920.75,4
240.25,0.41273,0.99674,0.088944,2,-56.5,4.1003,925.75,4
315,0.43619,0.35368,0.94417,3,-58.5,2.1,925.25,3
319.75,0.43619,0.35368,0.94417,4,-61.5,3.4699,925.25,3
326.25,0.61207,-0.33531,0.97838,3,-59,2.3317,924.75,3
328,0.61207,-0.33531,0.97838,4,-60.5,4.4041,924.25,3
