0,0.75277,0.81301,0.066138,1,-59,4.7569,921.75,1
0.5,0.75277,0.81301,0.066138,1,-61.5,5.1557,924.75,1
1.25,0.75277,0.81301,0.066138,1,-59.5,0.69336,922.75,1
1.5,0.75277,0.81301,0.066138,1,-58.5,1.9788,921.25,1
2.25,0.75277,0.81301,0.066138,1,-60.5,5.5361,924.25,1
2.5,0.75277,0.81301,0.066138,1,-59.5,1.5463,921.75,1
3.75,0.60034,0.88191,-0.013684,4,-58.5,0.10891,921.25,1
4.5,0.60034,0.88191,-0.013684,3,-68,4.335,924.25,1
5.5,0.60034,0.88191,-0.013684,1,-59,1.0431,922.25,1
6.25,0.60034,0.88191,-0.013684,1,-59,2.0172,921.25,1
7.25,0.55344,0.89339,-0.025087,1,-59,1.4987,921.75,1
7.75,0.55344,0.89339,-0.025087,1,-59,1.0477,922.25,1
8.5,0.55344,0.89339,-0.025087,1,-59.5,0.5645,922.75,1
9,0.55344,0.89339,-0.025087,1,-59,5.418,920.75,1
9.75,0.55344,0.89339,-0.025087,4,-58.5,5.9948,921.75,1
10.25,0.55344,0.89339,-0.025087,4,-58,5.4533,922.25,1
11,0.55344,0.89339,-0.025087,1,-60.5,0.59518,922.75,1
12.25,0.67069,0.85894,0.020525,1,-60,1.4588,921.75,1
13,0.67069,0.85894,0.020525,1,-59.5,0.98482,922.25,1
14,0.67069,0.85894,0.020525,1,-62,2.301,920.75,1
15,0.67069,0.85894,0.020525,4,-59.5,1.1137,923.25,1
15.75,0.67069,0.85894,0.020525,1,-61,6.0454,923.75,1
16.75,0.64724,0.83597,0.020525,4,-58,5.8659,924.25,1
17,0.64724,0.83597,0.020525,4,-57,4.9931,921.75,1
17.5,0.64724,0.83597,0.020525,1,-66.5,1.6981,924.75,1
18.25,0.64724,0.83597,0.020525,1,-60.5,0.69489,922.75,1
18.75,0.64724,0.83597,0.020525,4,-57.5,0.95107,920.75,1
19.25,0.64724,0.83597,0.020525,1,-61,2.5725,920.25,1
19.75,0.64724,0.83597,0.020525,4,-57.5,1.3821,923.25,1
21,0.64724,0.84746,0.043332,1,-61.5,4.967,921.25,1
21.5,0.64724,0.84746,0.043332,1,-61.5,5.3214,924.25,1
22.25,0.64724,0.84746,0.043332,1,-61.5,6.1681,923.25,1
23,0.64724,0.84746,0.043332,1,-61.5,5.7923,923.75,1
23.5,0.64724,0.84746,0.043332,1,-60,1.7871,921.25,1
24.5,0.56517,0.89339,0.0091224,1,-62,1.3514,921.75,1
25.5,0.56517,0.89339,0.0091224,4,-58.5,0.80227,923.75,1
25.75,0.56517,0.89339,0.0091224,4,-58,0.090505,921.25,1
26.5,0.56517,0.89339,0.0091224,1,-63.5,5.2217,924.25,1
27,0.56517,0.89339,0.0091224,1,-62,6.1635,923.25,1
29,0.63552,0.87042,0.066138,4,-58,1.0677,920.25,1
29.5,0.63552,0.87042,0.066138,1,-62,6.047,923.25,1
30.5,0.63552,0.87042,0.066138,1,-62,2.5617,923.75,1
31,0.63552,0.87042,0.066138,1,-61,2.1292,920.75,1
31.75,0.63552,0.87042,0.066138,4,-57.5,5.823,921.75,1
32,0.63552,0.87042,0.066138,1,-61.5,6.0868,923.25,1
33,0.63552,0.87042,0.066138,4,-58.5,1.6368,922.75,1
34.25,0.56517,0.90487,-0.0022806,1,-61.5,1.1796,921.75,1
35,0.56517,0.90487,-0.0022806,4,-58.5,0.74551,923.75,1
35.5,0.56517,0.90487,-0.0022806,1,-61.5,1.4189,921.25,1
36.25,0.56517,0.90487,-0.0022806,4,-58,1.0078,920.25,1
36.75,0.56517,0.90487,-0.0022806,1,-62,6.0546,923.25,1
37.75,0.56517,0.90487,-0.0022806,1,-62,5.6128,923.75,1
39,0.55344,0.89339,-0.013684,4,-58,5.7156,921.75,1
39.75,0.55344,0.89339,-0.013684,4,-58,5.1879,922.25,1
40.25,0.55344,0.89339,-0.013684,1,-61.5,0.20709,922.75,1
41,0.55344,0.89339,-0.013684,1,-62.5,5.2247,924.25,1
41.75,0.55344,0.89339,-0.013684,1,-61.5,6.0868,923.25,1
43.25,0.57689,0.89339,-0.0022806,1,-61,1.9313,920.75,1
44,0.57689,0.89339,-0.0022806,4,-57.5,5.8245,921.75,1
44.25,0.57689,0.89339,-0.0022806,1,-65,0.74551,924.75,1
45.25,0.57689,0.89339,-0.0022806,4,-58,6.139,922.75,1
45.5,0.57689,0.89339,-0.0022806,4,-58,1.8761,921.25,1
46.5,0.57689,0.89339,-0.0022806,1,-58.5,5.507,923.25,1
47.25,1.1866,-0.048229,0.27139,3,-58,0.36202,925.75,3
47.5,1.1866,-0.048229,0.27139,1,-68,5.8475,923.75,3
47.6,1.1866,-0.048229,0.27139,3,-49,6.0147,922.75,3
48,0.88175,-0.24344,-0.28736,3,-50.5,4.197,925.25,3
48.1,1.257,-0.32383,-0.13912,3,-51.5,4.1632,925.25,3
48.5,0.97555,-0.24344,-0.27595,3,-50,1.2456,920.25,3
48.75,0.9052,-0.22048,-0.29876,3,-49.5,0.17948,921.75,3
49,1.1983,-0.30086,-0.19613,3,-49,5.3444,923.25,3
49.1,1.1983,-0.30086,-0.19613,3,-49,5.3321,923.25,3
49.25,1.0342,-0.24344,-0.26455,3,-50.5,4.2829,924.75,3
49.35,1.0342,-0.24344,-0.26455,3,-50.5,4.2951,924.75,3
49.75,0.9521,-0.19751,-0.29876,3,-49.5,4.9578,923.75,3
50,0.9521,-0.19751,-0.32157,3,-48.5,5.7018,922.75,3
50.25,1.0342,-0.24344,-0.26455,3,-49.5,0.52309,921.25,3
50.5,1.0576,-0.27789,-0.25315,3,-50.5,3.9301,925.25,3
50.6,1.0576,-0.27789,-0.25315,3,-50.5,3.9147,925.25,3
51.25,0.9052,-0.22048,-0.35577,3,-49,0.10278,921.75,3
51.35,1.2452,-0.36976,-0.20754,3,-48.5,5.2033,923.25,3
51.5,1.1632,-0.33531,-0.21894,3,-49.5,4.1602,924.75,3
51.75,1.1632,-0.33531,-0.21894,3,-49.5,4.1203,924.75,3
51.85,0.8583,-0.22048,-0.35577,1,-69,0.21169,924.75,3
52,0.8583,-0.22048,-0.35577,3,-49,5.8828,922.25,3
52.1,0.89348,-0.20899,-0.34437,3,-50.5,3.5021,925.75,3
52.25,0.89348,-0.20899,-0.34437,3,-48.5,4.7814,923.75,3
52.325,0.88175,-0.22048,-0.33297,3,-48.5,5.4932,922.75,3
52.5,1.0342,-0.25493,-0.29876,1,-65,5.3014,922.75,3
52.75,1.0342,-0.25493,-0.29876,1,-65,0.52155,921.25,3
53,1.0342,-0.25493,-0.29876,3,-50.5,3.7613,925.25,3
53.075,0.88175,-0.20899,-0.33297,3,-49.5,0.74551,920.75,3
53.125,0.88175,-0.20899,-0.33297,1,-65,1.0063,920.75,3
53.25,0.88175,-0.20899,-0.33297,3,-49,4.4455,924.25,3
53.5,0.83485,-0.20899,-0.33297,3,-49.5,1.0861,920.25,3
53.575,0.83485,-0.20899,-0.33297,1,-65,4.5973,920.25,3
53.75,0.84658,-0.20899,-0.36718,3,-48.5,5.1388,923.25,3
54,0.88175,-0.22048,-0.34437,3,-48.5,5.1342,923.25,3
54.075,1.1514,-0.33531,-0.24174,3,-50,4.1049,924.75,3
54.25,1.1514,-0.33531,-0.24174,3,-48.5,5.892,922.25,3
54.35,0.84658,-0.22048,-0.35577,3,-48.5,5.8997,922.25,3
54.5,1.0928,-0.28938,-0.25315,3,-50.5,3.8595,925.75,3
54.75,0.92865,-0.20899,-0.37858,3,-50.5,6.1681,923.75,3
55.75,1.0107,0.11254,-0.13912,1,-67,6.1344,924.25,3
56.75,0.87003,-0.094162,-0.19613,3,-51.5,5.4656,922.25,3
57.5,1.1866,-0.16306,-0.070699,1,-60,0.81454,922.75,3
57.6,1.1866,-0.16306,-0.070699,1,-58.5,5.2431,921.25,3
57.75,1.1866,-0.16306,-0.070699,1,-62.5,4.7814,925.25,3
58,1.1866,-0.16306,-0.070699,1,-58.5,5.6543,920.75,3
58.25,0.97555,-0.082679,-0.16192,1,-58.5,6.0914,920.25,3
58.5,0.94038,-0.082679,-0.17333,1,-58,4.7109,921.75,3
59,1.1514,-0.17454,-0.082102,1,-61.5,5.1419,924.75,3
59.25,1.1514,-0.17454,-0.082102,1,-58.5,4.2982,922.25,3
60,1.2687,-0.27789,-0.013684,1,-59.5,5.1971,921.25,3
60.5,1.1045,-0.094162,-0.12771,1,-62.5,5.6604,924.25,3
60.75,1.1045,-0.094162,-0.12771,1,-59,6.1574,920.25,3
61,0.9052,-0.12861,-0.20754,3,-51,5.8813,921.75,3
61.25,0.9521,-0.10565,-0.18473,1,-59.5,0.16567,923.25,3
62,1.1632,-0.19751,-0.093505,1,-60.5,5.9196,923.75,3
62.25,1.2335,-0.23196,-0.047893,3,-51.5,6.0516,921.25,3
62.5,1.2335,-0.23196,-0.047893,3,-51,6.0945,921.25,3
62.75,1.1514,-0.18603,-0.093505,1,-58,5.5285,920.75,3
63,0.99901,-0.10565,-0.17333,1,-61,5.4226,924.25,3
63.25,0.9052,-0.10565,-0.19613,3,-51,5.7601,921.75,3
63.5,0.9052,-0.10565,-0.19613,3,-51,5.7632,921.75,3
63.6,0.9052,-0.10565,-0.19613,1,-58,1.468,921.75,3
64.25,1.2452,-0.23196,-0.03649,3,-52,4.6173,923.75,3
64.5,1.2452,-0.23196,-0.03649,1,-60,5.869,923.75,3
64.6,1.2452,-0.23196,-0.03649,1,-59,0.54303,922.75,3
65,1.1163,-0.17454,-0.11631,1,-57.5,5.0407,921.25,3
65.1,1.1163,-0.17454,-0.11631,1,-62.5,1.445,925.25,3
65.25,1.1163,-0.17454,-0.11631,1,-58,5.487,920.75,3
65.5,1.0342,-0.14009,-0.15052,1,-58.5,5.9503,920.25,3
65.75,1.0342,-0.14009,-0.15052,1,-58,5.9549,920.25,3
66,1.0342,-0.14009,-0.15052,3,-51,5.7678,921.75,3
66.075,1.0342,-0.14009,-0.15052,1,-58,4.5943,921.75,3
66.25,1.1983,-0.20899,-0.070699,1,-58.5,0.98482,922.25,3
66.5,1.1983,-0.20899,-0.070699,1,-59,0.97101,922.25,3
67,1.0694,-0.14009,-0.12771,1,-60,5.8613,923.75,3
67.1,1.0694,-0.14009,-0.12771,1,-59,0.50315,922.75,3
68,1.2687,-0.24344,-0.047893,1,-58.5,5.8276,920.25,3
68.25,1.2687,-0.24344,-0.047893,1,-58,4.493,921.75,3
68.75,0.96383,-0.094162,-0.19613,1,-62,4.9271,924.75,3
69.75,1.1632,-0.20899,-0.093505,1,-58.5,1.8577,921.25,3
70.75,0.91693,-0.094162,-0.19613,1,-58,1.379,921.75,3
71,1.3273,-0.26641,-0.025087,1,-62,4.898,924.75,3
71.25,1.3273,-0.26641,-0.025087,1,-58.5,4.0804,922.25,3
71.5,1.3273,-0.26641,-0.025087,1,-64,4.1157,925.75,3
72.5,1.0928,-0.15158,-0.13912,1,-62,1.3683,925.25,3
72.6,1.0928,-0.15158,-0.13912,1,-58,5.4104,920.75,3
73.25,1.3625,-0.27789,-0.025087,1,-58.5,1.4373,921.75,3
73.5,1.2218,-0.22048,-0.059296,1,-61.5,4.9747,924.75,3
73.75,1.2218,-0.22048,-0.059296,1,-58.5,0.99862,922.25,3
74.75,1.0107,-0.12861,-0.17333,1,-58,5.0407,921.25,3
75,1.0107,-0.12861,-0.17333,1,-58,5.4732,920.75,3
75.1,1.0107,-0.12861,-0.17333,1,-58.5,5.4732,920.75,3
75.25,1.0107,-0.10565,-0.17333,1,-58.5,5.915,920.25,3
75.75,1.128,-0.18603,-0.10491,1,-59.5,0.010738,923.25,3
76.25,0.92865,-0.10565,-0.19613,1,-58.5,0.948,922.25,3
76.5,0.92865,-0.10565,-0.19613,1,-60,5.8046,923.75,3
76.75,0.97555,-0.094162,-0.18473,1,-59,0.49701,922.75,3
77,0.97555,-0.094162,-0.18473,1,-58,1.8929,921.25,3
77.25,0.97555,-0.094162,-0.18473,1,-62,1.445,925.25,3
77.5,1.0342,-0.11713,-0.16192,1,-60.5,5.3904,924.25,3
78,1.1163,-0.16306,-0.10491,1,-58,4.5713,921.75,3
79.25,1.0811,-0.16306,-0.11631,1,-59.5,0.51235,922.75,3
79.5,1.3156,-0.28938,-0.025087,1,-59,5.1051,921.25,3
79.75,1.3156,-0.28938,-0.025087,1,-59,5.5515,920.75,3
80.75,1.1045,-0.16306,-0.11631,3,-51.5,4.786,923.25,3
80.825,1.1045,-0.16306,-0.11631,1,-62,1.8561,924.75,3
81.75,1.2921,-0.25493,-0.03649,1,-58,4.9977,921.25,3
82,1.2921,-0.25493,-0.03649,1,-62.5,1.4588,925.25,3
82.5,0.92865,-0.10565,-0.19613,1,-61,5.4057,924.25,3
82.75,0.92865,-0.10565,-0.19613,1,-58,5.8997,920.25,3
83.25,0.97555,-0.10565,-0.18473,1,-61.5,4.9885,924.75,3
83.5,0.97555,-0.10565,-0.18473,1,-58.5,0.96334,922.25,3
84,1.0459,-0.12861,-0.15052,1,-59,0.44946,922.75,3
84.75,1.128,-0.16306,-0.11631,1,-58,5.4196,920.75,3
84.85,1.128,-0.16306,-0.11631,1,-60.5,5.372,924.25,3
85,1.128,-0.16306,-0.11631,1,-58,5.8859,920.25,3
85.75,1.128,-0.14009,-0.11631,3,-51,5.4702,922.25,3
86,1.128,-0.14009,-0.11631,1,-60.5,4.5452,922.25,3
86.25,1.0342,0.15847,-0.10491,3,-56.5,5.2585,923.75,3
86.5,1.0342,0.15847,-0.10491,4,-66,0.3068,922.75,1
87.25,1.1632,0.14698,0.46524,1,-59.5,5.3827,920.75,1
87.75,1.1632,0.14698,0.46524,4,-57.5,5.777,921.75,1
88,1.1632,0.14698,0.46524,4,-58,6.0485,923.25,1
88.25,1.1632,0.14698,0.46524,3,-56.5,4.6602,922.25,1
89.25,0.61207,0.87042,0.031928,1,-64,1.3698,921.25,1
90.75,0.61207,0.87042,0.031928,1,-63,0.12272,922.25,1
92.5,0.61207,0.87042,0.031928,1,-63,4.5636,920.25,1
95,0.61207,0.87042,0.031928,1,-63.5,0.3114,921.75,1
96.75,0.61207,0.87042,0.031928,1,-63,1.0983,920.75,1
100.5,0.57689,0.89339,0.077541,1,-63.5,0.065961,922.25,1
101.75,0.57689,0.89339,0.077541,4,-57.5,4.7139,920.75,1
102,0.57689,0.89339,0.077541,4,-59.5,0.064427,924.25,1
102.25,0.57689,0.89339,0.077541,3,-59,4.0727,921.75,1
102.5,0.57689,0.89339,0.077541,4,-59,6.1114,923.25,1
103,0.57689,0.89339,0.077541,4,-58.5,1.9282,922.25,1
103.25,0.57689,0.89339,0.077541,4,-59,4.7876,923.75,1
103.75,0.35411,1.0082,-0.025087,4,-57.5,1.0109,921.25,1
104.25,0.35411,1.0082,-0.025087,4,-58,1.1029,920.75,1
104.5,0.35411,1.0082,-0.025087,4,-58,1.2441,920.25,1
104.75,0.35411,1.0082,-0.025087,1,-60,0.41417,921.75,1
105,0.35411,1.0082,-0.025087,1,-59.5,5.6619,923.25,1
105.5,0.35411,1.0082,-0.025087,1,-59.5,6.1068,922.25,1
106,0.35411,1.0082,-0.025087,1,-59.5,5.8123,922.75,1
106.25,0.35411,1.0082,-0.025087,4,-58.5,5.8721,921.25,1
107,0.45964,0.89339,0.0091224,1,-60.5,4.5713,924.25,1
107.25,0.45964,0.89339,0.0091224,1,-60,0.15647,921.75,1
107.5,0.45964,0.89339,0.0091224,4,-61,5.9549,924.75,1
108.25,0.45964,0.89339,0.0091224,4,-60,1.2134,923.75,1
108.5,0.45964,0.89339,0.0091224,4,-59,5.6957,922.75,1
109,0.45964,0.89339,0.0091224,3,-61.5,0.4694,920.75,1
109.5,0.45964,0.89339,0.0091224,4,-58.5,5.0545,920.25,1
109.75,0.45964,0.89339,0.0091224,1,-59.5,0.76852,921.75,1
110.25,0.45964,0.89339,0.0091224,4,-60.5,0.80841,924.75,1
111,0.54171,0.90487,0.031928,1,-59.5,1.1888,921.25,1
111.5,0.54171,0.90487,0.031928,1,-59,1.4711,920.75,1
112,0.54171,0.90487,0.031928,1,-60,5.0023,920.25,1
112.25,0.54171,0.90487,0.031928,4,-59,1.9113,923.25,1
112.75,0.54171,0.90487,0.031928,4,-59,6.0255,922.25,1
113.5,0.69414,0.84746,0.077541,4,-58.5,0.73631,921.25,1
114,0.69414,0.84746,0.077541,4,-58.5,0.76085,920.75,1
114.25,0.69414,0.84746,0.077541,1,-60.5,4.6464,924.25,1
114.5,0.69414,0.84746,0.077541,1,-60.5,6.0377,921.75,1
115,0.69414,0.84746,0.077541,4,-61,4.832,924.75,1
115.25,0.69414,0.84746,0.077541,3,-59.5,5.7831,922.25,1
116,0.44791,0.93932,-0.059296,3,-61.5,6.2004,921.25,1
116.5,0.44791,0.93932,-0.059296,3,-62,4.5053,924.25,1
117,0.44791,0.93932,-0.059296,4,-59,6.0009,921.75,1
117.25,0.44791,0.93932,-0.059296,1,-60.5,4.2277,924.75,1
118,0.44791,0.93932,-0.059296,1,-60.5,4.6019,923.75,1
118.25,0.44791,0.93932,-0.059296,3,-59.5,0.43412,921.25,1
119.25,0.60034,0.89339,0.020525,4,-59.5,6.0285,921.75,1
119.75,0.60034,0.89339,0.020525,1,-61,3.9132,924.75,1
120.5,0.60034,0.89339,0.020525,4,-60.5,1.0968,923.75,1
120.75,0.60034,0.89339,0.020525,4,-59.5,0.32367,921.25,1
121.25,0.60034,0.89339,0.020525,3,-59,0.61973,920.75,1
121.75,0.60034,0.89339,0.020525,4,-58,0.80381,920.25,1
122,0.60034,0.89339,0.020525,4,-58.5,5.5009,921.75,1
123,0.67069,0.85894,0.020525,4,-60.5,0.61666,923.75,1
123.25,0.67069,0.85894,0.020525,4,-58.5,6.2709,921.25,1
123.75,0.67069,0.85894,0.020525,4,-59,0.49548,920.75,1
124,0.67069,0.85894,0.020525,4,-58,0.80227,920.25,1
124.25,0.67069,0.85894,0.020525,4,-58.5,5.5039,921.75,1
125.25,0.7176,0.84746,0.054735,4,-60,0.51235,923.75,1
125.5,0.7176,0.84746,0.054735,1,-61,5.5745,922.75,1
126.25,0.7176,0.84746,0.054735,4,-58,0.23623,920.75,1
126.5,0.7176,0.84746,0.054735,4,-58.5,0.69029,920.25,1
126.75,0.7176,0.84746,0.054735,4,-60,0.87744,923.25,1
128,0.56517,0.91636,-0.059296,4,-60,4.8673,922.75,1
128.5,0.56517,0.91636,-0.059296,4,-60,0.45406,920.75,1
129.25,0.56517,0.91636,-0.059296,4,-60,2.6645,921.75,1
129.75,0.56517,0.91636,-0.059296,4,-60,5.3091,922.25,1
130.5,0.56517,0.91636,-0.059296,4,-60,6.2111,921.25,1
131,0.56517,0.91636,-0.059296,1,-61,4.2246,924.25,1
132.25,0.55344,0.90487,-0.013684,1,-60.5,5.9074,922.25,1
133,0.55344,0.90487,-0.013684,4,-59.5,6.2004,921.25,1
133.5,0.55344,0.90487,-0.013684,1,-61,1.1305,924.25,1
134,0.55344,0.90487,-0.013684,3,-59,6.1068,921.75,1
134.5,0.55344,0.90487,-0.013684,1,-61,3.9592,924.75,1
135,0.55344,0.90487,-0.013684,1,-60.5,4.852,923.75,1
135.25,0.55344,0.90487,-0.013684,4,-58.5,5.8414,921.25,1
136.25,0.52999,0.91636,-0.025087,3,-61,0.65961,920.25,1
136.5,0.52999,0.91636,-0.025087,4,-60,1.2778,923.25,1
137,0.52999,0.91636,-0.025087,1,-60,0.11045,922.25,1
137.5,0.52999,0.91636,-0.025087,1,-59.5,5.7831,922.75,1
138,0.52999,0.91636,-0.025087,4,-58.5,6.2433,921.25,1
138.25,0.52999,0.91636,-0.025087,1,-60,0.96948,920.75,1
139,0.58862,0.87042,0.0091224,4,-59,5.6604,921.75,1
139.25,0.58862,0.87042,0.0091224,1,-61,0.23623,924.75,1
140,0.58862,0.87042,0.0091224,4,-61,6.1252,923.75,1
140.25,0.58862,0.87042,0.0091224,4,-58.5,5.3613,921.25,1
140.5,0.58862,0.87042,0.0091224,4,-58,0.069029,920.75,1
140.75,0.58862,0.87042,0.0091224,4,-59.5,0.11198,924.25,1
141.5,0.52999,0.90487,-0.013684,3,-58.5,2.0632,923.25,1
142,0.52999,0.90487,-0.013684,4,-58.5,1.5693,922.25,1
142.5,0.52999,0.90487,-0.013684,4,-57.5,4.1571,922.75,1
142.75,0.52999,0.90487,-0.013684,4,-59.5,1.9405,925.25,1
143.5,0.52999,0.90487,-0.013684,1,-61.5,0.036816,920.25,1
151,0.52999,0.90487,-0.013684,1,-61.5,5.5791,921.75,1
151.25,0.52999,0.90487,-0.013684,4,-59.5,0.62126,923.25,1
152.25,0.56517,0.90487,-0.03649,1,-60.5,4.944,922.75,1
152.5,0.56517,0.90487,-0.03649,1,-60.5,6.0838,921.25,1
153,0.56517,0.90487,-0.03649,4,-60,5.7555,924.25,1
153.25,0.56517,0.90487,-0.03649,4,-58,0.27305,920.25,1
153.5,0.56517,0.90487,-0.03649,1,-60.5,5.754,921.75,1
154.75,0.62379,0.87042,-0.0022806,4,-59,1.0446,922.75,1
155,0.62379,0.87042,-0.0022806,4,-58,5.5116,921.25,1
155.25,0.62379,0.87042,-0.0022806,1,-60,0.19788,920.75,1
155.75,0.62379,0.87042,-0.0022806,1,-60.5,0.35588,920.25,1
156,0.62379,0.87042,-0.0022806,3,-59,5.8414,921.75,1
156.5,0.62379,0.87042,-0.0022806,1,-60.5,5.2355,922.25,1
157.25,0.62379,0.87042,-0.0022806,4,-60.5,0.86056,922.75,1
157.75,0.56517,0.89339,-0.03649,1,-59.5,6.2663,920.75,1
158.25,0.56517,0.89339,-0.03649,3,-59.5,0.42184,920.25,1
158.5,0.56517,0.89339,-0.03649,1,-60.5,5.4487,921.75,1
159,0.56517,0.89339,-0.03649,3,-59.5,5.3106,922.25,1
159.5,0.56517,0.89339,-0.03649,1,-60,4.8857,922.75,1
160.5,0.58862,0.87042,-0.013684,4,-58.5,0.41724,920.25,1
160.75,0.58862,0.87042,-0.013684,4,-58.5,5.0882,921.75,1
161,0.58862,0.87042,-0.013684,4,-60,0.46173,923.25,1
161.5,0.58862,0.87042,-0.013684,4,-59,4.539,922.25,1
162,0.58862,0.87042,-0.013684,3,-59.5,1.8699,922.75,1
171.25,0.58862,0.87042,-0.013684,1,-59,1.3898,922.25,1
172.75,-0.091458,0.88191,-0.10491,1,-62.5,4.2154,920.25,1
174.25,-0.091458,0.88191,-0.10491,1,-66.5,0.57831,922.75,1
175.25,0.2603,0.99674,-0.13912,4,-64.5,2.0571,921.75,4
175.75,0.30721,0.77856,0.13456,1,-50.5,5.6021,924.75,4
175.85,0.30721,0.77856,0.13456,1,-50.5,0.61973,924.75,4
176,0.2134,0.92784,-0.025087,1,-48.5,4.6878,922.25,4
176.75,0.17823,0.97377,-0.15052,2,-57,5.6696,922.75,4
177,0.17823,0.97377,-0.15052,2,-54.5,1.5278,925.25,4
179.75,-0.33769,1.0197,-0.24174,2,-60,0.91272,924.25,4
183.5,0.82312,0.69818,-0.20754,2,-58,6.1083,925.75,2
184,0.82312,0.69818,-0.20754,2,-55,1.0569,922.75,2
189.5,0.98728,0.57186,-0.11631,2,-56,5.0913,920.75,2
190,0.98728,0.57186,-0.11631,2,-56.5,1.7165,921.75,2
190.75,0.9521,0.53741,-0.082102,2,-57.5,5.6895,925.75,2
193.25,0.9052,0.62928,-0.12771,2,-57,5.4119,925.75,2
199,1.0576,0.53741,-0.070699,2,-56.5,5.6404,925.25,2
203,0.94038,0.58334,-0.093505,2,-57,5.2401,925.75,2
203.75,0.87003,0.62928,-0.12771,2,-58,5.5085,925.25,2
205.5,0.89348,0.57186,-0.15052,2,-57,5.3919,925.75,2
207.75,0.94038,0.58334,-0.093505,2,-57,5.372,925.75,2
208.75,0.91693,0.60631,-0.093505,2,-57,5.4196,925.25,2
212.75,0.88175,0.61779,-0.12771,2,-57,5.3367,925.75,2
213.75,0.9052,0.59483,-0.11631,2,-57,5.5822,925.25,2
215.25,0.78795,0.64076,-0.18473,2,-57.5,5.3797,925.75,2
216,1.1632,0.50296,-0.025087,2,-56.5,5.6144,925.25,2
217.75,0.99901,0.56038,-0.070699,2,-56.5,5.1803,925.75,2
223.75,0.92865,0.60631,-0.093505,2,-56,5.7386,924.25,2
229.75,0.94038,0.58334,-0.10491,2,-57.5,5.1143,925.75,2
232.25,0.96383,0.56038,-0.11631,2,-57,5.1971,925.75,2
233,0.94038,0.56038,-0.12771,2,-57,5.2723,925.25,2
234.5,0.97555,0.57186,-0.10491,2,-57,5.0606,925.75,2
238.75,0.89348,0.61779,-0.15052,2,-55,6.1973,923.25,2
242,0.82312,0.62928,-0.17333,2,-57,5.1051,925.75,2
242.25,0.82312,0.62928,-0.17333,2,-54,0.11812,922.75,2
244,0.88175,0.59483,-0.15052,2,-57,5.4932,924.75,2
245.25,0.94038,0.57186,-0.12771,2,-55.5,4.6219,920.75,2
245.75,0.94038,0.57186,-0.12771,2,-57.5,5.9948,924.25,2
255,0.92865,0.59483,-0.11631,2,-56.5,5.1864,925.25,2
256.75,1.0928,0.50296,-0.059296,2,-56.5,5.1603,925.75,2
259,1.128,0.49148,-0.047893,2,-57,4.9655,925.75,2
261.5,0.98728,0.56038,-0.082102,2,-57,4.9747,925.75,2
262,0.82312,0.64076,-0.17333,2,-54,0.84216,921.25,2
263.75,0.92865,0.58334,-0.12771,2,-57,5.0376,925.75,2
264.5,0.83485,0.62928,-0.16192,2,-57,5.1158,925.25,2
266.25,1.1632,0.48,-0.013684,2,-57,1.8684,925.75,2
271,0.92865,0.58334,-0.12771,2,-57.5,5.0959,925.75,2
274.5,0.87003,0.61779,-0.11631,2,-57,5.7264,920.75,2
276.25,0.014071,0.95081,-0.10491,2,-50.5,4.1233,923.75,4
276.5,0.37756,0.88191,0.043332,2,-49,4.6572,922.75,4
276.75,0.30721,0.98526,-0.070699,2,-49,5.4119,921.25,4
276.82,0.30721,0.98526,-0.070699,2,-48.5,5.4502,921.25,4
277,0.23685,0.99674,-0.082102,2,-49.5,5.6251,920.75,4
277.25,0.54171,0.91636,0.043332,2,-48.5,5.8,920.25,4
277.5,0.54171,0.91636,0.043332,2,-48.5,5.8245,920.25,4
277.57,0.44791,0.91636,-0.025087,2,-48,5.5484,921.75,4
277.63,0.44791,0.91636,-0.025087,2,-48,5.6128,921.75,4
277.75,0.29548,1.0312,-0.10491,2,-49,5.6297,923.25,4
278.25,0.30721,0.97377,-0.0022806,2,-49.5,0.80841,924.75,4
278.35,0.29548,0.95081,-0.070699,2,-47.5,2.3823,922.25,4
278.4,0.29548,0.95081,-0.070699,2,-47,2.5725,922.25,4
278.5,0.36583,0.96229,-0.03649,2,-49,2.5464,925.75,4
278.6,0.30721,0.98526,-0.082102,2,-48.5,3.6325,925.75,4
278.63,0.30721,0.98526,-0.082102,2,-49,4.6556,925.75,4
278.75,0.40101,1.0542,-0.013684,2,-48.5,0.31907,923.75,4
278.88,0.40101,1.0542,-0.013684,2,-48.5,0.71177,923.75,4
279,0.51826,1.1001,-0.025087,2,-57.5,0.49548,922.75,4
281,0.51826,1.1001,-0.025087,4,-59.5,0.97408,923.75,4
281.5,0.51826,1.1001,-0.025087,4,-62,0.33901,921.25,4
282.25,0.060972,1.169,-0.19613,1,-58.5,4.4501,924.25,4
282.5,0.060972,1.169,-0.19613,4,-58.5,5.6236,921.75,1
282.75,0.060972,1.169,-0.19613,4,-60,0.29759,923.25,1
283,0.060972,1.169,-0.19613,4,-62,0.25924,924.75,1
283.25,0.060972,1.169,-0.19613,4,-63,5.1588,922.25,1
284.75,1.1045,-0.31234,-0.19613,1,-64,1.04,920.25,3
285.25,1.3625,-0.40421,-0.10491,1,-60.5,4.3734,923.25,3
285.5,0.91693,-0.22048,-0.26455,1,-61,5.7724,924.75,3
285.75,0.9052,-0.20899,-0.29876,1,-62.5,1.6322,925.75,3
286.25,0.94038,-0.22048,-0.28736,1,-61.5,1.6091,922.75,3
286.5,0.94038,-0.22048,-0.28736,1,-62.5,5.237,925.25,3
286.75,0.94038,-0.22048,-0.28736,1,-62,5.2324,925.25,3
287.75,1.1866,-0.32383,-0.16192,1,-60.5,2.5188,924.75,3
288.5,1.1045,-0.27789,-0.18473,3,-50,0.48934,923.75,3
288.6,1.1045,-0.27789,-0.18473,1,-60,0.52462,923.75,3
288.75,0.99901,-0.18603,-0.26455,1,-62.5,6.1129,921.25,3
289,0.99901,-0.18603,-0.26455,1,-60.5,5.145,925.25,3
289.5,0.99901,-0.20899,-0.25315,3,-50.5,0.026078,924.25,3
290,1.1045,-0.27789,-0.20754,1,-61.5,5.5776,921.75,3
290.25,1.1045,-0.27789,-0.20754,1,-60,4.085,923.25,3
290.5,0.97555,-0.19751,-0.26455,1,-60.5,5.0667,922.25,3
291,1.3156,-0.38124,-0.13912,1,-60,4.6633,922.75,3
291.75,1.0928,-0.28938,-0.20754,3,-50.5,0.061359,924.25,3
292,1.0928,-0.28938,-0.20754,3,-50.5,0.087437,924.25,3
292.25,0.9521,-0.19751,-0.28736,1,-62.5,5.6128,921.75,3
292.75,1.2335,-0.33531,-0.16192,1,-61.5,5.5699,924.75,3
292.82,1.2335,-0.33531,-0.16192,1,-62,5.0652,922.25,3
293,1.2335,-0.33531,-0.16192,1,-62.5,1.4189,925.75,3
293.75,1.2921,-0.34679,-0.15052,1,-63.5,6.0577,921.25,3
294.5,0.88175,-0.19751,-0.31016,3,-51,6.2586,924.25,3
295,1.1045,-0.27789,-0.21894,1,-61.5,0.8621,923.25,3
295.5,1.0576,-0.24344,-0.25315,1,-62.5,5.0084,922.25,3
296,1.1749,-0.30086,-0.18473,3,-51,4.3749,922.75,3
296.5,1.0576,-0.23196,-0.23034,1,-61.5,5.0514,925.25,3
296.75,1.0576,-0.23196,-0.23034,1,-61.5,6.1421,924.25,3
297,1.0576,-0.23196,-0.23034,1,-66,0.6995,920.25,3
297.5,0.96383,-0.18603,-0.28736,1,-62,0.92499,923.25,3
297.6,0.96383,-0.18603,-0.28736,1,-62,5.4963,924.75,3
298,0.92865,-0.17454,-0.29876,3,-51.5,0.3068,923.75,3
299,0.88175,-0.18603,-0.29876,1,-65.5,0.24697,920.75,3
299.5,1.2218,-0.32383,-0.16192,1,-63,5.5285,921.75,3
299.75,1.2218,-0.32383,-0.16192,1,-61.5,0.94033,923.25,3
300.5,1.2452,-0.34679,-0.16192,1,-62,0.39423,923.75,3
300.75,1.2452,-0.34679,-0.16192,1,-62,4.559,922.75,3
302,1.3508,-0.36976,-0.13912,1,-63.5,5.4686,921.75,3
302.5,1.128,-0.28938,-0.20754,1,-61.5,5.5346,924.75,3
302.75,1.128,-0.28938,-0.20754,1,-62.5,1.4067,925.75,3
303,1.128,-0.28938,-0.20754,1,-62,0.3881,923.75,3
303.5,0.92865,-0.17454,-0.29876,1,-64.5,6.0086,921.25,3
303.75,0.92865,-0.17454,-0.29876,3,-51.5,5.4579,925.25,3
304.75,0.92865,-0.18603,-0.28736,3,-51.5,3.9285,923.25,3
304.85,0.92865,-0.18603,-0.28736,1,-62,5.4656,924.75,3
305.25,1.0811,-0.25493,-0.21894,1,-63,1.2747,925.75,3
305.5,1.0811,-0.25493,-0.21894,1,-61.5,0.24237,923.75,3
306,1.128,-0.27789,-0.20754,1,-64.5,5.9472,921.25,3
306.25,1.128,-0.27789,-0.20754,1,-65.5,0.14419,920.75,3
306.5,1.128,-0.27789,-0.20754,1,-61.5,6.0301,924.25,3
307.5,1.2921,-0.35827,-0.13912,1,-63,1.1582,925.75,3
308,1.2921,-0.35827,-0.13912,1,-62.5,0.072097,923.75,3
308.25,1.0459,-0.23196,-0.25315,1,-64.5,5.8322,921.25,3
309,1.0928,-0.25493,-0.20754,1,-61.5,5.9074,924.25,3
309.75,0.89348,-0.17454,-0.29876,1,-61,5.4073,924.75,3
310.5,1.1983,-0.30086,-0.18473,3,-51,1.1259,922.75,3
310.75,0.9052,-0.19751,-0.29876,1,-64,6.0316,921.25,3
312,1.0576,-0.24344,-0.25315,1,-62,0.83909,923.25,3
312.75,1.1397,-0.28938,-0.19613,1,-61.5,0.34975,923.75,3
313.5,0.88175,-0.19751,-0.32157,1,-64.5,0.34821,920.75,3
314.25,1.2687,-0.33531,-0.17333,1,-63,5.5515,921.75,3
314.5,0.9052,-0.17454,-0.29876,1,-62,0.84983,923.25,3
314.75,0.92865,-0.18603,-0.31016,1,-62.5,1.8669,922.25,3
315.5,1.1045,-0.27789,-0.21894,1,-64.5,6.0055,921.25,3
316,1.0459,-0.23196,-0.25315,1,-65.5,0.25924,920.75,3
316.25,1.0459,-0.23196,-0.25315,1,-62,6.0408,924.25,3
317.25,0.88175,-0.18603,-0.31016,1,-62,5.0775,922.25,3
317.75,0.9052,-0.17454,-0.29876,1,-61.5,0.26998,923.75,3
318.75,1.1045,-0.28938,-0.20754,1,-61.5,5.9672,924.25,3
319.25,1.2687,-0.34679,-0.13912,1,-63,5.441,921.75,3
319.35,1.2687,-0.34679,-0.13912,1,-62,0.82988,923.25,3
319.5,1.2687,-0.34679,-0.13912,1,-62,5.441,924.75,3
319.75,1.2687,-0.34679,-0.13912,1,-63,1.2901,925.75,3
320,1.2687,-0.34679,-0.13912,1,-62.5,0.28379,923.75,3
320.75,1.0459,-0.24344,-0.24174,1,-63,4.9916,925.25,3
321.5,0.9052,-0.18603,-0.29876,1,-64.5,5.6328,921.75,3
322,1.1632,-0.31234,-0.19613,1,-63.5,5.1036,922.25,3
322.25,1.1632,-0.31234,-0.19613,1,-64,4.5206,925.75,3
322.75,0.88175,-0.17454,-0.31016,1,-63,1.4036,922.75,3
324,1.1045,-0.26641,-0.21894,3,-50,4.1049,923.25,3
324.25,1.1045,-0.26641,-0.21894,1,-63,1.0293,923.25,3
324.5,0.96383,-0.16306,-0.29876,3,-50.5,5.9472,924.75,3
324.58,0.96383,-0.16306,-0.29876,1,-62,5.1388,922.25,3
324.75,0.98728,-0.16306,-0.29876,1,-63,4.6173,925.75,3
325,0.98728,-0.16306,-0.29876,1,-62,0.45866,923.75,3
325.25,0.98728,-0.16306,-0.29876,3,-52,5.6497,921.25,3
325.5,0.97555,-0.18603,-0.28736,3,-51,2.5249,925.25,3
325.6,0.97555,-0.18603,-0.28736,1,-62.5,5.1097,925.25,3
325.75,0.97555,-0.18603,-0.28736,1,-65.5,0.33134,920.75,3
326,0.97555,-0.18603,-0.28736,1,-62.5,6.1727,924.25,3
326.75,1.2101,-0.31234,-0.17333,1,-62.5,5.6236,924.75,3
327,1.2101,-0.31234,-0.17333,3,-51.5,2.2059,925.75,3
327.25,1.2101,-0.31234,-0.17333,1,-63.5,4.582,925.75,3
327.5,1.3273,-0.34679,-0.13912,1,-62.5,4.6756,922.75,3
328.25,0.9521,-0.17454,-0.28736,1,-66,0.44485,920.75,3
328.75,0.94038,-0.18603,-0.31016,1,-64,5.7141,921.75,3
329,0.94038,-0.18603,-0.31016,1,-62.5,1.0784,923.25,3
329.1,0.94038,-0.18603,-0.31016,1,-63,5.7079,924.75,3
329.25,0.94038,-0.18603,-0.31016,1,-63.5,2.1384,922.25,3
329.5,0.94038,-0.18603,-0.31016,1,-63.5,1.5999,925.75,3
330,1.0107,-0.19751,-0.27595,3,-49.5,4.5835,922.75,3
330.1,0.87003,-0.19751,-0.31016,1,-63,4.7952,922.75,3
330.5,0.97555,-0.18603,-0.27595,1,-63.5,5.1312,925.25,3
330.75,0.97555,-0.18603,-0.27595,1,-62.5,6.1651,924.25,3
331.25,1.2687,-0.34679,-0.16192,1,-64,5.6834,921.75,3
331.5,1.2687,-0.34679,-0.16192,3,-50,4.2184,923.25,3
331.6,1.2687,-0.34679,-0.16192,3,-51,6.1175,924.75,3
331.75,0.94038,-0.17454,-0.31016,3,-50.5,6.1052,924.75,3
331.85,0.94038,-0.17454,-0.31016,1,-63.5,5.2554,922.25,3
332.25,1.1163,-0.24344,-0.21894,1,-62.5,0.5461,923.75,3
332.5,1.1163,-0.24344,-0.21894,1,-63.5,1.6153,922.75,3
332.58,1.1163,-0.24344,-0.21894,1,-65,6.2556,921.25,3
333,0.87003,-0.17454,-0.32157,1,-66.5,0.45252,920.75,3
333.25,0.87003,-0.17454,-0.32157,3,-50.5,0.20555,924.25,3
333.35,0.87003,-0.17454,-0.32157,1,-63,6.2356,924.25,3
334.25,0.92865,-0.18603,-0.29876,3,-50.5,6.0899,924.75,3
334.35,0.92865,-0.18603,-0.29876,1,-64,5.2416,922.25,3
334.5,0.92865,-0.18603,-0.29876,1,-63.5,4.7109,925.75,3
334.75,0.91693,-0.18603,-0.32157,1,-63,0.62126,923.75,3
335,0.91693,-0.18603,-0.32157,1,-63,4.7922,922.75,3
335.25,0.91693,-0.18603,-0.32157,3,-51,5.7601,925.25,3
335.38,0.91693,-0.18603,-0.32157,1,-63.5,5.2171,925.25,3
335.75,1.2101,-0.30086,-0.17333,1,-63,0.065961,924.25,3
336,1.2101,-0.30086,-0.17333,1,-68,0.98635,920.25,3
336.25,1.2101,-0.30086,-0.17333,1,-64.5,5.7264,921.75,3
336.5,1.2101,-0.30086,-0.17333,1,-63,1.0953,923.25,3
336.75,1.1514,-0.26641,-0.19613,1,-63.5,5.237,922.25,3
337.5,1.2218,-0.31234,-0.16192,3,-51.5,5.7187,921.25,3
337.75,0.96383,-0.18603,-0.28736,1,-63,5.1342,925.25,3
338,0.96383,-0.18603,-0.28736,1,-66,0.40804,920.75,3
338.5,0.89348,-0.17454,-0.31016,1,-67,4.062,920.25,3
338.6,0.89348,-0.17454,-0.31016,1,-64,5.7171,921.75,3
338.75,0.89348,-0.17454,-0.31016,1,-62.5,1.0876,923.25,3
339,0.89348,-0.17454,-0.31016,1,-63,5.7417,924.75,3
339.5,1.2218,-0.31234,-0.17333,1,-63.5,0.60132,923.75,3
339.75,1.1749,-0.28938,-0.19613,1,-62.5,1.6199,922.75,3
340.25,1.1749,-0.27789,-0.17333,1,-66.5,0.43565,920.75,3
340.75,0.87003,-0.18603,-0.31016,1,-67.5,0.88204,920.25,3
341.25,1.1045,-0.26641,-0.23034,3,-50,4.1003,923.25,3
341.38,1.1045,-0.26641,-0.23034,3,-50,4.1003,923.25,3
341.5,0.99901,-0.19751,-0.27595,1,-63,5.148,922.25,3
342.5,0.9521,-0.16306,-0.29876,1,-64,5.2002,925.25,3
342.75,0.9521,-0.16306,-0.29876,1,-67.5,0.31907,920.75,3
343.25,0.92865,-0.17454,-0.32157,1,-66,0.65961,920.25,3
343.75,0.89348,-0.12861,-0.33297,1,-67,1.1505,924.75,3
344.75,0.9052,0.2733,-0.27595,3,-50,0.4832,922.75,3
344.85,0.9052,0.2733,-0.27595,3,-50,0.77159,922.75,3
345,0.8114,0.60631,-0.10491,3,-57,0.75625,925.25,1
345.25,0.8114,0.60631,-0.10491,4,-62.5,0.22856,920.75,1
347,0.37756,1.1001,0.14596,1,-68.5,5.9825,923.75,4
