0,0.30721,0.89339,0.020525,2,-56.5,5.5745,923.25,4
3,0.30721,0.89339,0.020525,2,-56.5,5.9227,922.25,2
3.025,0.30721,0.89339,0.020525,2,-57,1.1582,925.75,2
5.25,0.31893,0.96229,0.088944,2,-57.5,1.3131,924.75,2
5.75,0.31893,0.96229,0.088944,2,-57,4.7722,923.75,2
6.5,0.31893,0.96229,0.088944,2,-57.5,6.1697,920.75,2
8.5,0.23685,0.99674,0.066138,2,-57,5.2846,922.75,2
8.75,0.23685,0.99674,0.066138,2,-59,1.2072,925.25,2
9.5,0.23685,0.99674,0.066138,2,-57.5,0.0092039,920.25,2
10,0.23685,0.99674,0.066138,2,-59.5,1.2885,924.75,2
10.75,0.23685,0.99674,0.066138,2,-58,5.1511,922.75,2
12.75,0.29548,0.98526,0.077541,2,-57.5,5.2125,922.25,2
14.25,0.29548,0.98526,0.077541,2,-57.5,6.096,920.25,2
15.75,0.29548,0.98526,0.077541,2,-57.5,5.079,922.75,2
18.25,0.29548,0.97377,0.066138,2,-57,5.6297,921.25,2
19,0.29548,0.97377,0.066138,2,-59,1.3085,924.25,2
19.75,0.29548,0.97377,0.066138,2,-58,1.6429,923.25,2
20.75,0.29548,0.97377,0.066138,2,-57.5,5.5499,921.25,2
21.75,0.29548,0.97377,0.066138,2,-57,6.0331,920.25,2
22.25,0.29548,0.97377,0.066138,2,-58,4.7538,923.25,2
24.75,0.43619,0.91636,0.13456,2,-57.5,5.0821,922.25,2
25.75,0.43619,0.91636,0.13456,2,-57.5,5.5576,921.25,2
27.75,0.36583,0.95081,0.088944,2,-58,1.0876,923.75,2
28.25,0.36583,0.95081,0.088944,2,-59,0.60592,925.25,2
30.25,0.28376,0.97377,0.088944,2,-57.5,1.2533,923.75,2
31.25,0.28376,0.97377,0.088944,2,-58.5,4.1816,924.25,2
32.5,0.28376,0.98526,0.066138,2,-57.5,1.2548,923.75,2
34.5,0.54171,0.89339,0.16876,2,-59,0.82682,924.75,2
36,0.45964,0.90487,0.14596,2,-58,1.014,924.25,2
36.75,0.45964,0.90487,0.14596,2,-58,0.79153,924.75,2
37.5,0.45964,0.90487,0.14596,2,-57.5,1.1505,923.75,2
39,0.33066,0.96229,0.088944,2,-57,1.376,923.25,2
40.5,0.36583,0.93932,0.10035,2,-59,0.55223,925.25,2
42.25,0.37756,0.93932,0.10035,2,-57.5,1.1351,923.75,2
44,0.28376,0.99674,0.066138,2,-57,1.2901,923.25,2
44.75,0.28376,0.99674,0.066138,2,-57,1.014,923.75,2
48,0.33066,0.97377,0.088944,2,-58.5,0.44639,925.25,2
49.75,0.33066,0.96229,0.088944,2,-57,4.5943,922.75,2
50.75,0.33066,0.96229,0.088944,2,-58,0.78386,924.25,2
53.75,0.45964,0.91636,0.13456,2,-57,1.1474,923.25,2
54.5,0.45964,0.91636,0.13456,2,-58,4.0114,923.75,2
55.25,0.45964,0.91636,0.13456,2,-59.5,0.29452,925.25,2
57,0.29548,0.98526,0.054735,2,-57.5,0.87437,923.75,2
58.5,0.37756,0.95081,0.088944,2,-57.5,4.1325,923.25,2
59.5,0.37756,0.95081,0.088944,2,-58,0.81148,923.75,2
60.25,0.37756,0.95081,0.088944,2,-58,0.65501,924.25,2
62,0.49481,0.89339,0.14596,2,-57,1.2011,922.75,2
62.25,0.49481,0.89339,0.14596,2,-59.5,0.18561,925.25,2
63.5,0.33066,0.97377,0.066138,2,-57.5,1.0048,923.25,2
64.5,0.33066,0.97377,0.066138,2,-57,1.1505,922.75,2
69,0.47136,0.91636,0.11175,2,-58,0.8621,923.75,2
70.25,0.47136,0.91636,0.11175,2,-58.5,0.42031,924.25,2
71.75,0.35411,0.96229,0.077541,2,-57.5,0.9434,922.75,2
74,0.31893,0.98526,0.066138,2,-58,3.6693,923.75,2
75,0.31893,0.98526,0.066138,2,-58.5,0.33134,924.25,2
79,0.31893,0.77856,0.020525,2,-49.5,4.6403,922.75,4
79.25,0.41273,0.92784,0.088944,2,-50.5,4.7461,921.25,4
79.75,0.037521,0.82449,0.066138,1,-65,1.0937,920.75,4
81.75,0.037521,0.82449,0.066138,1,-62,1.8346,925.25,4
87.5,-0.25561,0.82449,0.066138,4,-59.5,0.7992,921.75,1
89,-0.25561,0.82449,0.066138,1,-67,5.4809,921.25,1
91.5,-0.25561,0.82449,0.066138,1,-65,5.2217,921.25,1
98.75,0.55344,0.89339,0.13456,1,-66,5.1956,921.25,1
100.5,0.55344,0.89339,0.13456,4,-58.5,0.03835,922.25,1
102,0.55344,0.89339,0.13456,4,-58,5.1312,920.25,1
103.5,0.55344,0.89339,0.13456,1,-65.5,3.8472,922.75,1
107,0.55344,0.88191,0.14596,1,-65.5,4.7538,921.75,1
109,0.55344,0.88191,0.14596,4,-58,4.6572,920.75,1
110.75,0.55344,0.88191,0.14596,1,-66,3.907,922.75,1
112.5,0.55344,0.88191,0.14596,1,-65.5,4.1356,922.25,1
114.25,0.55344,0.88191,0.14596,4,-58.5,0.52309,921.75,1
116,0.55344,0.88191,0.14596,1,-65,4.875,921.25,1
118.25,0.55344,0.88191,0.14596,4,-58.5,4.1648,921.25,1
121.75,0.55344,0.88191,0.14596,1,-65,0.13499,923.25,1
127.25,0.62379,0.87042,0.14596,1,-65,4.1356,922.25,1
130.5,0.62379,0.87042,0.14596,1,-64.5,4.9103,921.25,1
133.75,0.62379,0.87042,0.14596,1,-67,4.9962,920.25,1
136.25,0.62379,0.87042,0.14596,1,-66,5.5791,920.25,1
141,0.62379,0.87042,0.14596,1,-65.5,5.3827,920.25,1
145.5,0.63552,0.85894,0.18017,4,-58.5,5.3858,920.75,1
146.5,0.63552,0.85894,0.18017,4,-61,1.0907,922.25,1
148.75,1.0811,-0.23196,-0.070699,3,-49.5,1.9006,923.25,3
150.75,1.1514,-0.24344,-0.013684,3,-58.5,0.8805,920.25,3
152,1.339,-0.31234,0.054735,1,-66.5,5.5515,923.75,3
152.5,1.1397,-0.22048,-0.025087,1,-67,0.76392,925.25,3
153,1.1397,-0.22048,-0.025087,1,-66,1.6751,924.25,3
153.75,1.128,-0.24344,-0.047893,1,-67,1.1428,924.75,3
154,1.128,-0.24344,-0.047893,1,-67,0.50928,922.25,3
154.5,1.0694,-0.18603,-0.082102,1,-66.5,6.1743,922.75,3
155.5,1.1163,-0.22048,-0.047893,1,-66.5,1.5493,924.25,3
156,1.1163,-0.22048,-0.047893,1,-66.5,5.6328,923.25,3
156.75,1.0694,-0.17454,-0.070699,1,-68.5,0.079767,925.75,3
158.5,1.1514,-0.25493,-0.025087,1,-66.5,5.622,923.25,3
158.75,1.1514,-0.25493,-0.025087,1,-67,0.99862,924.75,3
159.5,1.1163,-0.20899,-0.047893,1,-67.5,6.1068,922.75,3
161,1.1514,-0.24344,-0.025087,1,-67,2.413,923.25,3
161.25,1.1514,-0.24344,-0.025087,1,-67.5,3.5282,922.25,3
161.75,1.2921,-0.30086,0.020525,1,-67.5,6.1022,922.75,3
165.25,1.1397,-0.22048,-0.047893,1,-67.5,4.5007,924.25,3
171.5,1.0576,-0.17454,-0.082102,1,-67,4.8474,923.75,3
172.25,1.1749,-0.24344,-0.025087,1,-67.5,4.2967,924.25,3
173.25,1.3859,-0.32383,0.054735,1,-68,5.4104,923.25,3
177.25,1.3625,-0.32383,0.043332,1,-68,1.2318,924.25,3
178,1.2804,-0.28938,0.031928,1,-68,2.2319,923.25,3
185.25,1.3273,-0.31234,0.020525,3,-51,0.34975,923.25,3
187.5,1.128,-0.22048,-0.047893,3,-51.5,1.445,921.75,3
188.5,1.2101,-0.26641,-0.013684,3,-51,0.69183,922.75,3
190.75,0.97555,-0.15158,-0.12771,3,-52,4.8198,925.75,3
193.75,1.3742,-0.32383,0.043332,3,-51.5,5.0974,925.25,3
196.5,0.91693,-0.15158,-0.15052,3,-51,5.0897,925.25,3
197.25,1.0107,-0.16306,-0.11631,3,-50.5,0.2255,923.25,3
198.25,0.99901,-0.14009,-0.11631,3,-50.5,6.1052,923.75,3
198.5,0.9521,-0.15158,-0.12771,3,-50.5,0.62433,922.75,3
202,0.98728,-0.15158,-0.11631,3,-51,1.3698,921.75,3
204,1.0342,-0.17454,-0.10491,3,-51,5.6665,924.25,3
204.5,0.96383,-0.15158,-0.12771,3,-51,1.3008,921.75,3
205.5,1.2804,-0.28938,0.0091224,3,-51,6.0285,923.75,3
208.5,1.257,-0.28938,-0.0022806,3,-51.5,4.9992,925.25,3
211,1.3039,-0.31234,0.031928,3,-51.5,5.0575,925.25,3
212.6,0.91693,-0.12861,-0.13912,3,-51,5.2861,924.75,3
212.75,0.98728,-0.15158,-0.13912,3,-51,5.9779,923.75,3
214.25,0.94038,-0.15158,-0.13912,3,-50.5,0.095107,923.25,3
216.25,1.0459,-0.17454,-0.10491,3,-51,5.6251,924.25,3
220.5,1.0342,-0.15158,-0.070699,3,-49,1.649,922.75,3
220.75,0.96383,-0.12861,-0.11631,3,-50,5.9472,925.25,3
221,0.99901,-0.12861,-0.10491,3,-50,0.36355,924.25,3
221.75,0.9521,-0.11713,-0.12771,3,-50.5,1.0784,923.25,3
223.25,1.1983,-0.24344,0.0091224,1,-68.5,0.62126,925.25,3
225,0.54171,0.89339,0.18017,1,-58.5,0.51388,923.75,1
226.5,0.54171,0.89339,0.18017,4,-62.5,3.8764,921.75,1
227.25,0.54171,0.89339,0.18017,1,-58,0.71023,923.75,1
228,0.54171,0.89339,0.18017,1,-58.5,5.9288,925.25,1
229.5,0.58862,0.88191,0.10035,1,-58,5.2048,922.25,1
230,0.58862,0.88191,0.10035,1,-57.5,1.6352,922.75,1
230.5,0.58862,0.88191,0.10035,1,-58,5.8414,925.25,1
231,0.58862,0.88191,0.10035,1,-59,0.38196,920.25,1
231.5,0.58862,0.88191,0.10035,3,-68.5,0.12272,924.75,1
232.5,0.58862,0.88191,0.10035,1,-57.5,1.6674,922.75,1
232.75,0.58862,0.88191,0.10035,1,-58,5.8245,925.25,1
233.25,0.58862,0.88191,0.10035,3,-68.5,0.30526,924.25,1
234.75,0.51826,0.91636,0.11175,1,-58,0.91272,923.75,1
235,0.51826,0.91636,0.11175,1,-58.5,5.9718,921.25,1
235.5,0.51826,0.91636,0.11175,1,-59,0.010738,920.75,1
236.25,0.51826,0.91636,0.11175,1,-58.5,2.3424,921.75,1
236.75,0.51826,0.91636,0.11175,1,-58,5.0437,922.25,1
237.5,0.51826,0.91636,0.11175,1,-58.5,4.6633,922.75,1
240.25,0.74105,0.82449,0.20297,1,-59,6.1421,920.75,1
241,0.74105,0.82449,0.20297,1,-59,5.3919,921.75,1
241.75,0.74105,0.82449,0.20297,1,-58.5,2.0049,922.25,1
243,0.74105,0.82449,0.20297,1,-58.5,0.43105,924.25,1
243.75,0.74105,0.82449,0.20297,1,-58.5,4.3412,923.25,1
245.5,0.68242,0.83597,0.20297,1,-58.5,0.48934,924.25,1
246,0.68242,0.83597,0.20297,1,-58,1.2333,923.25,1
246.75,0.68242,0.83597,0.20297,1,-58.5,0.79614,923.75,1
248,0.68242,0.83597,0.20297,4,-61,5.8629,920.25,1
250.75,0.62379,0.85894,0.12315,1,-58,5.2232,921.75,1
251.25,0.62379,0.85894,0.12315,1,-58,1.6889,922.25,1
252,0.62379,0.85894,0.12315,1,-58,1.3376,922.75,1
252.5,0.62379,0.85894,0.12315,1,-59,6.0209,920.75,1
254.25,0.77622,0.82449,0.19157,1,-58,0.59979,923.75,1
255.25,0.77622,0.82449,0.19157,1,-58,0.1672,924.25,1
255.75,0.77622,0.82449,0.19157,1,-58,2.1016,921.75,1
256.25,0.77622,0.82449,0.19157,1,-58,1.7119,922.25,1
256.75,0.77622,0.82449,0.19157,3,-67.5,4.6572,922.75,1
257.5,0.77622,0.82449,0.19157,3,-68.5,5.8368,920.75,1
258.5,0.61207,0.87042,0.12315,1,-58,1.6199,922.25,1
259,0.61207,0.87042,0.12315,3,-67.5,0.67955,923.75,1
259.75,0.61207,0.87042,0.12315,1,-59.5,6.0285,920.75,1
260.5,0.61207,0.87042,0.12315,1,-59,2.1767,921.75,1
261.25,0.61207,0.87042,0.12315,1,-58.5,5.2477,925.75,1
262,0.61207,0.87042,0.12315,1,-59,5.5944,921.25,1
262.5,0.61207,0.87042,0.12315,3,-68,0.26998,924.25,1
264,0.68242,0.83597,0.16876,3,-67.5,3.7966,923.75,1
264.5,0.68242,0.83597,0.16876,3,-68.5,5.8368,925.25,1
265.25,0.68242,0.83597,0.16876,1,-58.5,0.036816,920.25,1
265.75,0.68242,0.83597,0.16876,3,-67.5,0.92346,923.25,1
266.5,0.68242,0.83597,0.16876,1,-58,0.49394,923.75,1
267.5,0.78795,0.81301,0.19157,1,-58,0.099709,924.25,1
268,0.78795,0.81301,0.19157,1,-58.5,1.4358,923.25,1
268.5,0.78795,0.81301,0.19157,4,-64.5,5.8353,925.75,1
269.25,0.78795,0.81301,0.19157,3,-64,5.1373,921.25,1
270.25,0.72932,0.81301,-0.12771,4,-58.5,0.43872,921.75,1
271.5,0.72932,0.81301,-0.12771,1,-64.5,5.8215,922.75,1
273,0.72932,0.81301,-0.12771,1,-62.5,5.1849,923.25,1
275,0.72932,0.81301,-0.12771,1,-63,1.3468,920.25,1
276.5,0.72932,0.81301,-0.12771,1,-62.5,0.43872,921.25,1
277.75,0.72932,0.81301,-0.12771,1,-62,5.2999,923.25,1
281.75,0.60034,0.87042,0.10035,4,-59,6.0884,920.75,1
283,0.60034,0.87042,0.10035,1,-62,5.9687,922.25,1
285.75,0.23685,0.80152,0.18017,4,-59.5,1.9159,923.75,1
301.25,1.0342,-0.22048,-0.0022806,1,-67.5,0.92499,920.75,3
302.25,1.3156,-0.33531,0.10035,1,-68,0.38503,924.75,3
303.25,1.3039,-0.33531,0.13456,4,-66,5.9058,921.25,3
303.5,1.3039,-0.33531,0.13456,4,-66,0.58291,920.75,3
304,1.3039,-0.33531,0.13456,3,-56,0.076699,920.25,3
304.5,0.94038,-0.16306,-0.03649,4,-62.5,5.441,924.75,3
305,0.94038,-0.16306,-0.03649,4,-63,4.7983,922.25,3
305.5,0.94038,-0.16306,-0.03649,3,-56,4.3366,923.75,3
306.5,1.1632,-0.25493,0.0091224,3,-56.5,0.21169,920.25,3
311.5,0.94038,-0.16306,-0.10491,3,-52.5,5.3689,921.75,3
314,0.94038,-0.15158,-0.10491,3,-52.5,2.2381,921.75,3
329.75,1.0107,-0.17454,-0.070699,3,-51.5,1.4097,922.75,3
334,1.339,-0.32383,0.054735,1,-68,4.3044,924.75,3
340.75,1.3508,-0.34679,0.054735,3,-51.5,1.9972,921.75,3
342.75,1.0107,-0.18603,-0.10491,3,-52,0.36509,924.25,3
343.25,1.2335,-0.30086,0.020525,3,-51.5,2.0647,921.75,3
345.25,1.0459,-0.18603,-0.082102,1,-67.5,1.537,924.25,3
346.75,0.91693,-0.16306,-0.11631,1,-67.5,1.9957,923.75,3
347.75,0.94038,-0.17454,-0.12771,1,-68,4.605,924.25,3
351,1.0576,-0.20899,-0.070699,1,-68.5,0.91272,924.75,3
354.25,0.92865,-0.17454,-0.13912,3,-51.5,5.4886,921.25,3
358.25,1.3625,-0.35827,0.043332,3,-52,1.0078,923.25,3
359,1.0107,-0.18603,-0.10491,4,-66,2.1798,923.75,3
359.5,0.99901,-0.16306,-0.10491,4,-67,0.56144,925.25,3
359.75,0.99901,-0.16306,-0.10491,4,-67,1.5923,924.25,3
361.5,1.0928,-0.23196,-0.03649,4,-66,2.3654,923.75,3
361.75,1.0928,-0.23196,-0.03649,4,-66.5,5.125,921.25,3
363.25,1.1163,-0.24344,-0.013684,1,-61.5,0.52309,924.75,3
364,1.1163,-0.24344,-0.013684,3,-58,0.46633,922.75,3
364.5,1.1163,-0.24344,-0.013684,3,-58.5,5.2708,925.25,3
364.75,1.1163,-0.24344,-0.013684,3,-57.5,6.2433,924.25,3
365.25,1.1163,-0.24344,-0.013684,3,-57,0.41724,923.25,3
365.5,1.1163,-0.24344,-0.013684,3,-57,5.5469,924.75,3
366.25,1.1866,-0.25493,-0.0022806,3,-56.5,0.28072,923.75,3
366.5,1.1866,-0.25493,-0.0022806,3,-57.5,1.6444,921.25,3
367.25,1.0107,-0.16306,-0.059296,3,-50,6.1911,924.25,3
367.33,1.0107,-0.16306,-0.059296,1,-61.5,1.3944,924.25,3
368,0.94038,-0.15158,-0.10491,1,-62,0.29913,924.75,3
368.25,0.94038,-0.15158,-0.10491,1,-62,5.6251,922.25,3
368.75,0.92865,-0.16306,-0.15052,3,-52,0.66421,922.75,3
368.85,0.92865,-0.16306,-0.15052,1,-62,5.237,922.75,3
369.5,0.98728,-0.17454,-0.13912,1,-63,0.67035,920.75,3
370,0.98728,-0.18603,-0.13912,1,-63.5,1.0815,920.25,3
371,0.9521,-0.18603,-0.13912,1,-62,1.2947,923.75,3
371.5,0.97555,-0.15158,-0.13912,3,-48.5,1.5616,921.25,3
372,1.1397,-0.01378,-0.0022806,3,-56,0.87744,920.75,3
372.1,1.1397,-0.01378,-0.0022806,1,-63.5,0.19635,924.25,3
373.25,0.69414,0.82449,0.22578,4,-64.5,1.5647,922.25,4
374.75,-0.021106,0.88191,-0.0022806,1,-57,0.84983,920.25,4
