0,0.97555,-0.22048,-0.23034,3,-50.5,0.19175,921.75,3
0.025,0.97555,-0.22048,-0.23034,3,-50.5,0.14573,921.75,3
0.75,0.89348,-0.23196,-0.26455,3,-51,6.1528,922.25,3
1.5,1.1045,-0.32383,-0.19613,3,-56,1.4235,921.25,3
2,1.1045,-0.32383,-0.19613,3,-56.5,4.8167,920.75,3
21.25,1.1983,-0.35827,-0.16192,1,-68,0.9572,920.75,3
21.75,1.1632,-0.34679,-0.15052,1,-67.5,1.4251,920.25,3
22.25,1.1632,-0.34679,-0.15052,1,-67.5,4.8075,923.25,3
23.25,0.89348,-0.20899,-0.28736,1,-66.5,0.18715,921.25,3
23.75,0.89348,-0.20899,-0.28736,1,-67,0.67188,920.75,3
24.5,1.1983,-0.36976,-0.15052,1,-67.5,1.4235,923.25,3
26.75,0.88175,-0.22048,-0.28736,1,-66,6.0485,921.75,3
27,0.88175,-0.22048,-0.28736,1,-67,1.4696,923.25,3
27.5,0.88175,-0.22048,-0.28736,1,-65,5.4963,922.25,3
28.75,1.0694,-0.27789,-0.20754,1,-67,0.85903,920.75,3
29,1.0694,-0.27789,-0.20754,1,-67,4.4148,920.25,3
30.5,0.94038,-0.22048,-0.28736,1,-66.5,5.2907,922.75,3
31.25,0.9052,-0.22048,-0.28736,1,-68,0.7179,924.25,3
31.5,0.9052,-0.22048,-0.28736,1,-67.5,1.4021,920.25,3
31.75,0.9052,-0.22048,-0.28736,3,-51.5,5.415,923.25,3
32,0.9052,-0.22048,-0.28736,1,-67,4.8213,923.25,3
32.5,1.0694,-0.27789,-0.21894,1,-67.5,5.803,922.25,3
32.75,1.0694,-0.27789,-0.21894,1,-68,1.2548,923.75,3
33,1.0694,-0.27789,-0.21894,1,-68,5.3214,922.75,3
33.5,0.88175,-0.22048,-0.29876,1,-67.5,4.1111,920.75,3
34.25,1.1163,-0.31234,-0.20754,1,-67,4.7753,923.25,3
36.75,1.3156,-0.38124,-0.11631,3,-51.5,5.4395,923.25,3
36.825,1.3156,-0.38124,-0.11631,1,-67,1.7319,923.25,3
37.25,0.89348,-0.22048,-0.27595,1,-67.5,5.8552,922.25,3
37.75,0.91693,-0.20899,-0.27595,1,-66.5,5.3919,922.75,3
38.25,1.2687,-0.38124,-0.12771,1,-68,1.1229,920.75,3
39,1.0225,-0.26641,-0.21894,1,-68,0.041417,921.75,3
39.75,1.3156,-0.39272,-0.11631,1,-68,5.8061,922.25,3
40.25,1.1397,-0.31234,-0.16192,1,-68,2.2074,922.75,3
41.5,0.9521,-0.20899,-0.27595,1,-67.5,6.1804,921.75,3
41.75,0.9521,-0.20899,-0.27595,1,-68,4.852,923.25,3
43.75,1.257,-0.38124,-0.13912,3,-51.5,0.33441,921.75,3
44.5,1.2452,-0.36976,-0.13912,1,-68,5.7171,922.25,3
46.75,0.89348,-0.20899,-0.28736,3,-52,0.036816,922.25,3
47.5,1.0342,-0.25493,-0.21894,1,-67.5,5.0545,922.75,3
47.75,1.0342,-0.25493,-0.21894,1,-68,0.30526,921.25,3
51,0.94038,-0.19751,-0.27595,3,-52,0.40957,921.75,3
54.25,1.2452,-0.35827,-0.12771,3,-51.5,0.041417,922.25,3
55.5,1.0342,-0.25493,-0.23034,3,-52,4.9548,924.25,3
62.25,1.2921,-0.38124,-0.10491,1,-68,2.0233,922.75,3
63.5,0.96383,-0.22048,-0.25315,1,-68.5,6.0822,921.75,3
64,1.2218,-0.35827,-0.15052,1,-68,5.6282,922.25,3
64.5,1.2687,-0.36976,-0.13912,3,-51.5,5.8813,922.75,3
65.75,0.9052,-0.22048,-0.29876,3,-50,0.79153,921.75,3
66.25,0.89348,-0.19751,-0.28736,3,-50,4.9456,924.75,3
66.5,1.0576,-0.25493,-0.23034,3,-51,4.3611,925.75,3
66.75,0.88175,-0.20899,-0.29876,3,-49.5,5.6251,923.75,3
67.5,0.87003,-0.22048,-0.29876,3,-50,1.6628,920.75,3
67.75,0.87003,-0.22048,-0.29876,3,-50,1.6552,920.75,3
68.25,0.9521,-0.22048,-0.26455,3,-49.5,0.9388,921.75,3
68.5,0.88175,-0.22048,-0.28736,3,-50,6.0408,923.25,3
68.75,1.0928,-0.30086,-0.20754,3,-50,5.0207,924.75,3
69.5,1.0459,-0.24344,-0.23034,3,-49.5,0.17794,922.75,3
69.6,0.9052,-0.19751,-0.27595,3,-50,1.3223,921.25,3
69.75,0.9052,-0.19751,-0.27595,3,-50,1.3085,921.25,3
70.25,0.87003,-0.20899,-0.28736,3,-50.5,5.3106,924.25,3
70.5,0.88175,-0.20899,-0.28736,3,-51,1.9313,920.25,3
71,1.0342,-0.25493,-0.24174,3,-50.5,4.8811,924.75,3
71.75,1.3156,-0.39272,-0.11631,3,-49.5,5.6589,923.75,3
71.85,1.3156,-0.39272,-0.11631,3,-49.5,5.6481,923.75,3
72,1.0342,-0.27789,-0.24174,3,-49.5,1.33,921.25,3
72.75,0.94038,-0.20899,-0.28736,3,-49.5,5.6251,924.25,3
73.25,1.2687,-0.36976,-0.12771,3,-49.5,1.2502,921.75,3
74.5,0.8583,0.16995,-0.082102,3,-55.5,4.9195,921.25,3
75.25,0.8114,0.62928,-0.13912,4,-63,3.8242,920.25,1
75.5,0.8114,0.62928,-0.13912,1,-61.5,2.7596,921.75,1
76,0.8114,0.62928,-0.13912,3,-60,6.0976,924.75,1
77,0.8114,0.62928,-0.13912,4,-58.5,5.8751,921.25,1
77.75,0.8114,0.62928,-0.13912,1,-61.5,1.0999,920.25,1
109.75,0.67069,0.84746,0.020525,3,-67.5,4.5835,921.75,1
112.25,0.67069,0.84746,0.020525,1,-61,5.2815,921.75,1
114.5,0.67069,0.84746,0.020525,3,-68,5.3613,920.25,1
116.75,0.67069,0.84746,0.020525,3,-68.5,2.1721,920.25,1
120.75,0.57689,0.89339,-0.025087,1,-61.5,5.7708,921.25,1
122.5,0.57689,0.89339,-0.025087,1,-61,4.8842,922.25,1
124.25,0.57689,0.89339,-0.025087,1,-61,0.20862,920.25,1
126.25,0.57689,0.89339,-0.025087,1,-60.5,5.9948,920.75,1
127.5,0.57689,0.89339,-0.025087,1,-63.5,2.1445,925.75,1
129,0.57689,0.89339,-0.025087,3,-69,5.1849,920.25,1
131,0.57689,0.89339,-0.025087,1,-60.5,6.1022,920.75,1
136.25,0.61207,0.88191,-0.013684,3,-69,5.0192,920.25,1
139,0.61207,0.88191,-0.013684,1,-60.5,5.214,921.75,1
141.25,0.61207,0.88191,-0.013684,1,-60.5,5.2892,921.75,1
142.75,0.61207,0.88191,-0.013684,1,-60,5.6404,921.25,1
145,0.61207,0.88191,-0.013684,1,-60,4.5713,922.75,1
146.25,0.61207,0.88191,-0.013684,1,-60,5.3229,921.75,1
148.25,0.61207,0.88191,-0.013684,1,-62,0.42338,924.25,1
150,0.61207,0.88191,-0.013684,4,-58.5,0.11505,921.25,1
151.5,-0.22044,0.92784,0.12315,4,-62.5,5.6297,923.25,4
151.75,-0.22044,0.92784,0.12315,4,-63.5,5.464,922.25,4
152.75,0.27203,0.88191,-0.070699,1,-57.5,4.6878,925.25,4
153.25,0.36583,0.96229,-0.093505,1,-66,0.79153,924.25,4
159.25,0.9052,0.70966,0.054735,2,-56.5,0.25004,925.75,2
160,0.54171,0.88191,-0.15052,2,-57.5,0.029146,925.25,2
160.25,0.54171,0.88191,-0.15052,2,-55,5.145,920.75,2
160.5,0.54171,0.88191,-0.15052,2,-57.5,0.48627,924.25,2
161.75,0.69414,0.82449,-0.093505,2,-57.5,6.1497,925.75,2
163.75,0.7176,0.79004,-0.070699,2,-56.5,0.14266,924.75,2
164,0.7176,0.79004,-0.070699,2,-57,6.0086,925.75,2
171.5,0.64724,0.83597,-0.12771,2,-57,5.8322,925.75,2
172.25,0.58862,0.84746,-0.16192,2,-57,5.9488,925.25,2
173.75,0.77622,0.77856,-0.070699,2,-55,1.0508,922.25,2
177,0.82312,0.75559,-0.047893,2,-57,5.9564,925.25,2
178.75,0.74105,0.77856,-0.070699,2,-57.5,5.757,925.75,2
181.5,0.97555,0.69818,0.0091224,2,-56,0.77619,922.75,2
182,0.97555,0.69818,0.0091224,2,-57.5,5.9564,925.25,2
182.25,0.97555,0.69818,0.0091224,2,-57,0.072097,924.25,2
184.75,0.60034,0.83597,-0.15052,2,-57,0.052155,924.25,2
186.25,0.7176,0.80152,-0.093505,2,-57,0.23317,923.75,2
186.5,0.7176,0.80152,-0.093505,2,-55,4.5989,921.25,2
187.25,0.77622,0.76708,-0.059296,2,-57,6.2387,924.25,2
190.5,0.61207,0.83597,-0.13912,2,-57.5,6.0485,924.75,2
191,0.61207,0.83597,-0.13912,2,-57,0.1626,923.75,2
191.75,0.79967,0.76708,-0.059296,2,-57.5,5.8782,925.25,2
192.25,0.79967,0.76708,-0.059296,2,-57,0.021476,924.25,2
193.5,0.77622,0.76708,-0.047893,2,-57,0.2439,923.75,2
193.75,0.77622,0.76708,-0.047893,2,-56,0.68262,922.75,2
195.25,0.74105,0.77856,-0.082102,2,-57,0.40344,923.25,2
196.5,0.9052,0.70966,0.0091224,2,-57.5,5.9273,925.25,2
197,0.9052,0.70966,0.0091224,2,-57,0.013806,924.25,2
200.75,0.7176,0.79004,-0.093505,2,-58,5.6558,925.75,2
201,0.7176,0.79004,-0.093505,2,-56,0.64734,922.75,2
201.25,0.7176,0.79004,-0.093505,2,-58,5.7984,925.25,2
201.75,0.7176,0.79004,-0.093505,2,-57,6.2356,924.25,2
202.75,0.72932,0.77856,-0.10491,2,-57.5,5.9917,924.75,2
203,0.72932,0.77856,-0.10491,2,-58,5.6328,925.75,2
203.75,0.72932,0.77856,-0.10491,2,-56,4.5713,921.25,2
205.5,0.78795,0.76708,-0.070699,2,-58,5.5975,925.75,2
206.5,0.78795,0.76708,-0.070699,2,-55.5,1.6199,920.75,2
214.5,0.7645,0.77856,-0.03649,2,-57,0.948,921.75,2
218,0.7645,0.77856,-0.03649,2,-58,0.55837,922.75,2
222.5,0.7645,0.77856,-0.059296,2,-57,5.7079,925.75,2
225.75,0.70587,0.81301,-0.082102,2,-57,5.9963,925.25,2
226.25,0.70587,0.81301,-0.082102,2,-56.5,0.11351,924.25,2
229.5,0.61207,0.83597,-0.15052,2,-57,6.1651,924.75,2
229.75,0.61207,0.83597,-0.15052,2,-57.5,5.7494,925.75,2
232.25,0.7645,0.76708,-0.070699,2,-57.5,5.7064,925.75,2
234.75,0.77622,0.76708,-0.059296,2,-56.5,5.7739,925.75,2
236.5,0.77622,0.77856,-0.059296,2,-54.5,1.356,921.75,2
237.25,0.7176,0.80152,-0.093505,2,-56.5,5.7632,925.75,2
240.75,0.89348,0.74411,-0.0022806,2,-54.5,5.0054,920.75,2
243.5,-0.45495,1.0082,0.077541,2,-50.5,5.0913,921.75,2
243.75,0.10787,0.97377,-0.20754,2,-50,0.74245,921.75,4
243.85,0.10787,0.97377,-0.20754,2,-50.5,0.78386,923.25,4
243.9,0.10787,0.97377,-0.20754,2,-50,1.8669,923.25,4
244,0.084423,0.91636,-0.17333,2,-49,4.3488,923.25,4
244.25,0.2603,1.2264,-0.21894,2,-49,2.3853,924.75,4
244.35,0.2603,1.2264,-0.21894,2,-47.5,4.1525,922.25,4
244.5,0.10787,0.96229,0.077541,2,-58,5.8291,925.75,4
247.5,-0.079733,0.87042,0.14596,4,-68,5.7877,922.75,4
248,-0.079733,0.87042,0.14596,4,-63,0.13806,920.75,1
248.5,0.87003,0.44555,0.25999,4,-62,1.3606,921.75,1
248.75,0.87003,0.44555,0.25999,4,-63,4.5774,923.25,1
250,1.0928,-0.22048,-0.03649,1,-59,5.6251,921.25,3
250.25,1.0576,-0.19751,-0.13912,1,-64,5.8813,920.75,3
250.5,1.0576,-0.19751,-0.13912,1,-62,5.3014,924.25,3
251,1.0811,-0.24344,-0.13912,3,-50.5,6.1988,921.75,3
251.5,1.2218,-0.30086,-0.093505,1,-65,5.0683,924.75,3
251.75,1.2218,-0.30086,-0.093505,3,-49.5,5.8337,922.25,3
251.85,0.88175,-0.16306,-0.24174,1,-68,4.042,925.75,3
252,0.9052,-0.16306,-0.25315,1,-65,0.092039,923.75,3
252.5,0.9521,-0.15158,-0.23034,1,-65,5.8828,921.25,3
252.75,0.9521,-0.15158,-0.23034,3,-50.5,0.33287,925.25,3
252.83,0.9521,-0.15158,-0.23034,1,-66.5,0.13039,920.75,3
253,1.2335,-0.31234,-0.11631,1,-67.5,0.6412,920.25,3
253.5,1.2335,-0.31234,-0.11631,1,-65,5.3996,921.75,3
253.75,0.89348,-0.18603,-0.25315,1,-66.5,5.3674,924.75,3
254.5,1.1983,-0.31234,-0.12771,1,-65,1.2793,922.75,3
254.75,1.1983,-0.31234,-0.12771,1,-65.5,5.9166,921.25,3
255,1.1983,-0.31234,-0.12771,1,-67,4.8597,925.25,3
256,1.2687,-0.33531,-0.10491,3,-49.5,4.8198,923.25,3
256.1,1.2687,-0.33531,-0.10491,1,-65,0.77313,923.25,3
256.25,0.91693,-0.18603,-0.25315,1,-66,5.3751,924.75,3
257.25,1.0576,-0.20899,-0.20754,3,-49.5,5.2063,922.75,3
257.32,1.0576,-0.20899,-0.20754,1,-65.5,6.0301,921.25,3
257.5,0.87003,-0.16306,-0.26455,3,-50.5,0.25617,925.25,3
257.57,0.87003,-0.16306,-0.26455,1,-66.5,0.26845,920.75,3
257.75,0.87003,-0.16306,-0.26455,3,-50,4.1034,924.25,3
258,1.128,-0.25493,-0.17333,1,-67,0.73324,920.25,3
258.5,1.1632,-0.27789,-0.13912,1,-65,0.78386,923.25,3
259,0.91693,-0.17454,-0.24174,3,-50,5.5684,922.25,3
259.07,0.91693,-0.17454,-0.24174,1,-65,4.9348,922.25,3
259.25,0.94038,-0.17454,-0.24174,3,-49.5,4.4531,923.75,3
259.35,0.94038,-0.17454,-0.24174,1,-65.5,0.14573,923.75,3
259.5,0.94038,-0.17454,-0.24174,1,-65,4.3933,922.75,3
259.75,0.94038,-0.17454,-0.24174,1,-66,5.8966,921.25,3
260.25,1.0107,-0.18603,-0.21894,1,-67,0.13652,920.75,3
260.75,1.1514,-0.26641,-0.13912,1,-65,5.4257,921.75,3
261,1.3156,-0.33531,-0.093505,1,-66,5.4226,924.75,3
261.25,1.3156,-0.33531,-0.093505,3,-50,5.5545,922.25,3
261.35,1.3156,-0.33531,-0.093505,1,-64.5,4.9609,922.25,3
261.5,1.3156,-0.33531,-0.093505,1,-67.5,4.3718,925.75,3
261.75,0.89348,-0.17454,-0.26455,1,-65.5,0.19021,923.75,3
262.25,1.0811,-0.23196,-0.19613,1,-67,4.8627,925.25,3
262.5,1.0811,-0.23196,-0.19613,1,-66.5,0.13192,920.75,3
262.75,1.0811,-0.23196,-0.19613,1,-66,5.9135,924.25,3
263.25,0.88175,-0.17454,-0.26455,1,-65,5.3873,921.75,3
263.5,0.88175,-0.17454,-0.26455,3,-50,4.7845,923.25,3
264.25,1.0107,-0.18603,-0.23034,1,-65,1.2977,922.75,3
264.5,1.0107,-0.18603,-0.23034,1,-66,5.9212,921.25,3
264.75,1.0107,-0.18603,-0.23034,3,-51.5,0.18101,925.25,3
265,1.257,-0.32383,-0.11631,1,-66,5.9242,924.25,3
265.25,1.257,-0.32383,-0.11631,1,-67,0.62433,920.25,3
266.25,1.339,-0.35827,-0.093505,1,-65,4.8735,922.25,3
266.75,1.2804,-0.32383,-0.11631,3,-50.5,5.1434,922.75,3
267,0.9052,-0.17454,-0.26455,1,-65.5,5.8399,921.25,3
268.5,1.2687,-0.32383,-0.11631,1,-66.5,5.2938,924.75,3
268.75,1.2687,-0.32383,-0.11631,1,-65.5,1.6015,922.25,3
269.5,0.98728,-0.17454,-0.24174,1,-66.5,5.6358,921.25,3
270.25,0.9521,-0.15158,-0.24174,1,-65.5,5.5699,924.25,3
270.5,0.9521,-0.15158,-0.24174,3,-51.5,5.9534,921.75,3
270.6,0.9521,-0.15158,-0.24174,1,-64.5,5.148,921.75,3
271.25,1.2101,-0.31234,-0.13912,1,-67.5,0.96948,925.75,3
271.75,0.9521,-0.17454,-0.25315,1,-65,1.1014,922.75,3
272.75,1.2687,-0.31234,-0.10491,1,-65,5.1895,921.75,3
273,1.2687,-0.31234,-0.10491,1,-65,0.47553,923.25,3
273.25,1.2687,-0.31234,-0.10491,3,-51.5,0.55223,924.75,3
273.32,1.2687,-0.31234,-0.10491,1,-65.5,5.1572,924.75,3
274.25,0.89348,-0.16306,-0.26455,1,-65.5,5.7294,921.25,3
275,1.2687,-0.31234,-0.10491,1,-67,0.42951,920.25,3
275.5,1.3156,-0.32383,-0.10491,1,-64.5,0.46786,923.25,3
276,1.2687,-0.33531,-0.11631,1,-64,4.6065,922.25,3
276.25,1.2687,-0.33531,-0.11631,1,-64.5,6.1574,923.75,3
276.75,0.9521,-0.16306,-0.25315,1,-65,5.6174,921.25,3
277,0.9521,-0.16306,-0.25315,1,-66,4.5943,925.25,3
277.25,0.9521,-0.16306,-0.25315,1,-65,6.2111,920.75,3
277.5,0.9521,-0.16306,-0.25315,1,-66.5,0.64427,920.25,3
278,0.98728,-0.18603,-0.25315,1,-59.5,1.0247,923.25,3
279,1.2921,-0.34679,-0.12771,3,-51,4.7017,922.75,3
279.25,0.91693,-0.19751,-0.27595,1,-60,5.9319,921.25,3
280,1.2101,-0.31234,-0.13912,1,-61.5,0.68416,920.25,3
280.25,1.2101,-0.31234,-0.13912,1,-59.5,5.4963,921.75,3
280.75,1.0107,-0.18603,-0.23034,1,-59,5.0483,922.25,3
281.25,1.257,-0.32383,-0.13912,1,-59.5,0.36509,923.75,3
281.5,1.3273,-0.33531,-0.11631,3,-52,5.8061,921.25,3
281.75,1.3273,-0.33531,-0.11631,1,-60,6.0025,921.25,3
282.25,0.94038,-0.17454,-0.27595,1,-60,6.1114,924.25,3
282.75,0.88175,-0.17454,-0.26455,1,-59.5,4.0374,923.25,3
283.5,1.339,-0.34679,-0.10491,1,-62,4.648,925.75,3
283.75,1.339,-0.34679,-0.10491,1,-60,0.41571,923.75,3
284,0.94038,-0.17454,-0.27595,3,-51.5,5.823,921.25,3
284.25,0.94038,-0.17454,-0.26455,1,-61,5.1542,925.25,3
284.75,1.1397,-0.26641,-0.18473,1,-62,0.6995,920.25,3
285.25,1.1514,-0.28938,-0.17333,1,-60,4.0405,923.25,3
285.75,0.89348,-0.17454,-0.27595,1,-62.5,4.648,925.75,3
286.5,0.92865,-0.17454,-0.27595,1,-61,5.958,921.25,3
286.75,0.92865,-0.17454,-0.27595,1,-61.5,5.125,925.25,3
287.5,0.89348,-0.17454,-0.27595,1,-60,5.5039,921.75,3
288,0.96383,-0.16306,-0.26455,3,-52,0.12732,924.75,3
288.1,0.96383,-0.16306,-0.26455,1,-59.5,4.9839,922.25,3
288.5,1.0342,-0.19751,-0.25315,1,-60.5,0.36816,923.75,3
288.6,1.0342,-0.19751,-0.25315,1,-60.5,0.35742,923.75,3
289,0.92865,-0.17454,-0.27595,1,-61,5.9626,921.25,3
289.25,0.92865,-0.17454,-0.27595,3,-52,6.0945,925.25,3
289.75,1.1045,-0.25493,-0.19613,1,-62,0.68722,920.25,3
290.75,1.0107,-0.19751,-0.24174,1,-62.5,4.6694,925.75,3
291.5,1.2218,-0.31234,-0.13912,1,-61.5,5.9764,921.25,3
293.25,0.88175,-0.17454,-0.27595,1,-63,4.5973,925.75,3
293.5,0.9052,-0.16306,-0.27595,1,-61,0.35435,923.75,3
293.75,0.97555,-0.17454,-0.26455,1,-61.5,5.9779,921.25,3
294.5,0.88175,-0.17454,-0.27595,1,-61.5,6.0899,924.25,3
294.75,0.88175,-0.17454,-0.27595,3,-50,5.7785,921.75,3
295.25,1.0576,-0.20899,-0.20754,3,-50.5,4.0973,924.75,3
296.5,0.94038,-0.16306,-0.25315,1,-67.5,0.74245,925.25,3
296.75,1.257,-0.31234,-0.12771,1,-67,4.9992,924.25,3
297.5,0.9052,-0.16306,-0.26455,3,-49.5,5.1664,923.25,3
297.63,0.9052,-0.16306,-0.26455,1,-66.5,6.2264,923.25,3
297.75,0.9052,-0.16306,-0.26455,1,-67,1.3867,924.75,3
298,0.88175,-0.16306,-0.29876,1,-67,0.97408,922.25,3
298.25,0.88175,-0.16306,-0.29876,1,-67,5.6082,923.75,3
298.5,0.88175,-0.16306,-0.29876,3,-50,5.4993,922.75,3
298.57,0.88175,-0.16306,-0.29876,1,-67,0.45406,922.75,3
298.75,1.1045,-0.24344,-0.18473,3,-51,0.5599,925.25,3
298.82,1.1045,-0.24344,-0.18473,1,-68,3.9684,925.25,3
299.25,0.9052,-0.16306,-0.26455,3,-50.5,4.3381,924.25,3
299.32,0.9052,-0.16306,-0.26455,1,-67,5.1143,924.25,3
299.75,1.2101,-0.30086,-0.13912,3,-49.5,5.0468,923.25,3
299.85,1.2101,-0.30086,-0.13912,1,-67,6.2034,923.25,3
300,1.2101,-0.30086,-0.13912,3,-50.5,3.8994,924.75,3
300.25,0.94038,-0.16306,-0.26455,1,-67.5,1.0523,922.25,3
300.5,0.94038,-0.16306,-0.26455,3,-51.5,0.14113,925.75,3
300.63,0.94038,-0.16306,-0.26455,1,-68.5,0.36816,925.75,3
300.75,0.94038,-0.16306,-0.26455,1,-66,5.7202,923.75,3
301,0.94038,-0.16306,-0.26455,1,-66.5,0.58905,922.75,3
301.25,0.97555,-0.17454,-0.25315,1,-68,4.3151,925.25,3
301.75,1.128,-0.25493,-0.18473,3,-55.5,0.77466,920.25,3
302.5,1.0576,-0.24344,-0.21894,1,-63,4.6526,924.75,3
303.5,1.0225,-0.19751,-0.25315,1,-64,5.0023,921.25,3
303.75,1.0225,-0.19751,-0.25315,1,-65,5.464,920.75,3
304.75,1.1514,-0.26641,-0.20754,1,-63.5,6.0224,923.25,3
305,1.1514,-0.26641,-0.20754,1,-63.5,1.3023,924.75,3
306.25,1.0576,-0.23196,-0.24174,1,-65.5,5.3873,920.75,3
306.75,1.0576,-0.23196,-0.24174,1,-67,2.752,920.25,3
307.5,0.99901,-0.19751,-0.28736,1,-64,0.81148,922.25,3
308.25,1.2687,-0.32383,-0.16192,1,-65.5,4.9778,921.25,3
308.75,1.2687,-0.32383,-0.16192,1,-64,0.79614,925.25,3
309.25,1.2687,-0.32383,-0.16192,3,-54.5,6.2663,921.75,3
309.5,1.2687,-0.32383,-0.16192,1,-64.5,1.31,921.75,3
310.25,1.0459,-0.22048,-0.26455,1,-65,0.26078,925.75,3
311.25,1.0576,-0.22048,-0.24174,1,-66.5,5.4349,920.75,3
312,1.128,-0.25493,-0.21894,1,-63.5,5.9902,923.25,3
314,1.1397,-0.25493,-0.21894,1,-66.5,5.8751,920.25,3
314.75,1.1749,-0.31234,-0.17333,1,-62.5,1.2977,924.75,3
315,1.1749,-0.31234,-0.17333,1,-64,0.25004,925.75,3
315.75,1.0107,-0.19751,-0.27595,1,-63.5,0.76852,925.25,3
316.25,1.0107,-0.19751,-0.27595,1,-62,4.921,924.25,3
317,1.0342,-0.22048,-0.25315,1,-62,4.4271,924.75,3
317.5,1.0342,-0.22048,-0.25315,1,-63,0.30066,925.75,3
318,1.0811,-0.23196,-0.23034,1,-63,4.9793,921.25,3
318.5,1.0811,-0.23196,-0.23034,1,-62.5,0.84216,925.25,3
318.75,1.0811,-0.23196,-0.23034,1,-61.5,1.8024,924.25,3
319.25,1.0811,-0.23196,-0.23034,1,-61.5,6.0485,923.25,3
320,1.0576,-0.22048,-0.23034,1,-62.5,0.42338,925.75,3
320.25,1.0576,-0.22048,-0.23034,1,-60.5,5.642,923.75,3
320.75,0.99901,-0.18603,-0.27595,1,-62.5,5.0867,921.25,3
321,0.99901,-0.18603,-0.27595,1,-63,5.6343,920.75,3
321.75,1.2687,-0.31234,-0.17333,1,-60.5,6.2632,923.25,3
322.5,1.0811,-0.22048,-0.23034,1,-66,0.86517,925.75,3
323.25,1.3742,-0.01378,0.19157,1,-67,4.5897,925.25,3
324,1.0107,0.42258,-0.082102,3,-57,1.0569,920.25,1
324.25,1.0107,0.42258,-0.082102,4,-59,6.1528,923.25,1
324.5,1.0107,0.42258,-0.082102,1,-57,5.1143,924.75,1
325.25,0.34238,0.92784,0.10035,4,-63,5.122,922.75,1
