0,0.60034,0.83597,0.12315,4,-56,5.7984,925.75,1
0.025,0.60034,0.83597,0.12315,4,-56,4.2261,924.25,1
0.5,0.60034,0.83597,0.12315,4,-56.5,5.2217,923.25,1
0.75,0.60034,0.83597,0.12315,4,-56.5,4.5943,923.75,1
1,0.60034,0.83597,0.12315,4,-56,3.6447,924.75,1
1.05,0.60034,0.83597,0.12315,4,-58.5,0.81454,921.25,1
1.5,0.60034,0.83597,0.12315,4,-56.5,6.2663,925.25,1
2.25,0.62379,0.84746,0.14596,4,-56.5,5.8107,925.75,1
2.5,0.62379,0.84746,0.14596,4,-56.5,4.2905,924.25,1
2.75,0.62379,0.84746,0.14596,4,-57,5.2155,923.25,1
3.25,0.62379,0.84746,0.14596,4,-56.5,4.7339,923.75,1
3.5,0.62379,0.84746,0.14596,1,-65,6.1712,921.25,1
4.5,0.61207,0.87042,0.13456,4,-57.5,6.096,922.25,1
5,0.61207,0.87042,0.13456,4,-56.5,5.7923,925.75,1
5.075,0.61207,0.87042,0.13456,4,-56,4.2215,924.25,1
5.75,0.61207,0.87042,0.13456,4,-57,4.6924,923.75,1
6.25,0.49481,0.91636,0.066138,4,-57.5,5.5714,922.75,1
6.75,0.49481,0.91636,0.066138,1,-64.5,5.6773,921.75,1
7.25,0.49481,0.91636,0.066138,4,-56,5.7754,925.75,1
7.5,0.49481,0.91636,0.066138,4,-56,4.1786,924.25,1
7.75,0.49481,0.91636,0.066138,1,-62.5,1.1996,923.25,1
8.25,0.49481,0.91636,0.066138,4,-56,0.32674,924.75,1
9.25,0.64724,0.84746,0.12315,4,-58.5,0.076699,921.75,1
9.75,0.64724,0.84746,0.12315,1,-61.5,5.2631,925.75,1
10,0.64724,0.84746,0.12315,4,-57,4.3657,923.25,1
10.5,0.64724,0.84746,0.12315,4,-57,0.76852,923.75,1
12,0.69414,0.80152,0.12315,1,-65.5,2.1997,922.25,1
12.5,0.69414,0.80152,0.12315,4,-56,3.9837,924.25,1
13.5,0.65897,0.83597,0.15736,4,-57.5,5.441,922.75,1
13.75,0.65897,0.83597,0.15736,4,-56,0.0061359,925.25,1
14.25,0.65897,0.83597,0.15736,4,-58,6.1497,922.25,1
14.75,0.65897,0.83597,0.15736,4,-56,5.6865,925.75,1
15,0.65897,0.83597,0.15736,4,-56.5,5.168,923.25,1
15.5,0.65897,0.83597,0.15736,1,-63,1.1566,923.75,1
16.5,0.72932,0.79004,0.14596,4,-59,0.18868,921.75,1
17,0.72932,0.79004,0.14596,4,-56,2.5756,925.75,1
17.25,0.72932,0.79004,0.14596,4,-56.5,4.0957,924.25,1
17.75,0.72932,0.79004,0.14596,4,-56.5,4.4915,923.75,1
18.25,0.72932,0.79004,0.14596,4,-57.5,5.484,922.75,1
19.25,0.64724,0.85894,0.10035,1,-65,2.3347,922.25,1
20.25,0.64724,0.85894,0.10035,1,-62.5,1.06,923.75,1
21.25,0.56517,0.88191,0.066138,4,-56.5,5.9304,925.25,1
22.5,0.56517,0.88191,0.066138,4,-60.5,5.1879,920.25,1
22.75,0.56517,0.88191,0.066138,3,-56.5,0.67495,923.75,1
23.5,0.72932,0.10105,0.79593,4,-56,5.2616,925.25,3
24,0.7645,-0.25493,0.6933,4,-56.5,6.1022,921.75,3
24.075,0.7645,-0.25493,0.6933,3,-59,0.60592,922.25,3
24.75,0.7645,-0.25493,0.6933,3,-61.5,6.1881,923.25,3
75.5,0.56517,-0.31234,0.89856,4,-59.5,5.5515,924.25,3
78,0.56517,-0.31234,0.89856,3,-59,1.9343,925.75,3
79.5,0.56517,-0.31234,0.89856,3,-64,4.6449,920.75,3
87,0.60034,-0.32383,0.92136,4,-62.5,2.2381,920.75,3
88.5,0.60034,-0.32383,0.92136,3,-59.5,5.6589,924.75,3
97.5,0.55344,-0.28938,0.86435,4,-60.5,2.1798,924.25,3
100.75,0.55344,-0.28938,0.86435,4,-59.5,4.9317,924.75,3
102.25,0.55344,-0.28938,0.86435,4,-59.5,3.95,925.75,3
106,0.60034,-0.28938,0.81874,3,-64,1.2241,921.25,3
107.5,0.60034,-0.28938,0.81874,1,-64.5,0.65348,923.25,3
220,-0.15009,1.0771,0.14596,2,-56.5,4.7032,923.75,4
220.25,-0.15009,1.0771,0.14596,2,-55,2.1921,924.75,2
221.5,-0.15009,1.0771,0.14596,2,-58.5,0.82988,924.25,2
