0,0.24858,0.97377,0.043332,1,-42,4.5252,921.25,4
0.025,0.060972,0.81301,-0.10491,4,-68,4.8781,922.75,4
0.25,0.35411,0.95081,-0.082102,1,-40.5,5.5852,922.75,4
0.275,0.35411,1.0082,-0.059296,1,-41.5,0.34361,922.75,4
0.3,0.34238,1.0771,-0.16192,1,-46,5.6174,925.25,4
2.5,-0.091458,1.1001,-0.21894,2,-56.5,6.2004,921.25,4
2.75,-0.091458,1.1001,-0.21894,1,-67.5,6.096,922.75,4
5.5,0.58862,0.84746,0.031928,2,-56,0.25004,920.75,2
6,0.58862,0.84746,0.031928,2,-55.5,5.8598,922.25,2
7.5,0.61207,0.84746,0.066138,2,-55.5,5.5515,922.75,2
8,0.56517,0.84746,0.043332,2,-56,5.9994,921.75,2
9.75,0.92865,0.69818,0.20297,2,-55.5,6.1789,921.25,2
10.75,0.69414,0.80152,0.11175,2,-55,5.958,921.75,2
11.75,0.68242,0.79004,0.11175,2,-55,5.1266,923.75,2
12.75,0.69414,0.79004,0.11175,2,-57.5,0.21016,920.75,2
13.75,0.72932,0.77856,0.13456,2,-55.5,5.1511,924.25,2
14,0.72932,0.77856,0.13456,2,-57,0.45099,920.25,2
14.75,0.9521,0.68669,0.22578,2,-57,0.016874,921.25,2
16,0.67069,0.80152,0.10035,2,-54.5,4.3995,925.75,2
16.075,0.67069,0.80152,0.10035,2,-56,5.1818,924.25,2
17,0.72932,0.75559,0.15736,2,-58,0.041417,921.25,2
17.5,0.72932,0.75559,0.15736,2,-55.5,4.6326,925.25,2
17.75,0.72932,0.75559,0.15736,2,-58,6.1267,921.75,2
18.25,0.72932,0.75559,0.15736,2,-55.5,1.1735,925.75,2
18.5,0.72932,0.75559,0.15736,2,-56.5,5.4456,923.25,2
19.5,0.72932,0.81301,0.13456,2,-56.5,0.099709,921.25,2
20,0.72932,0.81301,0.13456,2,-57,0.21016,920.75,2
21.25,0.69414,0.80152,0.13456,2,-56,5.3597,923.25,2
21.75,0.7176,0.79004,0.13456,2,-57,6.1804,921.25,2
24,0.69414,0.80152,0.12315,2,-56,5.2585,923.75,2
24.25,0.69414,0.80152,0.12315,2,-57,6.228,921.25,2
24.75,0.69414,0.80152,0.12315,2,-56,5.6128,922.75,2
25.5,0.8583,0.73263,0.22578,2,-56.5,5.7647,922.25,2
25.75,0.8583,0.73263,0.22578,2,-54.5,5.0038,924.25,2
26.5,0.72932,0.77856,0.14596,2,-55,5.2355,923.75,2
27.75,0.9521,0.70966,0.23718,2,-56.5,5.9749,921.75,2
28.5,0.58862,0.85894,0.066138,2,-55.5,5.3444,923.25,2
29.75,0.9052,0.70966,0.22578,2,-57,0.22089,920.75,2
30.75,0.75277,0.77856,0.15736,2,-55,4.8888,924.25,2
31,0.75277,0.77856,0.15736,2,-55.5,5.3367,923.25,2
31.75,0.72932,0.76708,0.13456,2,-57,6.1451,921.25,2
32.75,0.70587,0.80152,0.12315,2,-56.5,5.8767,922.25,2
33,0.70587,0.80152,0.12315,2,-55,5.0084,924.25,2
33.75,0.8583,0.72114,0.20297,2,-55,5.1419,923.75,2
34,0.8583,0.72114,0.20297,2,-54.5,4.6802,924.75,2
34.075,0.8583,0.72114,0.20297,2,-57,6.1467,921.25,2
35,0.84658,0.73263,0.20297,2,-56.5,5.7356,922.25,2
36,0.9052,0.70966,0.21438,2,-57.5,0.41724,920.25,2
36.25,0.9052,0.70966,0.21438,2,-55.5,5.2524,923.75,2
36.325,0.9052,0.70966,0.21438,2,-54.5,4.7676,924.75,2
36.75,0.9052,0.70966,0.21438,2,-56,5.6374,922.75,2
37.5,0.70587,0.79004,0.13456,2,-56.5,5.7509,922.25,2
38,0.70587,0.79004,0.13456,2,-55,4.9026,924.25,2
39,0.7176,0.79004,0.14596,2,-57,6.2341,921.25,2
40.25,0.75277,0.76708,0.14596,2,-54.5,1.0492,925.75,2
40.325,0.75277,0.76708,0.14596,2,-55,4.9364,924.25,2
41,0.68242,0.81301,0.11175,2,-55.5,5.122,923.75,2
41.75,0.68242,0.81301,0.11175,2,-56,5.5453,922.75,2
42.5,0.70587,0.79004,0.14596,2,-56.5,5.7632,922.25,2
42.75,0.70587,0.79004,0.14596,2,-55,4.99,924.25,2
44,0.7645,0.75559,0.15736,2,-56.5,5.5852,922.75,2
45,0.72932,0.77856,0.15736,2,-55,1.0247,925.75,2
45.25,0.72932,0.77856,0.15736,2,-55.5,4.9041,924.25,2
45.5,0.72932,0.77856,0.15736,2,-58,0.28225,920.25,2
46.5,0.67069,0.80152,0.11175,2,-56.5,5.6757,922.75,2
47,0.67069,0.80152,0.11175,2,-57,0.18715,920.75,2
47.5,0.75277,0.76708,0.14596,2,-55,4.8827,924.25,2
47.75,0.75277,0.76708,0.14596,2,-56,5.3413,923.25,2
48,0.75277,0.76708,0.14596,2,-57.5,0.27305,920.25,2
48.25,0.75277,0.76708,0.14596,2,-55.5,5.1036,923.75,2
48.75,0.56517,0.83597,0.066138,2,-56.5,5.5085,922.75,2
49.25,0.56517,0.83597,0.066138,2,-57.5,0.11505,920.75,2
49.75,0.56517,0.83597,0.066138,2,-56.5,5.8659,922.25,2
50.5,0.7176,0.79004,0.12315,2,-56,5.3996,923.25,2
50.75,0.7176,0.79004,0.12315,2,-56,5.171,923.75,2
51,0.7176,0.79004,0.12315,2,-55,4.6878,924.75,2
51.5,0.7176,0.79004,0.12315,2,-56.5,5.5392,922.75,2
53.25,0.94038,0.68669,0.22578,2,-55.5,5.1879,923.75,2
53.5,0.94038,0.68669,0.22578,2,-57,6.1957,921.25,2
54.25,0.91693,0.69818,0.22578,2,-57,0.072097,920.75,2
54.5,0.91693,0.69818,0.22578,2,-56.5,5.7095,922.25,2
55,0.91693,0.69818,0.22578,2,-55.5,4.8765,924.25,2
55.75,0.75277,0.77856,0.16876,2,-55.5,5.2079,923.75,2
55.85,0.75277,0.77856,0.16876,2,-55,4.7722,924.75,2
56.25,0.75277,0.77856,0.16876,2,-56.5,5.6987,922.75,2
57,0.68242,0.80152,0.11175,2,-56,5.7877,922.25,2
58.25,0.7176,0.79004,0.13456,2,-55,4.6802,924.75,2
59.5,0.8583,0.72114,0.21438,2,-56.5,5.8353,922.25,2
60.5,0.70587,0.80152,0.13456,2,-55.5,5.1849,923.75,2
61,0.70587,0.80152,0.13456,2,-57.5,6.1344,921.25,2
62.25,0.62379,0.83597,0.088944,2,-58,4.5314,924.25,2
63,-0.25561,0.82449,-0.13912,2,-47.5,6.0362,924.75,4
63.25,-0.079733,0.66373,0.031928,2,-45.5,4.0344,924.75,4
63.325,0.15478,0.85894,-0.059296,2,-47.5,6.2203,921.25,4
63.375,0.24858,0.97377,-0.047893,2,-47,0.46786,921.25,4
63.5,0.24858,0.93932,-0.025087,2,-45,0.084369,922.75,4
63.575,0.18995,0.88191,-0.025087,2,-45,0.21476,922.75,4
63.75,0.50654,0.90487,0.066138,2,-43,5.1404,925.25,4
64,0.65897,0.81301,0.15736,2,-47,1.3729,920.75,4
64.075,0.33066,0.96229,-0.013684,2,-47,1.3576,920.75,4
64.125,0.31893,0.97377,-0.013684,2,-46,0.88817,921.75,4
64.175,0.31893,0.97377,-0.013684,2,-46,0.8759,921.75,4
64.25,0.33066,0.96229,-0.013684,2,-46,0.78847,921.75,4
64.325,0.33066,0.96229,-0.013684,2,-45.5,0.51542,922.25,4
64.375,0.33066,0.96229,-0.013684,2,-45.5,0.42184,922.25,4
64.425,0.33066,0.96229,-0.013684,2,-45.5,0.39117,922.25,4
64.45,0.30721,0.95081,-0.013684,2,-46,0.3114,922.25,4
64.5,0.33066,0.97377,0.0091224,2,-44,4.4624,925.75,4
64.75,0.35411,0.97377,0.020525,2,-44,5.2738,924.25,4
64.85,0.69414,0.84746,0.16876,2,-44,5.2385,924.25,4
65,0.30721,0.96229,-0.013684,2,-45,5.8429,923.25,4
65.25,0.33066,0.96229,-0.0022806,2,-48.5,1.0876,920.25,4
65.325,0.33066,0.96229,-0.0022806,2,-48.5,1.1045,920.25,4
65.375,0.51826,0.89339,0.088944,2,-44.5,5.6941,923.75,4
65.4,0.51826,0.89339,0.088944,2,-44.5,5.7064,923.75,4
65.45,0.29548,0.96229,-0.03649,2,-44.5,5.7156,923.75,4
65.5,0.29548,0.96229,-0.03649,2,-44,5.7187,923.75,4
65.525,0.30721,0.95081,-0.03649,2,-44,5.7095,923.75,4
65.575,0.31893,0.96229,-0.025087,2,-43,5.1327,924.75,4
65.625,0.31893,0.96229,-0.025087,2,-43.5,5.122,924.75,4
65.65,0.30721,0.95081,-0.03649,2,-43.5,5.122,924.75,4
65.75,0.31893,0.96229,-0.03649,2,-47,0.70563,921.25,4
65.85,0.68242,0.83597,0.13456,2,-47,0.6274,921.25,4
66,0.30721,0.97377,-0.03649,2,-45.5,6.1068,922.75,4
66.075,0.31893,0.95081,-0.03649,2,-45.5,6.073,922.75,4
66.125,0.33066,0.93932,-0.047893,2,-43.5,4.6173,925.25,4
66.25,0.34238,0.95081,0.0091224,2,-43.5,4.5912,925.25,4
66.5,0.68242,0.83597,0.14596,2,-46.5,0.33901,921.75,4
66.6,0.29548,0.95081,-0.03649,2,-46.5,0.44946,921.75,4
66.75,0.29548,0.96229,-0.013684,2,-46.5,0.53843,921.75,4
66.825,0.28376,0.96229,-0.025087,2,-46,0.39117,922.25,4
66.875,0.29548,0.97377,-0.0022806,2,-46,0.49087,922.25,4
67,0.28376,0.96229,-0.0022806,2,-42.5,4.9824,925.75,4
67.075,0.27203,0.97377,0.031928,3,-65,5.3106,925.75,4
67.125,0.27203,0.97377,0.031928,2,-44,0.024544,924.25,4
67.25,0.27203,0.96229,-0.11631,3,-65.5,0.88817,924.25,4
67.35,0.60034,0.95081,0.088944,3,-65,5.7908,923.25,4
67.5,0.60034,0.95081,0.088944,2,-48,3.9638,920.25,4
67.75,0.2603,1.1116,-0.059296,1,-65.5,0.0061359,920.25,4
71,0.17823,1.0656,0.031928,4,-50.5,4.2353,925.25,4
71.75,0.41273,0.91636,-0.059296,1,-59,5.4886,922.25,4
72,0.41273,0.91636,-0.059296,1,-58.5,0.58138,924.25,4
72.5,0.36583,0.98526,-0.013684,1,-65.5,4.6802,920.25,4
79.25,-0.091458,0.92784,0.0091224,4,-58,4.4746,925.75,1
80.25,-0.091458,0.92784,0.0091224,4,-61,5.7494,921.25,1
92.5,0.2134,0.96229,-0.0022806,4,-58.5,5.4732,924.75,1
94.75,0.2134,0.96229,-0.0022806,4,-58.5,5.4993,924.75,1
97.25,0.2134,0.96229,-0.0022806,4,-58.5,5.4732,924.75,1
109.5,0.1665,0.97377,-0.013684,4,-61.5,5.6711,921.25,1
111.75,0.1665,0.97377,-0.013684,4,-58.5,5.4073,924.75,1
114.25,0.1665,0.97377,-0.013684,1,-68,5.9856,921.25,1
127,0.1665,0.97377,-0.013684,4,-56.5,4.7937,922.75,1
127.5,0.072698,0.82449,0.61348,1,-60.5,0.40497,921.75,1
127.75,0.072698,0.82449,0.61348,4,-57.5,4.9992,925.75,1
128.75,0.072698,0.82449,0.61348,1,-57,5.3996,924.75,1
227.75,0.40101,0.97377,-0.013684,1,-60,0.96027,925.75,4
228.25,0.40101,0.97377,-0.025087,1,-59,0.056757,923.25,4
228.5,0.40101,0.97377,-0.025087,1,-58.5,5.8015,923.75,4
229.25,0.45964,0.92784,0.043332,4,-52.5,1.6168,925.25,4
229.5,0.49481,0.92784,0.066138,1,-61.5,4.8627,920.75,4
230.25,0.37756,0.97377,0.020525,1,-59.5,0.47247,925.75,4
230.75,0.61207,0.85894,0.12315,1,-63,5.4073,920.25,4
231,0.61207,0.85894,0.12315,1,-59,2.5878,923.75,4
231.25,0.61207,0.85894,0.12315,1,-59,1.7564,924.75,4
231.5,0.38928,0.98526,-0.0022806,1,-59.5,3.5389,922.75,4
231.75,0.38928,0.98526,-0.0022806,1,-59,1.2502,925.25,4
232,0.38928,0.98526,-0.0022806,1,-62,5.1204,920.75,4
247,-0.044557,0.96229,0.020525,1,-55,1.4373,922.25,4
247.1,-0.044557,0.96229,0.020525,1,-64,0.48014,925.75,4
247.5,-0.044557,0.96229,0.020525,4,-57,0.084369,923.25,4
248.75,-0.044557,0.96229,0.020525,3,-57.5,5.7524,922.75,4
249,0.34238,0.59483,0.71611,3,-56.5,0.29606,921.75,1
249.5,0.34238,0.59483,0.71611,4,-58,5.0744,922.25,1
250,0.34238,0.59483,0.71611,4,-56,6.2586,923.25,1
250.25,0.34238,0.59483,0.71611,4,-55.5,4.513,923.75,1
252,0.7645,-0.16306,1.1038,3,-57.5,4.7661,925.75,3
252.5,0.7645,-0.16306,1.1038,4,-56,1.7181,923.25,3
252.75,0.7645,-0.16306,1.1038,3,-62,5.7754,920.25,3
253,0.7645,-0.16306,1.1038,3,-57.5,5.6834,924.75,3
253.5,0.70587,0.0091865,0.75032,3,-58.5,0.99862,922.75,3
253.75,0.70587,0.0091865,0.75032,4,-56.5,5.596,925.25,3
254.25,0.70587,0.0091865,0.75032,4,-57.5,5.7678,922.25,3
254.75,0.72932,-0.0022966,0.73892,4,-56.5,0.3973,924.25,3
255,0.72932,-0.0022966,0.73892,4,-56.5,1.5386,923.25,3
255.25,0.72932,-0.0022966,0.73892,4,-56,0.98482,923.75,3
255.5,0.72932,-0.0022966,0.73892,4,-56.5,6.1006,924.75,3
255.75,0.72932,-0.0022966,0.73892,4,-58.5,3.5972,921.25,3
256,0.72932,-0.0022966,0.73892,1,-67,5.0299,925.25,3
256.5,0.72932,-0.0022966,0.73892,4,-58,6.1773,921.75,3
257,0.7645,-0.025263,0.77313,1,-67.5,1.514,925.75,3
257.5,0.7645,-0.025263,0.77313,3,-62,5.7678,920.25,3
257.75,0.7645,-0.025263,0.77313,4,-56.5,6.0224,924.75,3
258,0.7645,-0.025263,0.77313,4,-58.5,0.36969,921.25,3
258.5,0.7645,-0.025263,0.77313,4,-56.5,1.9712,922.75,3
258.57,0.7645,-0.025263,0.77313,3,-56.5,5.2646,925.25,3
259,0.7645,-0.025263,0.77313,4,-58,6.1252,921.75,3
259.5,0.74105,-0.01378,0.76172,3,-57.5,6.0715,924.25,3
260,0.74105,-0.01378,0.76172,3,-61.5,2.6538,920.25,3
260.25,0.74105,-0.01378,0.76172,4,-56.5,5.9979,924.75,3
261,0.98728,-0.14009,0.86435,4,-56.5,5.4349,925.25,3
261.5,0.98728,-0.14009,0.86435,4,-57,2.4513,922.25,3
261.75,0.98728,-0.14009,0.86435,1,-67,4.3519,925.75,3
262,0.98728,-0.14009,0.86435,4,-56.5,0.27458,924.25,3
262.25,0.98728,-0.14009,0.86435,4,-56.5,1.4128,923.25,3
262.75,0.83485,-0.059712,0.79593,1,-67,2.1598,924.75,3
263.25,0.83485,-0.059712,0.79593,4,-56.5,1.9221,922.75,3
263.5,0.83485,-0.059712,0.79593,3,-56.5,5.2708,925.25,3
263.75,0.83485,-0.059712,0.79593,4,-58,6.1068,921.75,3
264,0.83485,-0.059712,0.79593,4,-57.5,2.4651,922.25,3
264.25,0.83485,-0.059712,0.79593,4,-56.5,4.9087,925.75,3
264.5,0.83485,-0.059712,0.79593,4,-57,0.29606,924.25,3
265,0.75277,-0.0022966,0.72751,4,-56.5,0.86056,923.75,3
265.25,0.75277,-0.0022966,0.72751,1,-67,2.1875,924.75,3
265.75,0.75277,-0.0022966,0.72751,4,-57,1.9129,922.75,3
265.85,0.75277,-0.0022966,0.72751,1,-67,4.8014,925.25,3
266.75,0.94038,-0.10565,0.81874,4,-56.5,4.8428,925.75,3
266.85,0.94038,-0.10565,0.81874,1,-67.5,5.7494,924.25,3
267.25,0.94038,-0.10565,0.81874,3,-57.5,0.20862,923.75,3
267.75,0.94038,-0.10565,0.81874,4,-56.5,5.9196,924.75,3
267.82,0.94038,-0.10565,0.81874,4,-59,0.28992,921.25,3
268.5,0.7176,0.0091865,0.72751,4,-59,3.9592,920.75,3
269,0.7176,0.0091865,0.72751,3,-59,1.3438,922.25,3
269.25,0.7176,0.0091865,0.72751,3,-57.5,6.1298,924.25,3
269.5,0.7176,0.0091865,0.72751,4,-56.5,1.3637,923.25,3
269.75,0.7176,0.0091865,0.72751,1,-68.5,6.2617,923.75,3
270.25,0.7176,0.0091865,0.72751,4,-56.5,5.9028,924.75,3
270.75,0.7176,0.0091865,0.70471,4,-56.5,5.3321,925.25,3
272.53,0.7176,0.0091865,0.70471,1,-66.5,1.1766,925.75,3
272.57,0.7176,0.0091865,0.70471,4,-56.5,0.21169,924.25,3
272.6,0.7176,0.0091865,0.70471,4,-56.5,1.3346,923.25,3
272.65,0.82312,-0.048229,0.77313,4,-56.5,5.9595,924.75,3
272.75,0.82312,-0.048229,0.77313,4,-59,3.4269,921.25,3
273,0.82312,-0.048229,0.77313,4,-56.5,5.4027,925.25,3
273.25,0.82312,-0.048229,0.77313,4,-56.5,5.3996,925.25,3
274,1.0811,-0.15158,0.87575,3,-56.5,4.9379,925.75,3
274.25,1.0811,-0.15158,0.87575,4,-56.5,0.24083,924.25,3
274.32,1.0811,-0.15158,0.87575,4,-56.5,1.3468,923.25,3
274.75,1.0811,-0.15158,0.87575,4,-57,0.80074,923.75,3
274.85,1.0811,-0.15158,0.87575,4,-56.5,5.912,924.75,3
275,1.0811,-0.15158,0.87575,4,-56.5,5.9074,924.75,3
275.25,1.0811,-0.15158,0.87575,4,-57,1.8577,922.75,3
276.25,0.9521,-0.11713,0.81874,4,-57.5,2.3976,922.25,3
276.5,0.9521,-0.11713,0.81874,1,-67.5,1.175,925.75,3
276.75,0.9521,-0.11713,0.81874,4,-56.5,1.3852,923.25,3
277.5,0.79967,-0.048229,0.75032,4,-56.5,5.9196,924.75,3
277.75,0.79967,-0.048229,0.75032,4,-57,1.8684,922.75,3
278,0.79967,-0.048229,0.75032,4,-56.5,5.3367,925.25,3
278.25,0.79967,-0.048229,0.75032,4,-58.5,2.8716,921.75,3
278.75,0.79967,-0.048229,0.75032,3,-56.5,4.8949,925.75,3
278.82,0.79967,-0.048229,0.75032,4,-56.5,4.8152,925.75,3
279,0.79967,-0.048229,0.75032,4,-56.5,0.20095,924.25,3
279.25,0.79967,-0.048229,0.75032,3,-57.5,0.61052,923.25,3
279.75,0.8583,-0.048229,0.78453,1,-67.5,2.1016,924.75,3
280.25,0.8583,-0.048229,0.78453,4,-56.5,5.3674,925.25,3
280.5,0.8583,-0.048229,0.78453,4,-59.5,3.9178,920.75,3
281,0.8583,-0.048229,0.78453,4,-57.5,2.3853,922.25,3
281.25,0.8583,-0.048229,0.78453,3,-56.5,4.9133,925.75,3
281.32,0.8583,-0.048229,0.78453,4,-56.5,0.20555,924.25,3
281.5,0.8583,-0.048229,0.78453,4,-56.5,1.3146,923.25,3
282.25,0.75277,-0.01378,0.71611,3,-57,5.6941,924.75,3
282.5,0.75277,-0.01378,0.71611,4,-59,0.20862,921.25,3
282.75,0.75277,-0.01378,0.71611,4,-56.5,5.2999,925.25,3
283.25,0.75277,-0.01378,0.71611,4,-58.5,5.9749,921.75,3
283.75,0.77622,-0.025263,0.75032,4,-56.5,0.22856,924.25,3
284,0.77622,-0.025263,0.75032,4,-56.5,1.3422,923.25,3
284.5,0.77622,-0.025263,0.75032,4,-56.5,0.82682,923.75,3
284.6,0.77622,-0.025263,0.75032,1,-67.5,5.2201,924.75,3
285,0.77622,-0.025263,0.75032,4,-59,3.3563,921.25,3
285.25,0.77622,-0.025263,0.75032,3,-56.5,5.3229,925.25,3
285.5,0.77622,-0.025263,0.75032,4,-59.5,3.8334,920.75,3
286,0.77622,-0.025263,0.75032,3,-59,1.3254,922.25,3
286.25,0.77622,-0.025263,0.75032,4,-56.5,0.1626,924.25,3
286.75,0.75277,-0.025263,0.71611,3,-58,0.21629,923.75,3
287,0.75277,-0.025263,0.71611,4,-56.5,5.8659,924.75,3
287.25,0.75277,-0.025263,0.71611,4,-59,3.3686,921.25,3
287.75,0.75277,-0.025263,0.71611,4,-57,5.3321,925.25,3
288,0.75277,-0.025263,0.71611,3,-60.5,2.3899,920.75,3
288.25,0.75277,-0.025263,0.71611,4,-57.5,2.393,922.25,3
288.75,0.74105,0.0091865,0.70471,3,-57.5,0.65961,923.25,3
289.25,0.74105,0.0091865,0.70471,4,-57,0.76392,923.75,3
289.5,0.74105,0.0091865,0.70471,4,-56.5,5.8874,924.75,3
289.75,0.74105,0.0091865,0.70471,4,-57.5,1.8086,922.75,3
290,0.74105,0.0091865,0.70471,4,-56.5,5.3137,925.25,3
290.25,0.74105,0.0091865,0.70471,4,-60,3.8043,920.75,3
290.75,0.74105,0.0091865,0.70471,3,-58,1.353,922.25,3
291,0.74105,0.0091865,0.70471,3,-56.5,4.8965,925.75,3
291.75,0.98728,-0.12861,0.84154,4,-57.5,0.77926,923.75,3
292,0.98728,-0.12861,0.84154,1,-67.5,2.097,924.75,3
292.5,0.98728,-0.12861,0.84154,3,-58.5,4.177,922.75,3
292.75,0.98728,-0.12861,0.84154,4,-59.5,3.8549,920.75,3
293.5,0.79967,-0.048229,0.73892,4,-56.5,4.7814,925.75,3
293.57,0.79967,-0.048229,0.73892,4,-57,0.17027,924.25,3
294.25,0.79967,-0.048229,0.73892,4,-56.5,0.75012,923.75,3
294.5,0.79967,-0.048229,0.73892,1,-66.5,2.2304,924.75,3
294.75,0.79967,-0.048229,0.73892,4,-57,1.7886,922.75,3
295,0.79967,-0.048229,0.73892,4,-56,5.2677,925.25,3
295.75,0.7645,-0.025263,0.71611,4,-56.5,1.6122,925.75,3
296,0.7645,-0.025263,0.71611,4,-56.5,0.22089,924.25,3
296.25,0.7645,-0.025263,0.71611,4,-56.5,1.356,923.25,3
296.75,0.7645,-0.025263,0.71611,3,-57,5.7264,924.75,3
297.5,0.77622,-0.01378,0.72751,3,-56.5,5.3014,925.25,3
297.75,0.77622,-0.01378,0.72751,4,-60,3.8334,920.75,3
298.25,0.77622,-0.01378,0.72751,1,-66.5,4.3795,925.75,3
298.5,0.77622,-0.01378,0.72751,1,-67.5,5.6696,924.25,3
299.25,1.0459,-0.14009,0.86435,4,-56,5.8261,924.75,3
299.32,1.0459,-0.14009,0.86435,4,-56.5,5.8414,924.75,3
299.75,1.0459,-0.14009,0.86435,4,-57,1.8577,922.75,3
299.85,1.0459,-0.14009,0.86435,3,-56.5,5.4011,925.25,3
300,1.0459,-0.14009,0.86435,4,-59.5,3.9024,920.75,3
300.5,1.0459,-0.14009,0.86435,4,-56,4.7922,925.75,3
301,1.0107,-0.12861,0.85295,4,-57,1.3284,923.25,3
301.5,1.0107,-0.12861,0.85295,4,-56.5,0.75012,923.75,3
301.75,1.0107,-0.12861,0.85295,4,-56.5,5.8613,924.75,3
302,1.0107,-0.12861,0.85295,4,-59,0.17334,921.25,3
302.25,1.0107,-0.12861,0.85295,4,-56,5.2876,925.25,3
302.5,1.0107,-0.12861,0.85295,4,-56.5,5.2738,925.25,3
302.75,1.0107,-0.12861,0.85295,4,-58.5,2.8149,921.75,3
303,1.0107,-0.12861,0.85295,4,-56.5,4.7645,925.75,3
303.75,0.8114,-0.036746,0.73892,4,-60,4.3304,920.25,3
304,0.8114,-0.036746,0.73892,4,-56.5,0.79614,923.75,3
304.25,0.8114,-0.036746,0.73892,3,-57,5.7969,924.75,3
304.5,0.8114,-0.036746,0.73892,4,-57,1.8316,922.75,3
304.75,0.8114,-0.036746,0.73892,4,-56.5,5.2631,925.25,3
305.5,0.8114,-0.048229,0.76172,4,-56.5,4.7354,925.75,3
305.75,0.8114,-0.048229,0.76172,4,-56.5,1.5647,925.75,3
305.85,0.8114,-0.048229,0.76172,4,-56.5,0.19328,924.25,3
306,0.8114,-0.048229,0.76172,4,-56,1.4373,923.25,3
306.5,0.8114,-0.048229,0.76172,2,-66,4.8428,923.75,3
306.75,0.8114,-0.048229,0.76172,4,-59,5.5668,921.25,3
309.5,0.47136,0.69818,0.11175,1,-63.5,4.9241,922.75,4
310.25,0.28376,1.0082,-0.013684,4,-50.5,5.5929,922.25,4
