0,0.7176,0.089569,0.80733,1,-67.5,5.7079,920.25,3
1.25,0.74105,0.078086,0.80733,1,-61.5,4.2522,925.25,3
1.75,0.56517,0.16995,0.71611,1,-67,1.8607,920.75,3
2.25,0.55344,0.14698,0.70471,4,-57,5.7356,920.25,3
2.75,0.55344,0.14698,0.70471,4,-56,5.1296,921.25,3
2.8,0.55344,0.14698,0.70471,4,-55.5,4.7891,921.75,3
3.25,0.7176,0.11254,0.79593,1,-65.5,0.1626,922.75,3
3.75,0.57689,0.16995,0.72751,1,-62.5,4.6418,924.75,3
4,0.57689,0.16995,0.72751,1,-64,5.484,923.75,3
4.75,0.56517,0.16995,0.71611,1,-64.5,5.9933,923.25,3
5.5,0.65897,0.1355,0.76172,1,-60,0.82221,925.75,3
6.25,0.83485,0.043636,0.85295,1,-61.5,1.6475,924.75,3
6.5,0.83485,0.043636,0.85295,4,-56,5.4119,920.75,3
7.5,0.57689,0.18143,0.70471,1,-67.5,1.2594,921.25,3
7.75,0.57689,0.18143,0.70471,3,-58.5,1.218,925.75,3
9,0.63552,0.15847,0.72751,1,-63.5,5.4748,923.75,3
9.25,0.63552,0.15847,0.72751,1,-62.5,5.0391,924.25,3
10.25,0.91693,0.02067,0.87575,1,-61,0.53229,925.75,3
11,0.61207,0.18143,0.71611,1,-61.5,4.1525,925.25,3
12.25,0.74105,0.10105,0.79593,4,-57,5.5868,920.25,3
12.75,0.67069,0.15847,0.76172,3,-57,1.2195,925.75,3
13.25,0.94038,0.02067,0.88716,1,-66.5,0.33748,922.25,3
13.5,0.94038,0.02067,0.88716,3,-57.5,1.8423,924.75,3
13.75,0.72932,0.11254,0.79593,1,-68,1.5539,920.75,3
14.5,0.61207,0.16995,0.72751,4,-56.5,5.6358,920.25,3
14.75,0.61207,0.16995,0.72751,1,-67,1.2625,921.25,3
15.5,0.94038,0.0091865,0.89856,1,-66.5,0.34975,922.25,3
16,0.88175,0.055119,0.87575,1,-64,5.3444,923.75,3
16.5,0.87003,0.043636,0.87575,1,-63.5,1.8377,924.25,3
17.75,0.61207,0.16995,0.72751,3,-57.5,1.2579,925.75,3
18,0.61207,0.16995,0.72751,1,-67,0.36662,922.25,3
18.5,0.61207,0.18143,0.71611,1,-63.5,5.3183,923.75,3
19.5,0.57689,0.18143,0.71611,4,-56.5,5.5315,920.25,3
20,0.77622,0.078086,0.81874,1,-61.5,0.54456,925.75,3
20.75,0.99901,-0.01378,0.90996,4,-52,5.2462,925.25,3
20.825,0.99901,-0.01378,0.90996,1,-62.5,4.5835,924.75,3
21.75,0.63552,0.18143,0.71611,1,-69,5.0315,920.25,3
23.25,0.70587,0.12402,0.77313,4,-52.5,5.642,924.75,3
23.5,0.58862,0.16995,0.71611,1,-64,5.4042,923.75,3
24,0.58862,0.16995,0.71611,1,-63,1.83,924.25,3
24.25,0.58862,0.16995,0.71611,1,-65,5.7524,923.25,3
25,0.9521,0.02067,0.87575,1,-61.5,0.41111,925.75,3
25.5,0.7176,0.12402,0.76172,1,-62,4.1448,925.25,3
26,0.60034,0.16995,0.71611,1,-64,5.4272,923.75,3
26.75,0.57689,0.18143,0.70471,4,-56.5,5.5315,920.25,3
27.25,0.57689,0.18143,0.70471,4,-55.5,4.5114,921.75,3
27.5,0.74105,0.12402,0.78453,1,-65.5,6.1144,922.75,3
27.75,0.74105,0.12402,0.78453,1,-62.5,0.92499,925.25,3
28.75,0.75277,0.10105,0.78453,1,-63.5,1.8623,924.25,3
29,0.75277,0.10105,0.78453,1,-65,5.8,923.25,3
29.5,0.75277,0.10105,0.78453,1,-68,1.1766,921.25,3
30,0.63552,0.18143,0.71611,1,-65.5,6.1329,922.75,3
30.25,0.63552,0.18143,0.71611,1,-66.5,0.24544,922.25,3
31.5,0.68242,0.12402,0.75032,1,-65,5.8598,923.25,3
32.25,0.78795,0.089569,0.80733,1,-61.5,0.51235,925.75,3
33,0.68242,0.15847,0.75032,1,-62,0.94647,925.25,3
33.5,0.89348,0.066602,0.86435,1,-63,4.8704,924.25,3
34,0.94038,0.043636,0.88716,4,-56.5,5.4303,920.25,3
34.25,0.94038,0.043636,0.88716,1,-67,1.2195,921.25,3
34.75,0.58862,0.16995,0.6933,1,-61.5,3.7107,925.75,3
35,0.58862,0.16995,0.6933,1,-67,0.42031,922.25,3
35.75,0.77622,0.11254,0.79593,4,-55.5,5.1066,920.75,3
36,0.77622,0.11254,0.79593,1,-63.5,1.4926,924.25,3
36.25,0.99901,0.02067,0.88716,4,-56.5,5.4993,920.25,3
36.5,0.99901,0.02067,0.88716,3,-61.5,0.65041,921.25,3
37.75,0.62379,0.16995,0.70471,1,-62,1.2303,924.75,3
38.5,0.61207,0.19292,0.6933,1,-62,4.8167,924.25,3
39,0.62379,0.19292,0.70471,4,-57,5.4073,920.25,3
39.25,0.62379,0.19292,0.70471,4,-56,4.8351,921.25,3
40.25,0.7176,0.12402,0.77313,1,-61.5,4.5559,924.75,3
40.75,0.57689,0.19292,0.70471,4,-56,5.145,920.75,3
41.25,0.83485,0.078086,0.83014,4,-56.5,5.4272,920.25,3
41.75,0.97555,0.032153,0.88716,4,-52,1.5309,925.75,3
42,0.97555,0.032153,0.88716,3,-57,0.98175,925.75,3
42.5,0.70587,0.15847,0.73892,1,-61.5,4.0988,925.25,3
43.25,0.68242,0.15847,0.73892,1,-62.5,5.0284,924.25,3
43.5,0.68242,0.15847,0.73892,1,-64.5,5.8844,923.25,3
44.25,0.97555,0.02067,0.89856,1,-61.5,0.54303,925.75,3
44.75,0.62379,0.18143,0.70471,1,-66,0.35128,922.25,3
45,0.62379,0.18143,0.70471,1,-61.5,4.0697,925.25,3
46.5,0.69414,0.14698,0.73892,1,-68,0.98788,921.25,3
46.75,0.69414,0.14698,0.73892,1,-62.5,0.25004,925.75,3
47.25,0.65897,0.18143,0.72751,1,-61,0.60132,925.25,3
47.75,0.57689,0.19292,0.6933,1,-62.5,4.6679,924.75,3
48,0.57689,0.19292,0.6933,3,-62,0.74091,920.75,3
49,0.64724,0.18143,0.71611,4,-56,4.8274,921.25,3
51.25,0.70587,0.15847,0.76172,4,-55.5,1.6705,921.25,3
52.25,0.65897,0.16995,0.73892,1,-62,4.1985,925.25,3
52.5,0.58862,0.16995,0.6933,1,-64,5.4349,923.75,3
53.5,0.64724,0.18143,0.70471,4,-57,5.3766,920.25,3
54,0.72932,0.1355,0.76172,1,-61,0.39884,925.75,3
54.75,0.69414,0.14698,0.73892,3,-58,1.3361,925.25,3
55,0.7176,0.12402,0.77313,1,-62.5,1.4603,924.75,3
56,0.62379,0.16995,0.70471,1,-67,1.2609,921.25,3
57,0.7176,0.15847,0.76172,1,-61.5,0.95414,925.25,3
57.25,0.7176,0.15847,0.76172,4,-52.5,5.4303,924.75,3
58,0.78795,0.11254,0.78453,1,-63.5,1.7994,924.25,3
58.75,0.67069,0.15847,0.72751,1,-66.5,0.81454,921.75,3
59,0.67069,0.15847,0.72751,1,-61.5,0.48014,925.75,3
59.5,0.67069,0.15847,0.72751,1,-66.5,0.38196,922.25,3
59.75,0.58862,0.18143,0.6933,1,-62.5,4.5467,924.75,3
60,0.58862,0.18143,0.6933,1,-64,5.3337,923.75,3
61.25,0.96383,0.032153,0.88716,1,-67,0.7808,921.75,3
61.5,0.96383,0.032153,0.88716,1,-61.5,0.52002,925.75,3
62,0.65897,0.15847,0.73892,1,-62,0.98942,925.25,3
62.5,0.57689,0.18143,0.6933,1,-64,5.4226,923.75,3
62.75,0.57689,0.18143,0.6933,4,-56.5,5.1803,920.75,3
62.825,0.57689,0.18143,0.6933,1,-63,5.0084,924.25,3
63.75,0.70587,0.14698,0.76172,1,-67,0.78386,921.75,3
64.25,0.58862,0.16995,0.6933,1,-66,0.3835,922.25,3
64.5,0.58862,0.16995,0.6933,1,-62.5,0.99095,925.25,3
65.5,1.0107,0.0091865,0.89856,4,-54,0.3252,923.25,3
65.75,1.0107,0.0091865,0.89856,4,-57,5.415,920.25,3
66.25,0.70587,0.15847,0.73892,1,-62,0.32674,925.75,3
66.75,0.67069,0.16995,0.72751,1,-66.5,0.2393,922.25,3
67,0.67069,0.16995,0.72751,1,-62,0.97408,925.25,3
68,0.91693,0.02067,0.86435,1,-64.5,5.7954,923.25,3
68.75,0.67069,0.18143,0.72751,1,-61,0.37276,925.75,3
74.75,0.72932,0.066602,0.86435,1,-58.5,1.3622,923.75,3
179.25,-0.021106,1.0542,0.066138,2,-56,5.3567,922.25,2
179.75,0.0023451,1.0542,0.054735,2,-55.5,4.8351,923.75,2
180.25,0.0023451,1.0542,0.054735,2,-54.5,1.491,924.25,2
180.5,0.0023451,1.0542,0.054735,2,-58,0.059825,920.25,2
181.5,0.20168,0.93932,0.16876,2,-55.5,5.2278,922.75,2
182.5,0.24858,0.93932,0.18017,2,-57.5,6.0301,920.75,2
182.75,0.24858,0.93932,0.18017,2,-55.5,4.9824,923.25,2
183.25,0.24858,0.93932,0.18017,2,-57,5.7846,921.25,2
184,0.096148,0.98526,0.10035,2,-56.5,5.4364,922.25,2
185,0.28376,0.93932,0.21438,2,-54.5,4.7001,924.25,2
185.5,0.28376,0.93932,0.21438,2,-57.5,0.044485,920.25,2
186.25,0.13132,0.98526,0.13456,2,-55.5,5.438,922.75,2
186.5,0.13132,0.98526,0.13456,2,-56,5.6834,922.25,2
186.75,0.13132,0.98526,0.13456,2,-54,1.2287,925.25,2
187.5,0.15478,0.97377,0.13456,2,-54.5,1.6552,924.25,2
188,0.15478,0.97377,0.13456,2,-58,0.25157,920.25,2
188.5,0.15478,0.97377,0.13456,2,-56.5,5.9779,921.75,2
188.6,0.15478,0.97377,0.13456,2,-54,1.1735,925.75,2
189.25,0.27203,0.92784,0.20297,2,-54,4.625,925.25,2
189.75,0.27203,0.92784,0.20297,2,-54.5,5.2907,923.75,2
190,0.27203,0.92784,0.20297,2,-54.5,5.0928,924.25,2
191,0.10787,0.99674,0.12315,2,-57,0.039884,921.75,2
191.75,0.27203,0.92784,0.20297,2,-54.5,5.2109,924.75,2
192,0.27203,0.92784,0.20297,2,-55.5,5.5898,923.75,2
192.25,0.27203,0.92784,0.20297,2,-55,5.2125,924.25,2
192.75,0.27203,0.92784,0.20297,2,-56,5.596,923.25,2
193.25,0.27203,0.92784,0.20297,2,-57,6.0086,921.75,2
193.5,0.27203,0.92784,0.20297,2,-56,5.4656,922.75,2
194.5,0.072698,1.0197,0.11175,2,-55.5,4.7691,923.75,2
195,0.072698,1.0197,0.11175,2,-55,4.3688,924.25,2
195.5,0.072698,1.0197,0.11175,2,-58,5.5776,921.25,2
196,0.072698,1.0197,0.11175,2,-56.5,5.1941,922.75,2
196.5,0.072698,1.0197,0.11175,2,-55,0.948,925.25,2
197.25,0.14305,0.98526,0.15736,2,-55,4.7569,924.25,2
197.75,0.14305,0.98526,0.15736,2,-58,0.21629,920.25,2
198.5,0.14305,0.98526,0.15736,2,-56,5.5223,922.75,2
199.25,0.14305,1.0082,0.14596,2,-55.5,4.9793,923.75,2
199.75,0.14305,1.0082,0.14596,2,-55.5,4.8044,924.25,2
200.25,0.14305,1.0082,0.14596,2,-58,6.0516,921.25,2
200.75,0.14305,1.0082,0.14596,2,-54.5,0.99862,925.75,2
201.25,0.14305,1.0082,0.14596,2,-56,5.6589,922.25,2
201.75,0.13132,0.99674,0.14596,2,-55,5.1818,923.75,2
202.25,0.13132,0.99674,0.14596,2,-55.5,5.5315,923.25,2
203.25,0.28376,0.92784,0.22578,2,-56.5,6.0853,922.75,2
203.75,0.28376,0.92784,0.22578,2,-54,4.9762,925.25,2
211,0.27203,0.90487,0.24859,4,-55.5,5.7248,925.25,1
211.5,0.58862,0.11254,0.80733,4,-55.5,1.7917,923.75,3
212,0.58862,0.11254,0.80733,1,-67,5.757,924.25,3
213,0.58862,0.11254,0.80733,1,-64,3.9577,925.75,3
213.5,0.58862,0.11254,0.80733,4,-57,5.306,922.25,3
214,0.78795,0.12402,0.6705,4,-55,1.4312,923.75,3
214.08,0.78795,0.12402,0.6705,4,-58,0.28685,920.75,3
214.25,0.78795,0.12402,0.6705,1,-63,5.4027,924.25,3
214.75,0.78795,0.12402,0.6705,4,-55,5.0483,923.25,3
215,0.78795,0.12402,0.6705,4,-57.5,6.2065,921.25,3
215.25,0.78795,0.12402,0.6705,4,-57,5.9104,921.75,3
215.75,1.0225,0.055119,0.78453,4,-56.5,2.0601,922.75,3
216,1.0225,0.055119,0.78453,4,-56.5,5.5116,922.25,3
216.1,1.0225,0.055119,0.78453,4,-54.5,0.37889,925.25,3
216.25,1.0225,0.055119,0.78453,1,-62.5,4.7308,924.75,3
217,0.87003,0.1355,0.6933,4,-55,1.0477,924.25,3
217.1,0.87003,0.1355,0.6933,4,-55.5,1.6858,923.25,3
217.25,0.87003,0.1355,0.6933,4,-58.5,0.39884,920.25,3
217.5,0.87003,0.1355,0.6933,1,-67,0.83142,921.75,3
218.25,0.77622,0.15847,0.64769,4,-56,5.4288,922.25,3
219,0.94038,0.089569,0.73892,1,-64.5,2.2427,923.75,3
219.75,0.79967,0.16995,0.63629,4,-58,5.961,921.25,3
220.5,0.70587,0.2044,0.59068,4,-56,5.0529,922.75,3
220.75,0.70587,0.2044,0.59068,4,-56,5.3551,922.25,3
221.25,0.7176,0.19292,0.59068,1,-63.5,5.3873,923.75,3
222,0.91693,0.089569,0.72751,1,-65,5.7187,923.25,3
222.5,0.91693,0.089569,0.72751,4,-57,5.6282,921.75,3
223,0.9521,0.089569,0.71611,1,-67,0.20402,922.25,3
223.5,0.9521,0.089569,0.71611,1,-63,4.539,924.75,3
223.75,0.9521,0.089569,0.71611,4,-55.5,1.2318,923.75,3
224.25,0.7645,0.19292,0.60208,4,-55,4.6802,923.25,3
224.75,0.7645,0.19292,0.60208,4,-57,5.938,921.25,3
225.5,0.74105,0.2044,0.59068,4,-56,4.9578,922.75,3
226,0.74105,0.2044,0.59068,1,-64.5,5.2201,923.75,3
226.5,0.74105,0.2044,0.59068,4,-55.5,0.84676,924.25,3
227.25,0.84658,0.14698,0.64769,4,-57.5,5.912,921.25,3
227.75,0.8114,0.15847,0.63629,4,-56,4.9594,922.75,3
228,0.8114,0.15847,0.63629,4,-55.5,2.1752,922.25,3
228.5,0.70587,0.2044,0.57927,4,-54.5,0.48627,924.75,3
228.58,0.70587,0.2044,0.57927,4,-55,1.1934,923.75,3
228.75,0.70587,0.2044,0.57927,4,-58,6.1896,920.75,3
229,0.70587,0.2044,0.57927,4,-55,0.84676,924.25,3
229.25,0.70587,0.2044,0.57927,4,-56,1.4834,923.25,3
230,0.98728,0.078086,0.71611,1,-62.5,3.611,925.75,3
230.75,0.7176,0.2044,0.57927,1,-63,4.4777,924.75,3
231,0.7176,0.2044,0.57927,4,-55,1.1812,923.75,3
231.5,0.9521,0.10105,0.71611,4,-55.5,4.6418,923.25,3
232.25,0.9521,0.10105,0.71611,1,-67.5,0.48781,921.75,3
233,0.83485,0.15847,0.63629,4,-56.5,2.1077,922.25,3
233.25,0.83485,0.15847,0.63629,1,-63,0.90812,925.25,3
234,0.87003,0.14698,0.6705,1,-64.5,4.8167,924.25,3
234.5,0.87003,0.14698,0.6705,4,-57,5.9104,921.25,3
235,0.7176,0.2044,0.59068,4,-56,4.9041,922.75,3
235.5,0.7176,0.2044,0.59068,1,-63.5,0.89584,925.25,3
236.25,0.82312,0.18143,0.62489,1,-63.5,4.7415,924.25,3
236.75,0.82312,0.18143,0.62489,4,-57.5,5.9196,921.25,3
237.25,0.82312,0.18143,0.62489,4,-56.5,2.4283,921.75,3
237.5,0.92865,0.11254,0.6819,1,-65.5,0.058291,922.75,3
238.25,0.84658,0.14698,0.64769,4,-54.5,0.38503,924.75,3
238.33,0.84658,0.14698,0.64769,4,-55,1.1029,923.75,3
238.75,0.84658,0.14698,0.64769,1,-64.5,4.7937,924.25,3
239,0.84658,0.14698,0.64769,1,-66,5.5622,923.25,3
239.5,0.84658,0.14698,0.64769,4,-56.5,5.5637,921.75,3
240,0.72932,0.21588,0.59068,4,-56,4.8689,922.75,3
240.25,0.72932,0.21588,0.59068,1,-66.5,0.03835,922.25,3
240.5,0.72932,0.21588,0.59068,4,-55,0.39423,924.75,3
241.5,0.88175,0.14698,0.6591,1,-65.5,5.5469,923.25,3
242,0.88175,0.14698,0.6591,4,-56.5,5.4993,921.75,3
242.5,1.0107,0.078086,0.72751,4,-56,5.1879,922.25,3
242.75,1.0107,0.078086,0.72751,1,-62.5,0.92346,925.25,3
243.5,1.0694,0.055119,0.73892,4,-58,6.0899,920.75,3
243.75,1.0694,0.055119,0.73892,1,-64.5,4.7891,924.25,3
244.25,1.0694,0.055119,0.73892,4,-57.5,2.6231,921.25,3
244.75,0.83485,0.16995,0.63629,4,-56,4.8474,922.75,3
245,0.83485,0.16995,0.63629,4,-56,5.1879,922.25,3
245.5,0.74105,0.21588,0.59068,1,-63.5,4.4501,924.75,3
246,0.74105,0.21588,0.59068,3,-63.5,5.5438,920.75,3
246.75,1.0928,0.055119,0.75032,3,-62,5.1266,921.75,3
247.25,1.0928,0.055119,0.75032,1,-64.5,5.9902,922.75,3
248,0.79967,0.18143,0.59068,1,-65,4.9992,923.75,3
248.5,0.79967,0.18143,0.59068,1,-65,4.5989,924.25,3
249,0.79967,0.18143,0.59068,1,-68.5,0.70563,921.25,3
249.75,0.8583,0.14698,0.6591,4,-56,4.809,922.75,3
250,0.8583,0.14698,0.6591,4,-56,1.9788,922.25,3
250.5,0.87003,0.15847,0.63629,4,-55.5,0.99555,923.75,3
250.75,0.87003,0.15847,0.63629,4,-55.5,0.64734,924.25,3
251,0.87003,0.15847,0.63629,4,-56,1.33,923.25,3
252.25,0.8583,0.1355,0.63629,1,-67,6.1651,922.25,3
253.25,1.1514,0.043636,0.76172,1,-64.5,4.5713,924.25,3
253.75,1.1514,0.043636,0.76172,3,-64,5.6481,920.25,3
254.25,1.1514,0.043636,0.76172,4,-53.5,5.8598,925.75,3
254.75,0.83485,0.18143,0.62489,4,-56,1.9911,922.25,3
255.25,0.92865,0.11254,0.6705,1,-65,4.9686,923.75,3
255.75,0.92865,0.11254,0.6705,1,-64.5,4.5268,924.25,3
256.25,0.92865,0.11254,0.6705,4,-59,0.029146,920.25,3
256.5,0.92865,0.11254,0.6705,4,-57,2.2688,921.75,3
257,0.89348,0.14698,0.64769,4,-56,1.6444,922.75,3
258.5,0.7645,0.2044,0.59068,1,-65,2.12,920.25,3
259,0.97555,0.089569,0.77313,4,-59,0.34054,921.75,3
262.75,0.97555,0.089569,0.77313,1,-59.5,6.2111,923.75,3
