0,0.10787,0.90487,-0.082102,1,-44.5,4.625,922.25,4
0.25,0.20168,1.0427,-0.025087,1,-45,3.5358,925.75,4
0.275,0.24858,1.169,-0.070699,2,-65.5,5.214,925.75,4
0.5,0.24858,1.169,-0.070699,1,-56.5,5.5837,924.25,4
1.5,0.24858,1.169,-0.070699,2,-50.5,0.62433,924.75,4
2,0.28376,1.0886,0.020525,2,-56.5,1.5309,920.75,4
2.75,0.072698,0.76708,0.077541,2,-57.5,1.3116,925.75,2
3.5,0.072698,0.76708,0.077541,2,-56.5,1.7012,923.75,2
4.5,0.63552,0.74411,0.27139,2,-51.5,0.81454,925.25,2
6.5,0.70587,0.76708,0.043332,2,-55,5.3459,922.75,2
7.5,0.70587,0.75559,0.043332,2,-55,5.5285,922.25,2
9.25,0.67069,0.75559,0.031928,2,-56.5,6.2004,920.75,2
9.75,0.67069,0.75559,0.031928,2,-56,5.5515,922.25,2
10.5,0.72932,0.76708,0.054735,2,-55.5,5.2631,923.25,2
10.75,0.72932,0.76708,0.054735,2,-57.5,0.21629,920.25,2
11.25,0.68242,0.76708,0.031928,2,-56.5,6.0316,921.25,2
13.25,0.68242,0.75559,0.031928,2,-55,5.0652,923.75,2
13.5,0.68242,0.75559,0.031928,2,-57,6.0638,921.25,2
14.25,0.78795,0.70966,0.077541,2,-57.5,0.010738,920.75,2
14.75,0.78795,0.70966,0.077541,2,-56.5,5.7325,922.25,2
15.5,0.67069,0.76708,0.043332,2,-58,0.26384,920.25,2
20,0.84658,0.69818,0.12315,2,-55,4.8244,924.25,2
21.5,0.88175,0.67521,0.14596,2,-57.5,0.064427,920.75,2
22,0.88175,0.67521,0.14596,2,-56.5,5.7279,922.25,2
22.75,0.8583,0.68669,0.13456,2,-55.5,5.2876,923.25,2
24,0.96383,0.65224,0.18017,2,-58,6.277,920.75,2
24.75,0.78795,0.72114,0.10035,2,-55,4.8949,924.25,2
25.25,0.78795,0.72114,0.10035,2,-58,0.21936,920.25,2
26,0.7645,0.73263,0.077541,2,-56.5,5.441,922.75,2
26.5,0.7645,0.73263,0.077541,2,-57.5,6.2387,920.75,2
27.25,0.8583,0.67521,0.12315,2,-55,4.7998,924.25,2
27.475,0.8583,0.67521,0.12315,2,-56,5.2662,923.25,2
28.75,0.75277,0.74411,0.066138,2,-57.5,0.001534,920.75,2
29.25,0.75277,0.74411,0.066138,2,-56,5.6711,922.25,2
29.75,0.75277,0.74411,0.077541,2,-56,5.2232,923.25,2
30.25,0.75277,0.74411,0.077541,2,-55.5,5.0238,923.75,2
31,0.84658,0.68669,0.12315,2,-56,5.4732,922.75,2
31.5,0.84658,0.68669,0.12315,2,-58,0.018408,920.75,2
32.75,1.0107,0.62928,0.19157,2,-55.5,5.0407,923.75,2
33,1.0107,0.62928,0.19157,2,-54.5,1.4542,924.75,2
33.25,1.0107,0.62928,0.19157,2,-56.5,5.4426,922.75,2
34,0.79967,0.70966,0.10035,2,-56.5,5.6404,922.25,2
34.5,0.79967,0.70966,0.10035,2,-55,4.7845,924.25,2
35.5,0.77622,0.72114,0.088944,2,-57,6.1098,921.25,2
36.25,1.0225,0.60631,0.19157,2,-57,5.8644,921.75,2
36.75,1.0225,0.60631,0.19157,2,-57,5.6543,922.25,2
38.5,0.82312,0.70966,0.12315,2,-57.5,6.2234,920.75,2
39.75,0.83485,0.68669,0.12315,2,-55.5,5.3383,923.25,2
40.5,0.77622,0.72114,0.088944,2,-57,6.0562,921.25,2
41.25,0.97555,0.64076,0.18017,2,-57,5.8475,921.75,2
43,-0.34942,1.146,-0.11631,2,-51,4.197,921.25,2
43.075,0.0023451,0.62928,-0.025087,2,-47.5,5.0422,922.75,4
43.25,0.36583,1.0082,-0.10491,2,-45,4.6878,925.25,4
43.325,0.23685,0.90487,-0.059296,2,-45,4.9241,925.25,4
43.5,0.2603,1.0082,0.043332,2,-48.5,1.2732,920.75,4
43.75,0.20168,0.85894,0.0091224,2,-47.5,1.1397,921.75,4
43.85,0.24858,1.0197,-0.070699,2,-47,0.89278,922.25,4
44,0.28376,0.98526,-0.03649,2,-45,5.0836,925.75,4
44.25,0.28376,0.98526,-0.03649,2,-45,5.033,925.75,4
44.325,0.30721,0.98526,-0.0022806,2,-45,5.8721,924.25,4
44.375,0.31893,0.96229,0.0091224,2,-45,5.8184,924.25,4
44.5,0.28376,0.98526,-0.047893,2,-46,0.13192,923.25,4
44.575,0.29548,0.97377,-0.03649,2,-46,0.13039,923.25,4
44.625,0.28376,0.96229,-0.059296,2,-46,0.15033,923.25,4
45,0.2603,0.97377,-0.03649,2,-45.5,6.2464,923.75,4
45.075,0.28376,0.98526,-0.03649,2,-45.5,0.0061359,923.75,4
45.125,0.24858,0.96229,-0.03649,2,-44,5.7371,924.75,4
45.15,0.27203,0.97377,0.020525,2,-44.5,5.7371,924.75,4
45.25,0.34238,0.97377,0.054735,2,-44,5.8399,924.75,4
45.325,0.34238,0.97377,0.054735,2,-44,5.8859,924.75,4
45.375,0.23685,0.98526,0.066138,2,-47,1.5785,921.25,4
45.5,0.24858,0.98526,0.0091224,2,-45.5,1.2057,922.75,4
45.75,0.20168,0.97377,-0.12771,2,-43.5,0.11965,925.25,4
46,0.29548,0.98526,-0.070699,2,-48,0.59365,920.75,4
51.5,0.060972,0.88191,-0.070699,4,-58,3.8994,925.75,1
67.5,0.060972,0.88191,-0.070699,4,-58,0.3973,922.75,1
67.75,0.060972,0.88191,-0.070699,4,-57.5,2.0785,920.75,1
68,0.060972,0.88191,-0.070699,3,-59,2.7596,920.75,1
68.5,0.060972,0.88191,-0.070699,4,-58,5.3597,925.75,1
69.5,0.060972,0.88191,-0.070699,4,-58.5,0.1672,924.75,1
70,0.72932,-0.048229,0.84154,4,-57,1.3131,925.25,3
70.75,0.72932,-0.048229,0.84154,4,-57.5,5.8598,925.75,3
71,0.72932,-0.048229,0.84154,1,-68.5,0.069029,924.25,3
71.5,0.72932,-0.048229,0.84154,4,-56.5,6.0163,923.25,3
73.5,0.84658,-0.059712,0.89856,4,-59.5,5.1051,924.25,3
76,0.52999,0.043636,0.96698,4,-58,2.0402,924.25,3
77.25,0.52999,0.043636,0.96698,4,-58,0.45252,922.75,3
79.75,0.7176,-0.01378,1.0468,4,-58,0.45406,922.75,3
80.25,0.7176,-0.01378,1.0468,4,-58,4.6418,921.75,3
81,0.7176,-0.01378,1.0468,4,-58.5,1.8853,924.25,3
84,0.55344,0.055119,0.97838,4,-59,1.3177,924.75,3
84.5,0.55344,0.055119,0.97838,4,-58.5,0.39884,922.75,3
85.5,0.55344,0.055119,0.97838,4,-60,0.54763,925.75,3
86.25,0.55344,0.055119,0.97838,4,-58.5,2.4007,923.75,3
86.75,0.55344,0.055119,0.97838,4,-58,5.1266,921.25,3
87.5,0.55344,0.055119,0.97838,3,-65.5,2.4958,920.75,3
89.25,0.50654,0.078086,0.94417,4,-58,0.43718,922.75,3
90,0.50654,0.078086,0.94417,4,-57.5,4.6219,921.75,3
91,0.50654,0.078086,0.94417,4,-58,5.9534,923.25,3
91.25,0.50654,0.078086,0.94417,4,-59,1.2732,924.75,3
91.75,0.50654,0.078086,0.94417,4,-58,0.27458,922.75,3
94.75,0.74105,-0.01378,1.0468,4,-58,5.6512,920.75,3
95.5,0.74105,-0.01378,1.0468,4,-58.5,1.8837,924.25,3
96,0.74105,-0.01378,1.0468,4,-58,5.6696,923.75,3
97.25,0.49481,0.10105,0.92136,4,-57.5,4.5866,921.75,3
97.75,0.49481,0.10105,0.92136,2,-69.5,3.7337,924.25,3
98.75,0.49481,0.10105,0.92136,2,-69,0.20709,924.75,3
99.75,0.49481,0.10105,0.92136,4,-57.5,4.7415,921.75,3
100.75,0.54171,0.066602,0.95557,3,-65.5,0.052155,920.25,3
101.5,0.54171,0.066602,0.95557,4,-57.5,0.24083,922.75,3
102.25,0.54171,0.066602,0.95557,4,-57.5,4.5774,921.75,3
102.5,0.54171,0.066602,0.95557,4,-59.5,0.3881,925.75,3
103.25,0.54171,0.066602,0.95557,3,-66,0.22703,920.25,3
104,0.54171,0.066602,0.95557,4,-57.5,0.32214,922.75,3
105.25,0.77622,-0.036746,1.0468,4,-58,4.9287,924.25,3
106.25,0.77622,-0.036746,1.0468,1,-66,4.4608,922.75,3
106.75,0.58862,0.38813,0.89856,4,-58.5,1.0416,920.75,1
107,0.58862,0.38813,0.89856,4,-59,5.4855,921.75,1
108.25,0.58862,0.38813,0.89856,3,-57,2.3439,923.75,1
108.5,0.58862,0.38813,0.89856,4,-61,0.43565,924.75,1
111,0.58862,0.38813,0.89856,4,-63.5,5.9626,921.25,1
130,0.58862,0.38813,0.89856,4,-56.5,5.6711,920.25,4
132,0.41273,0.97377,-0.013684,4,-53,4.7277,923.25,4
134.5,0.2134,1.2264,-0.15052,1,-62.5,0.12272,924.25,4
149,0.072698,1.0197,-0.03649,1,-56,3.9024,924.25,4
149.25,0.072698,1.0197,-0.03649,1,-58,6.2586,923.25,4
150.5,-0.091458,0.88191,-0.013684,4,-58,0.88511,925.25,1
150.75,-0.091458,0.88191,-0.013684,4,-57,4.9256,921.75,1
151,-0.091458,0.88191,-0.013684,3,-58.5,0.30066,922.25,1
151.75,0.7176,0.29627,0.88716,3,-61,5.8276,923.25,3
202.5,0.2603,0.97377,0.031928,1,-61,1.1091,925.75,4
202.75,0.29548,0.99674,-0.0022806,1,-59,0.25617,923.25,4
203,0.29548,0.99674,-0.0022806,1,-59,6.1528,923.75,4
203.5,0.22513,0.99674,-0.03649,1,-60.5,2.2258,924.75,4
203.75,0.31893,0.99674,-0.025087,1,-60,4.3013,922.75,4
205.25,0.48309,0.88191,0.088944,1,-64,0.2439,923.25,4
