0,0.91693,0.2044,0.57927,4,-57.5,0.83449,921.25,3
0.25,0.91693,0.2044,0.57927,1,-61.5,1.06,925.75,3
0.75,0.91693,0.2044,0.57927,1,-65.5,3.8779,922.25,3
1,0.91693,0.2044,0.57927,1,-62.5,1.8469,924.75,3
2.25,0.82312,0.26182,0.49945,1,-67,5.26,920.25,3
3.25,0.8583,0.26182,0.53366,4,-56.5,0.1488,922.25,3
3.5,0.8583,0.26182,0.53366,1,-61.5,1.4742,925.25,3
4.25,0.83485,0.2733,0.51086,4,-56,5.7616,923.25,3
4.75,0.83485,0.2733,0.51086,1,-67.5,5.1281,920.25,3
5.275,0.83485,0.2733,0.51086,1,-61.5,1.0063,925.75,3
5.5,0.83485,0.2733,0.51086,1,-65,0.69489,922.25,3
6.25,0.94038,0.2044,0.55647,4,-55,5.4027,923.75,3
6.5,0.94038,0.2044,0.55647,4,-55,5.0836,924.25,3
6.75,0.94038,0.2044,0.55647,4,-56,5.6957,923.25,3
7.25,0.94038,0.2044,0.55647,4,-58,0.72557,921.25,3
8,0.94038,0.2044,0.56787,1,-65,0.61359,922.25,3
8.5,0.94038,0.2044,0.56787,1,-62,4.9026,924.75,3
9.5,0.82312,0.2733,0.49945,1,-67,5.0959,920.25,3
10,0.82312,0.2733,0.49945,1,-61.5,1.0094,925.75,3
10.5,0.82312,0.2733,0.49945,1,-65.5,0.53689,922.25,3
10.75,0.82312,0.2733,0.49945,1,-62.5,1.8162,924.75,3
12,0.94038,0.22737,0.56787,1,-67.5,5.0192,920.25,3
12.5,0.94038,0.22737,0.56787,1,-61,4.0374,925.75,3
12.75,0.94038,0.22737,0.56787,4,-56,0.046019,922.25,3
13,0.94038,0.22737,0.56787,1,-61,1.3131,925.25,3
13.5,0.82312,0.28478,0.48805,4,-58,0.88971,920.75,3
14,0.82312,0.28478,0.48805,1,-64,5.9933,923.25,3
15,1.0107,0.18143,0.60208,1,-64.5,0.19328,922.75,3
16,0.78795,0.28478,0.48805,1,-63.5,5.7171,923.75,3
17.25,0.87003,0.21588,0.57927,4,-56,0.94647,921.75,3
17.75,1.128,0.12402,0.6819,1,-64,3.9684,922.25,3
18,1.128,0.12402,0.6819,1,-60,1.4803,925.25,3
18.5,0.8114,0.2733,0.51086,4,-57.5,1.2931,920.75,3
19,0.8114,0.2733,0.51086,4,-55.5,5.9212,923.25,3
19.25,0.8114,0.2733,0.51086,4,-57,0.95874,921.25,3
20,0.98728,0.15847,0.62489,4,-56,6.2418,922.75,3
20.5,1.0576,0.16995,0.63629,1,-61,4.9609,924.75,3
21.25,0.78795,0.28478,0.49945,1,-62.5,6.1528,923.25,3
21.75,0.78795,0.28478,0.49945,1,-65,4.582,921.25,3
22.5,0.8583,0.2733,0.54506,4,-56.5,0.25464,922.25,3
22.75,0.8583,0.2733,0.54506,1,-60,4.5513,925.25,3
23,0.8583,0.2733,0.54506,1,-60,1.7963,924.75,3
23.75,1.0694,0.15847,0.63629,1,-60.5,2.2212,924.25,3
24,1.0694,0.15847,0.63629,4,-57.5,1.4665,920.25,3
24.25,1.0694,0.15847,0.63629,1,-65,1.4419,921.25,3
25,0.82312,0.28478,0.51086,4,-56,6.1758,922.75,3
25.75,0.88175,0.23885,0.53366,4,-57,1.1505,920.75,3
26.5,0.82312,0.2733,0.51086,4,-58,1.4419,920.25,3
26.75,0.82312,0.2733,0.51086,4,-56.5,0.54763,921.75,3
27.25,0.88175,0.23885,0.55647,1,-64.5,0.17794,922.75,3
28,0.8114,0.2733,0.48805,1,-63,2.5525,923.75,3
28.5,0.8114,0.2733,0.48805,4,-55,5.122,924.25,3
28.75,0.8114,0.2733,0.48805,4,-56,5.8,923.25,3
29.25,0.8114,0.2733,0.48805,4,-58,3.9377,921.25,3
29.75,0.74105,0.28478,0.47665,1,-64,0.2347,922.75,3
30.5,0.78795,0.28478,0.48805,4,-55.5,5.4548,923.75,3
31,0.78795,0.28478,0.48805,1,-64,6.0316,923.25,3
32.25,1.0342,0.15847,0.61348,1,-64.5,0.13652,922.75,3
33,0.79967,0.28478,0.47665,1,-63.5,5.5929,923.75,3
33.5,0.79967,0.28478,0.47665,4,-56,5.7724,923.25,3
34,0.79967,0.28478,0.47665,4,-57.5,0.4694,921.75,3
34.25,0.79967,0.28478,0.47665,1,-61,0.85136,925.75,3
35.25,0.88175,0.23885,0.53366,1,-61.5,4.8873,924.75,3
35.5,0.88175,0.23885,0.53366,4,-58,1.0523,920.75,3
36.5,0.9052,0.21588,0.56787,1,-66,4.131,921.75,3
37,0.9052,0.21588,0.56787,4,-56.5,6.096,922.75,3
38,0.83485,0.26182,0.48805,1,-63.5,5.7785,923.75,3
39,0.9052,0.22737,0.55647,4,-57.5,0.40957,921.75,3
39.5,0.9052,0.22737,0.55647,4,-56.5,6.0991,922.75,3
40,0.87003,0.26182,0.52226,4,-54.5,4.7231,924.75,3
40.25,0.87003,0.26182,0.52226,4,-55.5,5.395,923.75,3
40.75,0.87003,0.26182,0.52226,1,-62.5,5.2907,924.25,3
41.25,0.87003,0.26182,0.52226,4,-58.5,1.3484,920.25,3
42,1.0928,0.1355,0.62489,1,-65,0.33748,922.75,3
42.5,1.0928,0.1355,0.62489,1,-62,1.7349,924.75,3
43.75,0.92865,0.21588,0.55647,4,-57,0.84216,921.25,3
44,0.92865,0.21588,0.55647,4,-57,0.43105,921.75,3
44.25,0.92865,0.21588,0.55647,1,-60.5,0.76392,925.75,3
44.5,0.92865,0.21588,0.55647,4,-56.5,0.14266,922.25,3
44.75,0.92865,0.21588,0.55647,1,-61.5,4.6878,925.25,3
45,0.92865,0.21588,0.55647,1,-63.5,5.6635,923.75,3
45.5,0.92865,0.21588,0.55647,1,-62.5,5.3827,924.25,3
46.5,0.9521,0.19292,0.56787,1,-61,4.1279,925.75,3
47,0.9521,0.19292,0.56787,4,-56.5,0.14266,922.25,3
47.75,1.1045,0.14698,0.63629,1,-66.5,4.7538,920.75,3
48.5,1.1045,0.14698,0.63629,1,-67,5.099,920.25,3
49.5,1.1045,0.1355,0.63629,1,-60,5.1036,925.25,3
50,0.77622,0.2733,0.54506,1,-60.5,5.6251,924.75,3
50.25,0.77622,0.2733,0.54506,1,-65,5.1189,920.75,3
50.75,0.77622,0.2733,0.49945,1,-66,5.9626,920.25,3
51.25,0.77622,0.2733,0.49945,1,-64.5,1.5999,921.75,3
51.75,0.7645,0.28478,0.54506,1,-64,4.0282,922.75,3
53.25,0.78795,0.28478,0.53366,4,-57,1.7395,920.25,3
53.5,0.78795,0.28478,0.53366,1,-65,4.9839,921.25,3
54,0.75277,0.30775,0.51086,1,-63.5,0.72097,922.75,3
55,0.70587,0.19292,0.60208,1,-69,1.7856,920.75,3
55.75,0.70587,0.2044,0.72751,4,-58,0.61973,920.25,3
56,0.70587,0.2044,0.72751,4,-57.5,5.6987,921.75,3
56.5,0.70587,0.2044,0.72751,4,-56.5,5.8368,925.75,3
58.75,0.70587,0.2044,0.72751,1,-55,1.0124,925.75,3
59.25,0.70587,0.2044,0.72751,1,-57,1.287,922.25,3
61.25,0.096148,0.89339,0.14596,2,-46.5,1.7119,925.75,4
61.5,-0.032831,0.99674,0.066138,2,-48.5,4.7446,922.75,4
61.575,-0.091458,0.96229,0.14596,2,-47,0.047553,922.25,4
61.75,-0.32597,0.90487,0.054735,2,-44.5,5.9058,925.25,4
61.85,-0.37287,1.0197,-0.082102,2,-45,6.1022,925.25,4
62,-0.31424,1.0542,-0.025087,2,-44.5,6.004,925.25,4
62.25,-0.45495,1.0082,-0.03649,2,-45,6.0838,923.75,4
62.35,-0.39632,0.97377,0.13456,2,-48,5.0437,923.75,4
62.75,0.10787,0.76708,0.3056,2,-55.5,5.8138,924.25,4
64,-0.30252,0.90487,0.12315,2,-57,6.1144,922.25,2
64.5,-0.30252,0.90487,0.12315,2,-55.5,4.5667,924.75,2
160,1.0107,-0.036746,0.84154,4,-57.5,3.8119,920.75,3
160.5,0.74105,0.11254,0.61348,4,-57.5,4.1111,920.25,3
160.75,0.74105,0.11254,0.61348,4,-57,0.33134,921.25,3
161,0.74105,0.11254,0.61348,4,-56.5,6.2786,921.75,3
161.5,0.74105,0.14698,0.6591,4,-55.5,5.5193,922.75,3
162.25,0.82312,0.089569,0.72751,4,-55,5.0299,923.75,3
162.5,0.82312,0.089569,0.72751,4,-57.5,0.68722,920.75,3
163,0.7645,0.12402,0.71611,4,-58,4.0957,920.25,3
163.5,0.7645,0.12402,0.71611,4,-57.5,6.2034,921.75,3
163.75,0.7645,0.12402,0.71611,1,-62,4.875,925.75,3
164,0.7645,0.12402,0.71611,4,-56,2.4804,922.75,3
164.25,0.7645,0.12402,0.71611,4,-57,5.8982,922.25,3
164.5,0.83485,0.10105,0.72751,4,-55,1.1121,924.75,3
164.75,0.83485,0.10105,0.72751,3,-58,0.44639,923.75,3
165,0.83485,0.10105,0.72751,4,-58.5,0.4648,920.75,3
165.1,0.83485,0.10105,0.72751,4,-55,4.5636,924.25,3
165.25,0.83485,0.10105,0.72751,1,-67.5,0.49394,923.25,3
166,0.83485,0.10105,0.72751,4,-57.5,6.2586,921.75,3
166.25,0.77622,0.11254,0.71611,4,-56.5,2.4329,922.75,3
166.5,0.77622,0.11254,0.71611,4,-56.5,5.8537,922.25,3
166.75,0.77622,0.11254,0.71611,3,-56.5,6.0976,925.25,3
166.83,0.77622,0.11254,0.71611,4,-55,1.2594,924.75,3
167,0.77622,0.11254,0.71611,3,-58,3.792,923.75,3
168,0.75277,0.12402,0.63629,3,-57,4.7615,921.25,3
168.25,0.75277,0.12402,0.63629,4,-65,4.852,921.75,3
168.75,0.75277,0.12402,0.63629,3,-56,0.87437,922.75,3
169,0.75277,0.12402,0.63629,4,-65.5,4.7032,922.25,3
169.5,0.75277,0.12402,0.63629,3,-54.5,6.1436,924.75,3
169.58,0.75277,0.12402,0.63629,4,-62.5,3.7659,923.75,3
170.75,1.0107,0.055119,0.83014,3,-54.5,5.9871,925.75,3
171.25,1.0107,0.055119,0.83014,4,-59.5,1.8101,922.75,3
171.5,1.0107,0.055119,0.83014,3,-55.5,5.8997,925.25,3
172,0.75277,0.16995,0.6933,3,-57,0.66728,923.75,3
172.5,0.75277,0.16995,0.6933,4,-59,0.52616,924.25,3
173,0.75277,0.16995,0.6933,4,-60.5,5.5208,921.25,3
173.5,0.75277,0.16995,0.6933,4,-55,5.8797,925.75,3
173.75,0.75277,0.16995,0.6933,4,-56.5,1.6076,922.75,3
174,0.75277,0.16995,0.6933,4,-56.5,6.185,925.25,3
174.25,0.75277,0.16995,0.6933,4,-56,0.052155,924.75,3
174.75,0.75277,0.16995,0.6933,4,-58,5.9902,920.75,3
175.75,0.78795,0.078086,0.79593,4,-57,5.7432,925.75,3
176.25,0.78795,0.078086,0.79593,4,-59.5,1.7135,922.25,3
176.5,0.78795,0.078086,0.79593,4,-57,6.274,924.75,3
177.25,0.78795,0.078086,0.79593,4,-58.5,0.64427,924.25,3
178.25,0.78795,0.078086,0.79593,3,-59.5,6.1405,925.75,3
178.75,0.78795,0.078086,0.79593,3,-59,6.0868,925.25,3
179,0.78795,0.078086,0.79593,4,-55,0.59672,924.75,3
179.75,0.82312,0.1355,0.64769,3,-60,0.3927,924.25,3
180,0.82312,0.1355,0.64769,4,-59.5,3.3886,920.25,3
180.5,0.82312,0.1355,0.64769,1,-64,1.4281,925.75,3
181,0.82312,0.1355,0.64769,4,-57,2.0525,922.25,3
181.5,0.82312,0.1355,0.64769,1,-65,5.0177,924.75,3
181.75,0.82312,0.1355,0.64769,4,-58,6.0101,920.75,3
182.5,0.88175,0.11254,0.6819,4,-58.5,0.029146,920.25,3
183,0.88175,0.11254,0.6819,4,-57,5.418,921.75,3
183.25,0.88175,0.11254,0.6819,1,-64.5,4.3366,925.75,3
183.75,0.88175,0.11254,0.6819,4,-55,0.024544,925.25,3
184.5,0.8114,0.14698,0.64769,4,-56,0.65194,924.25,3
185,0.8114,0.14698,0.64769,3,-64.5,5.0683,920.25,3
186.25,1.0811,0.032153,0.78453,4,-55.5,0.099709,925.25,3
187.5,0.8583,0.12402,0.6819,3,-64,1.4834,921.25,3
188,0.8583,0.12402,0.6819,4,-54.5,5.9534,925.75,3
188.5,0.8583,0.12402,0.6819,3,-64,1.0723,922.25,3
189.5,0.8114,0.1355,0.6591,4,-55.5,0.68722,924.25,3
189.75,0.8114,0.1355,0.6591,4,-56.5,1.2594,923.25,3
190.25,0.8114,0.1355,0.6591,4,-55,5.8353,925.75,3
190.5,0.8114,0.1355,0.6591,4,-57,1.5156,922.75,3
191.5,0.88175,0.12402,0.6819,4,-56,0.97868,923.75,3
192,0.88175,0.12402,0.6819,4,-55.5,1.3545,923.25,3
192.5,0.88175,0.12402,0.6819,4,-57.5,2.4743,921.25,3
193.25,0.8114,0.18143,0.62489,4,-57,1.8116,922.25,3
193.5,0.8114,0.18143,0.62489,4,-56,0.20095,924.75,3
193.75,0.8114,0.18143,0.62489,4,-56,0.87437,923.75,3
194.25,0.8114,0.18143,0.62489,4,-55.5,0.57064,924.25,3
194.75,0.8114,0.18143,0.62489,4,-59.5,0.2485,920.25,3
195.5,0.8114,0.18143,0.62489,1,-63,0.0061359,925.75,3
196,1.0225,0.2733,0.6591,3,-56.5,5.2754,924.75,3
196.25,1.0225,0.2733,0.6591,4,-55.5,2.4712,924.75,3
196.35,1.0225,0.2733,0.6591,1,-59,1.6552,923.75,3
196.5,1.0225,0.2733,0.6591,3,-56.5,4.9256,920.75,3
196.75,1.0225,0.2733,0.6591,4,-56.5,6.0331,924.25,3
196.83,1.0225,0.2733,0.6591,4,-56.5,6.2341,924.25,3
197.25,0.94038,0.35368,-0.025087,4,-65.5,4.8044,921.25,3
197.75,0.94038,0.35368,-0.025087,4,-56,0.32981,925.75,3
197.85,0.94038,0.35368,-0.025087,4,-55.5,0.36816,925.75,3
198,0.94038,0.35368,-0.025087,4,-57.5,5.5745,922.75,3
198.1,0.94038,0.35368,-0.025087,4,-56.5,0.24083,922.25,3
198.25,0.84658,-0.0022966,0.020525,4,-54,5.3567,925.25,3
198.5,0.84658,-0.0022966,0.020525,3,-55,1.2195,924.75,3
198.75,0.84658,-0.0022966,0.020525,4,-56.5,6.1298,923.75,3
199,1.3625,0.2044,0.10035,4,-58.5,0.92039,920.75,3
199.08,1.3625,0.2044,0.10035,4,-55.5,5.1097,924.25,3
199.25,1.3625,0.2044,0.10035,4,-55.5,5.056,924.25,3
199.75,1.1397,0.2044,0.043332,4,-59,0.49241,921.25,3
200.25,1.1163,0.19292,0.020525,4,-58.5,5.6681,922.75,3
200.75,1.1163,0.2044,0.031928,3,-51,0.78386,925.25,3
201,0.97555,0.26182,-0.03649,4,-56.5,1.2855,924.75,3
201.1,0.97555,0.26182,-0.03649,4,-56,4.5084,924.75,3
201.25,0.97555,0.26182,-0.03649,4,-57.5,5.0928,923.75,3
201.75,1.1514,0.16995,0.043332,4,-57,4.855,924.25,3
202,1.1514,0.16995,0.043332,4,-60.5,0.90812,920.25,3
202.5,1.2101,0.15847,0.077541,4,-59.5,6.2264,921.75,3
202.75,1.2101,0.15847,0.077541,4,-56,3.7813,925.75,3
203.25,0.89348,0.29627,-0.047893,3,-51.5,0.88664,924.75,3
203.75,1.1632,0.19292,0.031928,4,-57.5,5.0023,923.75,3
203.85,1.1632,0.19292,0.031928,4,-60,0.54303,920.75,3
204,1.1632,0.19292,0.031928,4,-57,4.7691,924.25,3
204.25,1.1632,0.19292,0.031928,4,-58,2.212,923.25,3
204.5,1.1632,0.19292,0.031928,4,-60,0.90812,920.25,3
205,1.0694,0.22737,0.0091224,4,-55.5,3.8211,925.75,3
205.1,1.0694,0.22737,0.0091224,4,-55.5,3.8012,925.75,3
205.5,1.1632,0.18143,0.043332,4,-59,5.8797,922.25,3
205.75,1.2335,0.15847,0.088944,4,-56.5,4.3872,924.75,3
206.25,1.2921,0.14698,0.088944,4,-60,0.50008,920.75,3
206.5,1.2921,0.14698,0.088944,4,-57,4.7201,924.25,3
206.6,1.2921,0.14698,0.088944,4,-57.5,5.3137,923.25,3
207,1.0342,0.23885,-0.0022806,4,-59.5,0.26691,921.25,3
207.25,1.0342,0.23885,-0.0022806,4,-59,6.2264,921.75,3
207.5,1.0342,0.23885,-0.0022806,4,-55.5,0.68722,925.75,3
208,1.0342,0.23885,-0.013684,4,-58.5,5.9135,922.25,3
208.1,1.0342,0.23885,-0.013684,4,-55.5,0.96334,925.25,3
208.25,1.0342,0.23885,-0.013684,4,-56,4.0881,925.25,3
208.33,1.0342,0.23885,-0.013684,4,-56,4.3289,924.75,3
208.5,1.0342,0.23885,-0.013684,4,-56.5,4.9486,923.75,3
209,1.3156,0.15847,0.12315,4,-57,5.2493,923.25,3
209.25,1.3156,0.15847,0.12315,4,-60,0.77159,920.25,3
210.25,1.1163,0.19292,0.020525,4,-58,5.6343,922.75,3
210.5,1.1163,0.19292,0.020525,4,-59,5.9549,922.25,3
211.25,1.0928,0.22737,0.020525,4,-57,4.5713,924.25,3
211.5,1.0928,0.22737,0.020525,4,-57,4.513,924.25,3
212,1.0576,0.25033,-0.0022806,4,-59.5,6.2786,921.25,3
213,1.2101,0.16995,0.066138,4,-56.5,0.82988,925.25,3
213.5,0.98728,0.2733,-0.03649,4,-57.5,4.8244,923.75,3
213.75,0.98728,0.2733,-0.03649,4,-57.5,4.5038,924.25,3
213.83,0.98728,0.2733,-0.03649,4,-58,1.3729,924.25,3
214.25,0.96383,0.29627,-0.03649,4,-61,0.68876,920.25,3
214.5,0.96383,0.29627,-0.03649,4,-59.5,6.0531,921.75,3
215,1.1749,0.2044,0.043332,4,-56,0.41264,925.75,3
215.1,1.1749,0.2044,0.043332,4,-58.5,5.4625,922.75,3
215.5,1.2452,0.15847,0.088944,4,-56,4.0681,925.25,3
215.75,1.2452,0.15847,0.088944,4,-57,4.3826,924.75,3
215.83,1.2452,0.15847,0.088944,4,-57.5,5.0069,923.75,3
216.25,1.0811,0.2044,0.0091224,4,-57.5,4.694,924.25,3
216.5,1.0811,0.2044,0.0091224,4,-58,5.2938,923.25,3
216.75,1.0811,0.2044,0.0091224,4,-60.5,0.7854,920.25,3
217.25,1.0107,0.2733,-0.03649,4,-56,0.57524,925.75,3
218.25,1.0576,0.22737,0.0091224,4,-58,5.0054,923.75,3
218.75,1.1514,0.15847,0.054735,4,-56.5,4.8167,924.25,3
219,1.1514,0.15847,0.054735,4,-58,5.3367,923.25,3
219.25,1.1514,0.15847,0.054735,4,-60,0.84369,920.25,3
219.5,1.1514,0.15847,0.054735,4,-59,6.1651,921.75,3
219.58,1.1514,0.15847,0.054735,4,-56,0.5415,925.75,3
219.75,1.1514,0.15847,0.054735,1,-64,1.8945,925.75,3
220.25,1.1632,0.19292,0.054735,4,-58.5,5.7984,922.25,3
220.5,1.1163,0.21588,0.043332,4,-56.5,4.2629,924.75,3
221,1.2218,0.18143,0.088944,4,-60,0.40037,920.75,3
221.25,1.2218,0.18143,0.088944,4,-57,1.4496,924.25,3
221.5,0.98728,0.28478,-0.025087,4,-60,0.86056,920.25,3
222,0.98728,0.28478,-0.025087,4,-59.5,6.185,921.75,3
222.1,0.98728,0.28478,-0.025087,4,-55.5,0.59825,925.75,3
222.25,0.98728,0.28478,-0.025087,4,-56,0.53383,925.75,3
222.5,1.1632,0.2044,0.066138,4,-58.5,5.8077,922.25,3
222.75,1.1632,0.2044,0.066138,4,-56,0.82682,925.25,3
222.85,1.1632,0.2044,0.066138,1,-64.5,5.7969,924.75,3
223,1.1632,0.2044,0.066138,4,-56.5,4.2706,924.75,3
224.5,1.1163,0.2044,0.031928,4,-55.5,3.7552,925.75,3
224.6,1.1163,0.2044,0.031928,4,-56,0.7179,925.75,3
224.75,1.1163,0.2044,0.031928,4,-58,5.5975,922.75,3
225,1.1163,0.2044,0.031928,4,-58.5,5.8767,922.25,3
225.5,0.91693,0.2733,-0.047893,4,-56.5,4.3442,924.75,3
225.75,1.2687,0.15847,0.10035,4,-60,0.47707,920.75,3
226.25,0.98728,0.28478,-0.047893,4,-60,0.76085,920.25,3
226.75,1.128,0.2044,0.043332,4,-59,6.1221,921.75,3
227,1.128,0.2044,0.043332,4,-55,0.56604,925.75,3
227.25,0.91693,0.2733,-0.03649,4,-58,5.5776,922.75,3
227.5,0.91693,0.2733,-0.03649,4,-56,1.0324,925.25,3
227.75,1.2687,0.1355,0.10035,4,-56.5,1.1474,924.75,3
228.25,1.1632,0.19292,0.043332,4,-56.5,4.3596,924.25,3
229,1.1163,0.21588,0.031928,4,-58,0.10124,921.25,3
230,0.9052,0.2733,-0.059296,4,-55.5,3.9255,925.25,3
230.25,0.9052,0.2733,-0.059296,4,-55.5,0.73631,925.25,3
230.35,0.9052,0.2733,-0.059296,4,-55.5,0.96794,924.75,3
230.75,1.1632,0.16995,0.054735,4,-60,0.43105,920.75,3
230.85,1.1632,0.16995,0.054735,4,-56.5,4.4808,924.25,3
231.25,1.2452,0.15847,0.077541,4,-60,0.57984,920.25,3
231.75,0.97555,0.29627,-0.03649,4,-56,0.40957,925.75,3
232,0.97555,0.29627,-0.03649,4,-56,0.48474,925.75,3
232.5,0.9052,0.29627,-0.070699,3,-49.5,0.19328,925.25,3
232.6,0.9052,0.29627,-0.070699,4,-55,0.39577,925.25,3
233,0.91693,0.29627,-0.03649,4,-57.5,4.7569,923.75,3
233.5,1.2452,0.16995,0.088944,4,-55,4.3918,924.25,3
233.75,0.96383,0.29627,-0.03649,4,-58,0.88204,920.25,3
234,0.96383,0.29627,-0.03649,4,-56.5,0.073631,921.25,3
234.1,0.96383,0.29627,-0.03649,4,-57,0.13039,921.25,3
234.25,0.96383,0.29627,-0.03649,4,-57,6.0761,921.75,3
234.5,1.2101,0.16995,0.066138,4,-56,5.4978,922.75,3
235,0.9052,0.26182,-0.047893,4,-54.5,4.4455,924.75,3
235.25,1.0225,0.25033,-0.013684,4,-55.5,5.0376,923.75,3
235.5,1.0225,0.25033,-0.013684,4,-55.5,5.0407,923.75,3
235.58,1.0225,0.25033,-0.013684,4,-58,0.51542,920.75,3
236,0.99901,0.28478,-0.025087,4,-56,5.2968,923.25,3
236.08,0.99901,0.28478,-0.025087,4,-58.5,0.97408,920.25,3
236.25,0.99901,0.28478,-0.025087,4,-58,1.0876,920.25,3
236.5,0.99901,0.28478,-0.025087,4,-57,0.59212,921.25,3
237,1.0811,0.25033,0.020525,4,-57,6.1651,922.75,3
237.25,0.91693,0.30775,-0.059296,4,-57.5,0.23317,922.25,3
237.5,0.91693,0.30775,-0.059296,4,-55,1.5217,925.25,3
237.75,1.2218,0.19292,0.066138,4,-55.5,5.0069,924.75,3
238,0.9521,0.28478,-0.047893,4,-59,1.3238,920.75,3
238.25,0.9521,0.28478,-0.047893,4,-55.5,5.3873,924.25,3
238.5,0.9521,0.28478,-0.047893,4,-57.5,6.0669,923.25,3
239.25,1.0459,0.26182,-0.0022806,4,-54.5,1.2042,925.75,3
239.5,0.97555,0.29627,-0.047893,4,-57.5,0.013806,922.75,3
239.75,0.97555,0.29627,-0.047893,4,-58,0.31293,922.25,3
239.85,0.9052,0.29627,-0.070699,4,-55,1.4956,925.25,3
240,0.9052,0.29627,-0.070699,4,-55,4.9885,924.75,3
240.25,1.1163,0.22737,0.020525,4,-58.5,1.2686,920.75,3
240.75,0.98728,0.28478,-0.03649,4,-55.5,5.3827,924.25,3
241,0.98728,0.28478,-0.03649,4,-59,1.6276,920.25,3
241.5,1.2218,0.12402,0.077541,4,-58,0.74551,921.75,3
242,0.98728,0.2733,-0.03649,4,-56.5,0.033748,922.75,3
243.25,0.92865,0.29627,-0.047893,4,-55.5,5.1649,923.25,3
243.35,0.92865,0.29627,-0.047893,4,-55.5,5.1404,923.25,3
243.5,0.92865,0.29627,-0.047893,4,-58,0.74398,920.25,3
243.58,0.92865,0.29627,-0.047893,4,-57,0.082835,921.25,3
244.25,1.128,0.18143,0.031928,4,-56,5.4119,922.75,3
245.25,1.2335,0.15847,0.088944,4,-57.5,0.28225,920.75,3
246,1.0107,0.28478,-0.025087,4,-57,0.56604,921.25,3
246.5,1.0107,0.28478,-0.025087,4,-57.5,0.60132,921.75,3
247,1.0342,0.25033,-0.0022806,4,-54,4.6372,925.25,3
247.5,1.257,0.15847,0.088944,4,-55.5,5.6174,923.75,3
247.75,1.257,0.15847,0.088944,4,-58.5,1.2916,920.75,3
248,1.257,0.15847,0.088944,4,-55,5.3198,924.25,3
248.5,1.2335,0.18143,0.077541,4,-58.5,1.0554,921.25,3
248.75,1.2335,0.18143,0.077541,4,-58.5,0.77159,921.75,3
249,1.0342,0.25033,-0.013684,4,-57.5,0.17334,922.75,3
249.25,1.0342,0.25033,-0.013684,4,-57.5,0.46326,922.25,3
249.5,1.0342,0.25033,-0.013684,4,-54.5,1.5923,925.25,3
249.75,1.0459,0.25033,-0.0022806,4,-55,5.0299,924.75,3
250.25,1.0811,0.25033,0.0091224,4,-58,1.2763,920.75,3
251.5,0.97555,0.28478,-0.03649,4,-55.5,5.8966,922.75,3
251.6,0.97555,0.28478,-0.03649,3,-55,4.7998,922.75,3
251.75,0.97555,0.28478,-0.03649,4,-56.5,6.0331,922.25,3
251.83,0.97555,0.28478,-0.03649,4,-56.5,5.9856,922.25,3
252.5,0.99901,0.28478,-0.047893,4,-58,0.50468,920.75,3
253.5,1.0694,0.22737,-0.013684,4,-57.5,0.17334,921.25,3
253.58,1.0694,0.22737,-0.013684,4,-57,6.1482,921.75,3
253.75,1.0694,0.22737,-0.013684,4,-57,6.1298,921.75,3
254,1.0107,0.2733,-0.025087,4,-55.5,5.5545,922.75,3
254.08,1.0107,0.2733,-0.025087,4,-56,5.5576,922.75,3
254.25,1.0107,0.2733,-0.025087,4,-56.5,5.9028,922.25,3
254.5,1.1514,0.16995,0.043332,4,-54.5,1.2594,924.75,3
254.75,1.1866,0.15847,0.043332,4,-55,5.0238,923.75,3
255,1.1866,0.15847,0.043332,4,-55.5,1.8623,923.75,3
255.25,1.1866,0.15847,0.043332,4,-58,0.57831,920.75,3
255.5,1.1163,0.2044,0.020525,4,-55.5,5.2585,923.25,3
256.75,1.2804,0.14698,0.088944,4,-57,0.15186,922.25,3
257,0.98728,0.26182,-0.03649,4,-55,5.01,924.75,3
257.5,0.98728,0.26182,-0.047893,4,-58,1.2686,920.75,3
257.75,0.98728,0.26182,-0.047893,4,-55.5,5.3321,924.25,3
258,0.99901,0.26182,-0.047893,4,-58.5,1.5693,920.25,3
258.25,0.99901,0.26182,-0.047893,4,-58,0.9388,921.25,3
258.5,0.99901,0.26182,-0.047893,4,-58,0.57524,921.75,3
259,1.0459,0.25033,-0.047893,4,-56.5,6.139,922.75,3
259.75,1.1397,0.21588,0.031928,4,-55.5,5.5822,923.75,3
259.85,1.1397,0.21588,0.031928,4,-56,5.6297,923.75,3
260,1.1397,0.21588,0.031928,4,-55.5,5.2922,924.25,3
260.25,1.1397,0.21588,0.031928,4,-55.5,5.326,924.25,3
260.32,1.1397,0.21588,0.031928,4,-56.5,5.9442,923.25,3
260.75,1.0928,0.21588,-0.0022806,4,-58,0.56604,921.75,3
261.25,1.0459,0.25033,0.0091224,4,-57,6.2126,922.75,3
261.5,1.0459,0.25033,0.0091224,4,-57.5,0.2485,922.25,3
262,1.128,0.21588,0.020525,4,-55.5,5.5009,923.75,3
262.25,1.128,0.21588,0.020525,4,-55.5,5.4932,923.75,3
262.5,1.0459,0.2733,-0.025087,4,-55.5,5.1803,924.25,3
263,0.96383,0.29627,-0.047893,4,-59,1.4327,920.25,3
263.25,0.96383,0.29627,-0.047893,4,-58.5,0.87744,921.25,3
263.35,0.96383,0.29627,-0.047893,4,-58,0.54456,921.75,3
264,1.0107,0.25033,-0.013684,4,-57.5,0.14266,922.25,3
264.5,0.99901,0.2733,-0.047893,4,-56,5.484,923.75,3
264.57,0.99901,0.2733,-0.047893,4,-56,5.4963,923.75,3
265.25,1.0811,0.23885,-0.0022806,4,-57,5.8015,923.25,3
265.5,1.0811,0.23885,-0.0022806,4,-58.5,0.8621,921.25,3
265.75,1.0811,0.23885,-0.0022806,4,-58.5,0.87437,921.25,3
266,1.0811,0.23885,-0.0022806,4,-58,0.5645,921.75,3
266.25,0.94038,0.26182,-0.070699,4,-57,6.1022,922.75,3
266.35,0.94038,0.26182,-0.070699,4,-57,6.0715,922.75,3
266.75,1.0225,0.26182,-0.025087,4,-53.5,4.6326,924.75,3
267,1.0811,0.22737,-0.0022806,4,-55,1.9113,923.75,3
267.1,1.0811,0.22737,-0.0022806,4,-55,4.987,923.75,3
267.25,1.0811,0.22737,-0.0022806,4,-58,0.53843,920.75,3
267.35,1.0811,0.22737,-0.0022806,4,-55.5,4.5667,924.25,3
267.5,1.0811,0.22737,-0.0022806,4,-55.5,1.3652,924.25,3
267.75,1.128,0.21588,0.031928,3,-54.5,5.7079,920.25,3
268.25,1.128,0.22737,0.020525,4,-58.5,6.0792,921.75,3
268.5,1.1514,0.18143,0.031928,4,-57,5.5162,922.75,3
269.25,1.2804,0.1355,0.088944,4,-57,4.3795,924.75,3
269.75,0.99901,0.28478,-0.047893,4,-59,0.4694,920.75,3
270.5,0.97555,0.28478,-0.070699,4,-58.5,6.0914,921.75,3
270.75,0.97555,0.28478,-0.070699,4,-55,3.7122,925.75,3
271,0.92865,0.28478,-0.059296,4,-58,5.4533,922.75,3
271.75,1.1749,0.16995,0.054735,4,-56.5,4.3642,924.75,3
271.85,1.1749,0.16995,0.054735,4,-58,4.8965,923.75,3
272.25,1.2804,0.12402,0.077541,4,-58.5,4.605,924.25,3
272.5,1.2804,0.12402,0.077541,4,-59,5.1603,923.25,3
273.25,1.2335,0.15847,0.066138,4,-54.5,0.33901,925.75,3
273.35,1.2335,0.15847,0.066138,4,-55,0.45406,925.75,3
273.5,1.2335,0.15847,0.066138,4,-55,0.48474,925.75,3
273.75,1.0694,0.25033,-0.013684,4,-57.5,5.7892,922.25,3
274,0.96383,0.29627,-0.059296,4,-55,1.4711,924.75,3
274.25,0.96383,0.29627,-0.059296,4,-56,5.3567,923.75,3
274.5,0.96383,0.29627,-0.059296,4,-59,1.106,920.75,3
275,1.1397,0.19292,0.031928,4,-57,5.9319,923.25,3
275.5,1.128,0.19292,0.020525,4,-58.5,0.66421,921.75,3
276,1.1045,0.22737,0.0091224,4,-57.5,6.2464,922.75,3
276.5,1.1866,0.16995,0.054735,4,-55,1.399,925.25,3
276.57,1.1866,0.16995,0.054735,4,-55,4.8827,924.75,3
277,1.0694,0.25033,-0.0022806,4,-59,1.149,920.75,3
277.5,1.0342,0.26182,-0.03649,4,-57,5.8215,923.25,3
277.75,1.0342,0.26182,-0.03649,4,-59,0.73324,921.25,3
278,1.0342,0.26182,-0.03649,4,-59,0.27458,921.75,3
278.5,0.91693,0.2733,-0.070699,4,-58,5.6205,922.75,3
278.6,0.91693,0.2733,-0.070699,4,-58,5.8813,922.25,3
279,0.9052,0.28478,-0.070699,4,-55.5,1.1551,924.75,3
279.25,1.1632,0.19292,0.031928,4,-61,0.28225,920.75,3
279.5,1.1632,0.19292,0.031928,4,-58.5,4.6464,924.25,3
280,1.1983,0.16995,0.054735,4,-60.5,0.91579,920.25,3
280.75,0.98728,0.26182,-0.03649,4,-57,3.8211,925.75,3
281,0.9521,0.2733,-0.059296,4,-59.5,5.9472,922.25,3
281.25,0.9521,0.2733,-0.059296,4,-55,0.80994,925.25,3
281.35,0.9521,0.2733,-0.059296,4,-56,0.89584,925.25,3
281.5,0.9521,0.2733,-0.059296,4,-56,4.2936,924.75,3
281.57,0.9521,0.2733,-0.059296,4,-55.5,4.3918,924.75,3
281.75,0.9521,0.2733,-0.059296,4,-55.5,5.0851,923.75,3
282,1.0694,0.23885,-0.013684,4,-55,4.9517,924.25,3
282.25,1.0694,0.23885,-0.013684,4,-55.5,5.013,924.25,3
282.75,1.1397,0.21588,0.0091224,4,-58,0.62586,921.75,3
283.75,0.98728,0.28478,-0.047893,4,-55,4.8873,924.75,3
284.5,1.3039,0.1355,0.077541,4,-55,5.1695,924.25,3
284.75,1.3039,0.1355,0.077541,4,-56.5,5.7754,923.25,3
285.25,1.0694,0.25033,0.0091224,4,-58.5,0.35742,921.75,3
285.75,1.0459,0.23885,-0.013684,4,-57.5,5.8659,922.25,3
286,1.0459,0.23885,-0.013684,4,-57.5,5.8138,922.25,3
286.25,1.0107,0.25033,-0.025087,4,-55.5,4.2246,924.75,3
286.75,1.0107,0.2733,-0.03649,4,-58,0.34208,920.75,3
287.25,1.2218,0.18143,0.066138,4,-56,5.0867,923.25,3
287.5,1.257,0.14698,0.066138,4,-58,6.2817,921.25,3
287.75,1.257,0.14698,0.066138,4,-57.5,5.9764,921.75,3
288,1.257,0.14698,0.066138,3,-50,6.1911,925.75,3
288.25,1.0928,0.23885,-0.0022806,4,-57,5.6435,922.25,3
288.5,1.0928,0.23885,-0.0022806,4,-57.5,5.6404,922.25,3
288.75,0.98728,0.2733,-0.047893,4,-55,4.1924,924.75,3
288.85,0.98728,0.2733,-0.047893,3,-52,4.2399,923.75,3
289.25,1.0342,0.26182,-0.025087,4,-58,0.21629,920.75,3
289.5,1.0928,0.23885,-0.025087,4,-56,1.037,924.25,3
290.25,1.0225,0.2733,-0.070699,4,-55,0.19635,925.75,3
290.5,0.94038,0.2733,-0.093505,4,-57,5.1695,922.75,3
290.75,0.94038,0.2733,-0.093505,4,-57.5,5.4625,922.25,3
291,0.94038,0.2733,-0.093505,4,-55,0.53076,925.25,3
291.25,1.1983,0.16995,0.0091224,4,-56.5,1.4496,923.75,3
291.5,1.1983,0.16995,0.0091224,4,-56,4.5866,923.75,3
291.75,1.0107,0.25033,-0.059296,4,-56,1.1413,924.25,3
292,1.0107,0.25033,-0.059296,4,-56.5,4.875,923.25,3
292.5,1.1397,0.2044,-0.0022806,4,-58,6.0178,921.25,3
292.75,1.128,0.21588,-0.013684,3,-49.5,6.1175,925.75,3
293,1.1163,0.21588,-0.025087,4,-57,1.9865,922.75,3
293.5,1.1983,0.18143,0.0091224,4,-55,0.53229,925.25,3
293.75,1.339,0.12402,0.077541,4,-56.5,1.4772,923.75,3
293.82,1.339,0.12402,0.077541,4,-56.5,4.6679,923.75,3
294,1.339,0.12402,0.077541,4,-59,0.27765,920.75,3
294.25,1.339,0.12402,0.077541,4,-55.5,4.4347,924.25,3
294.32,1.339,0.12402,0.077541,4,-56,5.0499,923.25,3
294.75,1.0459,0.25033,-0.03649,4,-62.5,0.56297,920.25,3
295,1.0459,0.25033,-0.03649,4,-60.5,6.0285,921.25,3
295.07,1.0459,0.25033,-0.03649,4,-58.5,5.7033,921.75,3
295.25,1.0459,0.25033,-0.03649,4,-55,6.2617,925.75,3
295.5,0.92865,0.28478,-0.10491,4,-59,4.9287,922.75,3
295.75,0.92865,0.28478,-0.10491,1,-67,4.3212,922.25,3
296,0.92865,0.28478,-0.10491,4,-57,0.38503,925.25,3
296.1,0.92865,0.28478,-0.10491,4,-57,0.71637,924.75,3
296.5,0.98728,0.30775,-0.082102,4,-59.5,6.2234,920.75,3
296.75,1.1866,0.19292,0.020525,4,-57.5,4.243,924.25,3
297.25,1.1514,0.15847,0.020525,4,-59.5,5.915,921.25,3
297.5,1.1514,0.15847,0.020525,4,-59,5.5822,921.75,3
297.75,1.1514,0.15847,0.020525,4,-56,0.099709,925.75,3
297.85,1.1514,0.15847,0.020525,4,-58,5.0345,922.75,3
298.25,0.98728,0.28478,-0.082102,4,-56.5,0.41571,925.25,3
298.5,0.98728,0.28478,-0.082102,4,-57,0.73784,924.75,3
298.75,0.94038,0.28478,-0.10491,4,-57.5,4.4501,923.75,3
299.5,1.1749,0.18143,-0.0022806,4,-60,0.23317,920.25,3
299.75,1.1749,0.18143,-0.0022806,4,-59.5,5.8797,921.25,3
300.25,1.2218,0.16995,0.054735,4,-56.5,0.087437,925.75,3
300.35,1.2218,0.16995,0.054735,4,-58,5.0422,922.75,3
300.5,1.2218,0.16995,0.054735,4,-58.5,5.3536,922.25,3
301,0.9052,0.26182,-0.093505,4,-57,0.77926,924.75,3
301.5,1.2218,0.16995,0.043332,3,-51.5,0.7808,924.25,3
302,1.2452,0.15847,0.043332,4,-60.5,0.24083,920.25,3
302.5,1.2804,0.14698,0.043332,4,-56,0.033748,925.75,3
302.6,1.2804,0.14698,0.043332,4,-55.5,0.064427,925.75,3
303,1.1163,0.2044,-0.025087,4,-59,5.2355,922.25,3
303.1,1.1163,0.2044,-0.025087,4,-57,0.28992,925.25,3
303.5,0.91693,0.28478,-0.10491,4,-58,1.2303,923.75,3
304,1.1866,0.19292,0.020525,4,-57.5,0.97408,924.25,3
305,0.89348,0.28478,-0.11631,4,-56,0.029146,925.75,3
305.25,0.89348,0.28478,-0.11631,4,-58.5,5.0084,922.75,3
305.35,0.89348,0.28478,-0.11631,4,-59,5.2861,922.25,3
305.75,1.1749,0.19292,0.0091224,3,-50,0.25617,925.25,3
305.82,1.1749,0.19292,0.0091224,4,-56.5,0.39577,925.25,3
305.88,1.1749,0.19292,0.0091224,1,-66,2.0724,924.75,3
306.5,1.2804,0.1355,0.066138,4,-58.5,1.6506,923.25,3
307.25,1.3156,0.14698,0.066138,4,-59,5.5653,921.75,3
307.35,1.3156,0.14698,0.066138,3,-49.5,6.1911,925.75,3
307.5,1.3156,0.14698,0.066138,4,-55.5,6.2817,925.75,3
307.75,0.91693,0.28478,-0.10491,4,-58.5,4.9885,922.75,3
308,1.257,0.15847,0.043332,4,-57,0.39577,925.25,3
308.5,0.9521,0.29627,-0.093505,4,-57.5,4.4577,923.75,3
308.6,0.9521,0.29627,-0.093505,4,-57.5,4.4624,923.75,3
308.75,0.97555,0.30775,-0.082102,4,-57,4.243,924.25,3
309,0.97555,0.30775,-0.082102,4,-58,4.8397,923.25,3
309.25,0.97555,0.30775,-0.082102,4,-60.5,0.42338,920.25,3
310,1.0928,0.2044,-0.013684,4,-57,5.1082,922.75,3
310.25,1.0107,0.2733,-0.070699,4,-57.5,5.4073,922.25,3
310.5,1.0107,0.2733,-0.070699,4,-56,0.37276,925.25,3
310.75,1.0811,0.25033,-0.03649,4,-57,0.59672,924.75,3
311,0.99901,0.28478,-0.070699,4,-60,6.2157,920.75,3
311.25,0.99901,0.28478,-0.070699,4,-58,1.014,924.25,3
312.03,1.0694,0.25033,-0.025087,4,-59.5,5.6834,921.75,3
312.25,1.0694,0.25033,-0.025087,4,-56.5,0.17487,925.75,3
312.5,1.0694,0.25033,-0.025087,4,-58.5,5.1128,922.75,3
312.75,1.0342,0.2733,-0.047893,4,-56.5,0.474,925.25,3
313,1.0342,0.2733,-0.047893,4,-56.5,0.4648,925.25,3
313.08,1.0342,0.2733,-0.047893,4,-57,3.9224,924.75,3
313.25,1.0811,0.26182,-0.03649,4,-57.5,4.4961,923.75,3
313.75,1.0107,0.28478,-0.070699,4,-58,4.7891,923.25,3
314.75,1.1514,0.2044,0.0091224,4,-56.5,0.13039,925.75,3
315,1.0459,0.25033,-0.047893,4,-59,5.415,922.25,3
316.25,1.3039,0.14698,0.077541,4,-58,4.7722,923.25,3
316.75,0.98728,0.29627,-0.093505,4,-59.5,5.935,921.25,3
317,0.98728,0.29627,-0.093505,4,-59.5,5.6236,921.75,3
317.5,1.2101,0.19292,0.031928,4,-58.5,5.0499,922.75,3
317.63,1.2101,0.19292,0.031928,4,-59,5.349,922.25,3
318,1.128,0.18143,0.0091224,4,-57.5,0.83449,924.75,3
318.25,1.128,0.18143,0.0091224,4,-58.5,1.3867,923.75,3
319,0.94038,0.28478,-0.082102,4,-60.5,0.28685,920.25,3
319.25,0.94038,0.28478,-0.082102,4,-59.5,5.961,921.25,3
319.75,0.99901,0.29627,-0.070699,4,-56.5,0.02301,925.75,3
319.85,0.99901,0.29627,-0.070699,4,-58.5,4.9594,922.75,3
320,0.99901,0.29627,-0.070699,4,-59.5,5.283,922.25,3
320.25,0.99901,0.29627,-0.070699,4,-57.5,0.48167,925.25,3
320.5,1.1749,0.18143,0.0091224,1,-66.5,2.4298,923.75,3
321,1.1749,0.18143,0.0091224,4,-60.5,0.010738,920.75,3
321.5,0.97555,0.28478,-0.070699,4,-61,0.34821,920.25,3
321.75,0.97555,0.28478,-0.070699,4,-59.5,5.6665,921.75,3
322.25,1.0107,0.2733,-0.047893,4,-58.5,5.0913,922.75,3
322.5,1.0107,0.2733,-0.047893,4,-59,5.4042,922.25,3
323.25,1.0576,0.26182,-0.047893,4,-59,0.085903,920.75,3
323.75,1.0342,0.2733,-0.059296,4,-59,0.42645,920.25,3
324,1.0342,0.2733,-0.059296,4,-58.5,6.0654,921.25,3
324.5,1.0342,0.26182,-0.03649,4,-57.5,5.1588,922.75,3
325,0.98728,0.29627,-0.093505,4,-55.5,0.53536,925.25,3
325.5,1.1632,0.2044,0.0091224,4,-56.5,1.4696,923.75,3
326,1.2335,0.16995,0.043332,4,-57.5,1.7395,923.25,3
327,0.91693,0.29627,-0.093505,4,-58,5.0591,922.75,3
327.25,0.91693,0.29627,-0.093505,4,-58.5,5.3827,922.25,3
327.5,1.0459,0.26182,-0.059296,4,-57,0.43718,925.25,3
327.75,1.0459,0.26182,-0.059296,4,-57.5,0.80381,924.75,3
328,1.0459,0.26182,-0.059296,1,-65.5,5.7141,923.75,3
328.25,1.1632,0.16995,0.020525,4,-57,4.2783,924.25,3
328.5,1.1632,0.16995,0.020525,4,-57.5,4.8274,923.25,3
329,1.0225,0.28478,-0.070699,4,-60,5.9672,921.25,3
329.25,1.0225,0.28478,-0.070699,4,-59,5.6389,921.75,3
329.35,1.0225,0.28478,-0.070699,4,-56,0.064427,925.75,3
329.5,0.92865,0.29627,-0.093505,4,-58.5,5.056,922.75,3
329.75,0.92865,0.29627,-0.093505,4,-59,5.3475,922.25,3
330.25,1.1397,0.21588,-0.0022806,1,-64.5,1.7012,924.75,3
330.75,0.97555,0.29627,-0.082102,3,-51,0.71177,924.25,3
330.85,0.97555,0.29627,-0.082102,1,-65.5,2.0985,924.25,3
331,0.97555,0.29627,-0.082102,4,-58,4.7968,923.25,3
331.1,0.97555,0.29627,-0.082102,4,-58,4.7968,923.25,3
331.5,0.94038,0.30775,-0.10491,4,-60,6.0025,921.25,3
331.75,0.94038,0.30775,-0.10491,3,-49.5,6.2632,925.75,3
331.8,0.94038,0.30775,-0.10491,4,-56,0.14113,925.75,3
332,1.0928,0.22737,-0.013684,4,-58.5,5.0913,922.75,3
332.25,1.0928,0.22737,-0.013684,1,-68,3.769,922.25,3
332.5,1.0928,0.22737,-0.013684,4,-57,0.45559,925.25,3
332.75,0.98728,0.29627,-0.070699,4,-57,0.74858,924.75,3
332.83,0.98728,0.29627,-0.070699,4,-57.5,4.493,923.75,3
333.25,1.2452,0.16995,0.043332,1,-66,2.0003,924.25,3
333.5,1.1163,0.23885,-0.025087,4,-59.5,0.37276,920.25,3
334,0.9521,0.29627,-0.093505,4,-58.5,5.6727,921.75,3
334.25,0.89348,0.29627,-0.11631,4,-55.5,0.052155,925.75,3
334.5,1.2452,0.16995,0.043332,4,-58,5.3597,922.25,3
334.75,1.0811,0.23885,-0.025087,4,-56,0.38196,925.25,3
335,1.0811,0.23885,-0.025087,4,-56,0.74551,924.75,3
335.08,1.0811,0.23885,-0.025087,4,-56.5,0.73324,924.75,3
335.25,1.0811,0.23885,-0.025087,4,-56.5,1.3606,923.75,3
335.5,1.1632,0.2044,0.020525,4,-59.5,0.11045,920.75,3
336.5,1.0107,0.28478,-0.082102,4,-55.5,0.14726,925.75,3
336.75,0.98728,0.29627,-0.082102,4,-58,5.1557,922.75,3
337,0.98728,0.29627,-0.082102,4,-58.5,5.4364,922.25,3
337.25,0.98728,0.29627,-0.082102,1,-64,1.2517,925.25,3
337.33,0.98728,0.29627,-0.082102,4,-56.5,0.88204,924.75,3
337.5,0.94038,0.28478,-0.082102,4,-57,4.6342,923.75,3
337.75,0.94038,0.28478,-0.082102,4,-59.5,0.13039,920.75,3
338.25,0.99901,0.28478,-0.070699,1,-66,6.0377,923.25,3
338.5,0.99901,0.28478,-0.070699,4,-60,0.41724,920.25,3
339,1.2218,0.18143,0.031928,4,-58.5,5.7417,921.75,3
339.1,1.2218,0.18143,0.031928,4,-55.5,0.158,925.75,3
339.25,1.2218,0.18143,0.031928,3,-49.5,6.1681,925.75,3
339.5,1.2452,0.18143,0.054735,4,-58,5.4334,922.25,3
339.75,0.9052,0.29627,-0.082102,4,-55.5,0.48627,925.25,3
339.85,0.9052,0.29627,-0.082102,4,-56.5,0.78693,924.75,3
340.5,1.1514,0.16995,0.020525,3,-51,4.1157,924.25,3
340.6,1.1514,0.16995,0.020525,4,-56.5,1.1597,924.25,3
340.75,0.9052,0.26182,-0.070699,4,-59.5,0.4694,920.25,3
341.25,0.94038,0.2733,-0.082102,4,-58.5,5.7402,921.75,3
341.75,1.0811,0.23885,-0.025087,4,-57,5.0882,922.75,3
342,1.0576,0.2733,-0.03649,4,-56,0.40037,925.25,3
342.25,1.0576,0.2733,-0.03649,3,-49.5,0.21322,925.25,3
342.33,1.0576,0.2733,-0.03649,4,-56,0.74245,924.75,3
342.5,1.257,0.16995,0.043332,4,-56.5,1.399,923.75,3
342.75,1.2335,0.15847,0.054735,4,-56.5,4.3366,924.25,3
343.5,0.92865,0.26182,-0.082102,4,-60,0.42338,920.25,3
343.63,0.92865,0.26182,-0.082102,4,-59.5,5.9764,921.25,3
343.75,0.92865,0.26182,-0.082102,4,-58,5.7095,921.75,3
344,1.0928,0.23885,-0.0022806,4,-57.5,5.0805,922.75,3
344.5,0.98728,0.28478,-0.093505,4,-55,0.48781,925.25,3
344.75,0.98728,0.28478,-0.093505,4,-56.5,0.90965,924.75,3
344.85,0.98728,0.28478,-0.093505,4,-56,1.3913,923.75,3
345,1.0107,0.28478,-0.059296,4,-60,0.0092039,920.75,3
345.25,1.0107,0.28478,-0.059296,4,-58,4.3872,924.25,3
345.5,1.0107,0.28478,-0.059296,3,-50,0.90045,924.25,3
345.6,1.0459,0.23885,-0.047893,4,-57.5,5.3306,923.25,3
346.25,0.94038,0.25033,-0.082102,4,-59,5.6941,921.75,3
346.33,0.94038,0.25033,-0.082102,4,-56,0.33287,925.75,3
346.75,1.0459,0.26182,-0.03649,4,-59,5.4579,922.25,3
347,1.0459,0.26182,-0.03649,4,-56.5,0.53689,925.25,3
347.75,1.2452,0.14698,0.054735,4,-57.5,1.1812,924.25,3
348,1.2452,0.14698,0.054735,4,-58,4.8873,923.25,3
349,1.2452,0.14698,0.054735,4,-56,0.061359,925.75,3
349.25,1.0576,0.25033,-0.025087,4,-56,0.42338,925.25,3
350.25,0.89348,0.29627,-0.10491,4,-57,4.177,924.25,3
350.75,1.0576,0.26182,-0.03649,4,-59,6.1927,921.25,3
351.25,1.1045,0.23885,-0.0022806,4,-55,6.2632,925.75,3
351.35,1.1045,0.23885,-0.0022806,4,-56,6.2433,925.75,3
351.5,1.1045,0.23885,-0.0022806,4,-58,5.0897,922.75,3
352,1.2804,0.15847,0.054735,4,-55.5,0.31753,925.25,3
352.25,0.91693,0.30775,-0.093505,1,-66,5.9503,923.75,3
353,1.1632,0.21588,0.0091224,4,-57,1.5156,923.25,3
353.25,1.1632,0.21588,0.0091224,4,-58,5.9058,921.25,3
353.75,1.2687,0.14698,0.066138,3,-50,0.029146,925.75,3
353.85,1.2687,0.14698,0.066138,4,-55.5,0.021476,925.75,3
353.9,1.2687,0.14698,0.066138,4,-58,5.013,922.75,3
354,1.2687,0.14698,0.066138,4,-57.5,4.9793,922.75,3
354.25,0.99901,0.26182,-0.047893,4,-55.5,0.47707,925.25,3
354.5,0.99901,0.28478,-0.070699,4,-55.5,0.73478,924.75,3
354.75,0.89348,0.29627,-0.093505,4,-58.5,6.2464,920.75,3
355.25,0.96383,0.28478,-0.093505,4,-57.5,0.92346,924.25,3
355.75,1.2452,0.18143,0.054735,4,-59,6.0485,921.25,3
356,1.2452,0.18143,0.054735,4,-58.5,5.7908,921.75,3
356.25,0.9521,0.28478,-0.082102,3,-50,6.2663,925.75,3
356.35,0.9521,0.28478,-0.082102,4,-55,0.18868,925.75,3
356.38,0.9521,0.28478,-0.082102,4,-57.5,5.2999,922.75,3
356.5,0.9521,0.28478,-0.082102,4,-58.5,5.5039,922.25,3
356.75,1.2101,0.16995,0.031928,4,-55,0.44946,925.25,3
357.25,0.96383,0.28478,-0.082102,4,-56.5,1.356,923.75,3
357.5,1.2804,0.14698,0.054735,4,-57,4.2123,924.25,3
357.75,1.1866,0.19292,0.0091224,4,-57.5,4.7891,923.25,3
358,1.1866,0.19292,0.0091224,4,-60,0.33287,920.25,3
358.5,0.9521,0.29627,-0.093505,3,-49.5,6.1175,925.75,3
358.6,0.9521,0.29627,-0.093505,4,-55.5,6.2387,925.75,3
359,0.97555,0.29627,-0.093505,4,-58.5,5.3413,922.25,3
359.25,0.97555,0.29627,-0.093505,3,-50,0.11965,925.25,3
359.35,0.97555,0.29627,-0.093505,4,-56.5,0.38043,925.25,3
359.5,0.97555,0.29627,-0.093505,4,-57,3.8641,924.75,3
359.6,0.97555,0.29627,-0.093505,4,-57.5,4.4808,923.75,3
360,0.99901,0.28478,-0.070699,4,-57,1.0324,924.25,3
360.25,0.91693,0.28478,-0.10491,4,-58,1.5969,923.25,3
361,0.99901,0.28478,-0.047893,4,-56,6.2004,925.75,3
361.1,0.99901,0.28478,-0.047893,4,-55.5,6.2433,925.75,3
361.5,1.0342,0.2733,-0.059296,4,-58,5.349,922.25,3
361.6,1.0342,0.2733,-0.059296,1,-65.5,1.468,925.25,3
361.75,1.0342,0.2733,-0.059296,3,-50,0.10738,925.25,3
362,1.1514,0.22737,-0.0022806,4,-57,4.5268,923.75,3
362.25,0.97555,0.30775,-0.082102,4,-59.5,0.13039,920.75,3
362.75,1.0225,0.2733,-0.059296,4,-57.5,4.8888,923.25,3
363,1.0225,0.2733,-0.059296,4,-60,0.4694,920.25,3
363.5,0.9052,0.28478,-0.093505,4,-55.5,0.061359,925.75,3
363.75,0.9052,0.28478,-0.093505,4,-57.5,5.1204,922.75,3
364.5,1.1397,0.2044,-0.013684,4,-57.5,1.3837,923.75,3
364.6,1.1397,0.2044,-0.013684,4,-57,1.4067,923.75,3
364.75,1.1397,0.2044,-0.013684,4,-56.5,4.2583,924.25,3
365,1.1866,0.2044,0.031928,4,-57,4.8673,923.25,3
365.75,1.1866,0.18143,0.043332,4,-58.5,5.78,921.75,3
366.25,1.2687,0.14698,0.066138,4,-58,5.5085,922.25,3
366.5,0.98728,0.2733,-0.070699,3,-50.5,0.18254,925.25,3
366.58,0.98728,0.2733,-0.070699,4,-56,0.52002,925.25,3
366.75,0.98728,0.2733,-0.070699,4,-56.5,0.81915,924.75,3
366.85,0.98728,0.2733,-0.070699,4,-56.5,4.5789,923.75,3
367,0.98728,0.2733,-0.070699,1,-65,6.2326,923.75,3
367.25,1.0107,0.29627,-0.059296,4,-56,0.98942,924.25,3
367.5,1.0107,0.29627,-0.059296,4,-58,1.6368,923.25,3
367.75,1.0107,0.29627,-0.059296,4,-59.5,0.37736,920.25,3
368,1.1632,0.19292,0.0091224,4,-58.5,5.8107,921.75,3
368.5,1.1163,0.21588,-0.025087,4,-55.5,0.16567,925.75,3
369,1.1866,0.16995,0.043332,4,-56,0.81148,924.75,3
369.25,1.1866,0.16995,0.043332,4,-56,3.9515,924.75,3
369.35,1.1866,0.16995,0.043332,4,-57,4.5268,923.75,3
370,1.0928,0.23885,-0.025087,4,-57.5,1.7012,923.25,3
370.25,1.0928,0.23885,-0.025087,4,-60,0.41571,920.25,3
370.5,1.0107,0.28478,-0.070699,4,-58.5,5.8092,921.75,3
370.75,1.0107,0.28478,-0.070699,4,-56.5,0.12885,925.75,3
371,1.0811,0.22737,-0.025087,4,-56.5,5.0238,922.75,3
371.5,0.97555,0.26182,-0.070699,1,-64.5,5.7632,925.25,3
371.75,1.1749,0.16995,0.020525,4,-57.5,4.6173,923.75,3
372.25,1.0225,0.28478,-0.059296,4,-58,1.0753,924.25,3
373,1.0342,0.2733,-0.059296,4,-59.5,5.7217,921.75,3
373.25,1.0342,0.2733,-0.059296,4,-56,0.061359,925.75,3
373.35,1.0342,0.2733,-0.059296,4,-58,5.1956,922.75,3
374,0.9521,0.2733,-0.070699,4,-57,0.84983,924.75,3
374.5,1.0811,0.23885,-0.025087,4,-59.5,0.10124,920.75,3
374.75,1.0811,0.23885,-0.025087,4,-57,4.2507,924.25,3
374.83,1.0811,0.23885,-0.025087,4,-57.5,4.8167,923.25,3
375.25,1.1514,0.2044,-0.0022806,4,-59.5,5.7064,921.75,3
375.75,0.9521,0.28478,-0.093505,4,-56,0.15033,925.75,3
375.85,0.9521,0.28478,-0.093505,4,-58.5,5.1082,922.75,3
376,0.9521,0.28478,-0.093505,4,-58,5.0284,922.75,3
376.25,0.9521,0.28478,-0.093505,4,-57,0.57217,925.25,3
376.5,0.97555,0.2733,-0.070699,4,-56.5,0.84676,924.75,3
376.58,0.97555,0.2733,-0.070699,4,-56.5,4.5851,923.75,3
377,1.0107,0.26182,-0.059296,4,-60,0.13959,920.75,3
377.25,1.0107,0.26182,-0.059296,4,-56.5,1.1275,924.25,3
377.5,1.0576,0.26182,-0.059296,4,-60,0.67035,920.25,3
377.75,1.0576,0.26182,-0.059296,4,-59,6.1022,921.25,3
378,1.0576,0.26182,-0.059296,1,-67,4.1249,921.75,3
378.25,1.339,0.0091865,0.24859,4,-56.5,5.6788,922.75,3
378.5,1.339,0.0091865,0.24859,3,-56,5.2385,922.25,3
378.75,1.339,0.0091865,0.24859,4,-57,0.37583,925.25,3
