0,1.1866,0.043636,0.54506,4,-57.5,5.5361,920.25,3
0.5,1.1866,0.043636,0.54506,1,-61,0.87744,921.25,3
0.75,1.1866,0.043636,0.54506,1,-58.5,3.4729,925.75,3
1,1.1866,0.043636,0.54506,1,-60,5.9902,922.75,3
2.5,1.1866,0.055119,0.52226,1,-61,2.6707,923.25,3
3,1.1866,0.055119,0.52226,4,-57.5,4.8366,921.75,3
3.25,1.1866,0.055119,0.52226,1,-60,0.59365,925.75,3
4,1.0107,0.12402,0.43103,1,-60,4.0927,925.25,3
4.25,1.0107,0.12402,0.43103,1,-60.5,5.2907,923.75,3
4.75,1.0107,0.12402,0.43103,4,-56.5,0.89584,923.25,3
5.25,1.0107,0.12402,0.43103,4,-58,1.939,921.25,3
6,1.1045,0.078086,0.47665,4,-56.5,1.014,922.75,3
6.25,1.1045,0.078086,0.47665,1,-60,4.1157,925.25,3
6.75,1.1045,0.078086,0.47665,4,-56,0.57524,923.75,3
7,1.1045,0.078086,0.47665,1,-61.5,2.0279,924.25,3
8.25,1.2452,0.0091865,0.53366,4,-57,1.0692,922.75,3
8.5,1.2452,0.0091865,0.53366,1,-61.5,0.20402,922.25,3
8.75,1.2452,0.0091865,0.53366,1,-59.5,0.96794,925.25,3
9.25,1.2452,0.0091865,0.53366,4,-56.5,0.30526,923.75,3
9.5,1.2452,0.0091865,0.53366,4,-56,6.2617,924.25,3
10.5,1.1045,0.078086,0.46524,1,-59.5,0.65041,925.75,3
10.75,1.1045,0.078086,0.46524,1,-61.5,6.0792,922.75,3
11.25,1.1045,0.078086,0.46524,1,-60,4.1786,925.25,3
11.5,1.1045,0.078086,0.46524,1,-60.5,5.306,923.75,3
12,1.1045,0.078086,0.46524,4,-56,0.033748,924.25,3
13,0.99901,0.1355,0.40823,1,-59,3.6417,925.75,3
13.5,0.99901,0.1355,0.40823,1,-60,0.95567,925.25,3
14,0.99901,0.1355,0.40823,1,-61,2.2534,923.75,3
14.5,0.99901,0.1355,0.40823,1,-62,5.8092,923.25,3
15.5,1.0342,0.11254,0.41963,4,-57,0.89278,922.75,3
15.75,1.0342,0.11254,0.41963,1,-61.5,0.082835,922.25,3
16,1.0342,0.11254,0.41963,1,-59.5,4.0114,925.25,3
16.5,1.0342,0.11254,0.41963,4,-56,0.25311,923.75,3
18,0.99901,0.12402,0.41963,4,-57,1.0431,922.75,3
18.5,1.0694,0.10105,0.45384,1,-60,4.4455,924.75,3
19,1.0694,0.10105,0.45384,4,-58.5,1.9343,920.75,3
19.5,1.0694,0.10105,0.45384,4,-56.5,0.5507,923.25,3
19.75,1.0694,0.10105,0.45384,1,-62,3.9362,921.25,3
20.25,1.0694,0.10105,0.45384,1,-60,0.53229,925.75,3
20.5,1.0694,0.10105,0.45384,4,-57.5,1.2947,922.25,3
21.25,0.96383,0.14698,0.39683,4,-56,0.4694,923.75,3
21.5,0.96383,0.14698,0.39683,1,-61,4.9287,924.25,3
22.25,0.96383,0.14698,0.39683,1,-62.5,0.89584,921.25,3
23,0.98728,0.15847,0.38542,1,-61,0.069029,922.25,3
23.5,0.98728,0.15847,0.38542,1,-59.5,4.0973,925.25,3
23.75,0.98728,0.15847,0.38542,4,-56,0.34515,923.75,3
24,0.98728,0.15847,0.38542,4,-56,0.15493,924.25,3
25,1.1397,0.066602,0.47665,1,-58,3.7429,925.75,3
25.25,1.1397,0.066602,0.47665,4,-57,0.76392,922.75,3
25.5,1.1397,0.066602,0.47665,1,-62,0.10278,922.25,3
26,1.1397,0.066602,0.47665,1,-59,4.4439,924.75,3
26.5,1.1163,0.10105,0.44244,1,-59.5,4.8735,924.25,3
27.25,1.1163,0.10105,0.44244,1,-63.5,0.99862,921.25,3
27.75,1.1163,0.10105,0.44244,4,-56.5,1.0477,922.75,3
28,1.1163,0.10105,0.44244,4,-57,0.98942,922.75,3
28.5,0.94038,0.15847,0.36262,4,-56,0.18715,923.75,3
28.75,0.94038,0.15847,0.36262,4,-58,1.8945,920.75,3
29.25,0.94038,0.15847,0.36262,1,-60.5,5.6512,923.25,3
30.25,1.1514,-0.0022966,0.47665,4,-57,1.1305,922.75,3
30.5,1.1514,-0.0022966,0.47665,4,-57,1.4603,922.25,3
30.75,1.1514,-0.0022966,0.47665,1,-60.5,4.4577,925.25,3
31,1.1514,-0.0022966,0.47665,4,-56,0.56297,923.75,3
31.75,1.1514,0.032153,0.48805,1,-64.5,5.0698,920.25,3
32.5,1.1514,0.032153,0.48805,1,-60.5,3.9408,925.75,3
33,1.1514,0.032153,0.48805,4,-57.5,1.1796,922.25,3
33.5,1.0811,0.066602,0.45384,4,-56,0.30373,923.75,3
33.75,1.0811,0.066602,0.45384,1,-60.5,1.8009,924.25,3
34.5,1.0811,0.066602,0.45384,4,-58,4.7952,921.25,3
34.75,1.0811,0.066602,0.45384,1,-59,0.50775,925.75,3
35,1.0811,0.066602,0.45384,4,-56.5,0.78386,922.75,3
35.25,1.0811,0.066602,0.45384,4,-57.5,0.97868,922.25,3
35.75,0.97555,0.15847,0.37402,1,-59,4.4225,924.75,3
36.25,0.97555,0.15847,0.37402,1,-63,1.1612,920.75,3
36.5,0.97555,0.15847,0.37402,4,-56.5,0.34515,923.25,3
37,0.97555,0.15847,0.37402,4,-57.5,1.4711,921.25,3
37.75,1.0342,0.12402,0.39683,1,-61.5,0.0061359,922.25,3
38.25,1.0342,0.12402,0.39683,1,-59.5,4.3596,924.75,3
39.25,0.98728,0.16995,0.39683,1,-63,4.0267,921.25,3
40.25,1.1983,0.055119,0.47665,1,-59,4.0298,925.25,3
40.75,1.1983,0.055119,0.47665,1,-59,4.4485,924.75,3
41,1.1983,0.055119,0.47665,1,-62.5,1.2026,920.75,3
41.5,1.1983,0.055119,0.47665,4,-56.5,0.33901,923.25,3
42.5,1.2218,0.066602,0.47665,1,-62.5,0.03835,922.25,3
43.5,1.0811,0.10105,0.45384,4,-56.5,0.010738,924.25,3
43.75,1.0811,0.10105,0.45384,1,-61.5,5.5745,923.25,3
44.5,1.0811,0.10105,0.45384,1,-59.5,0.37276,925.75,3
45,1.0811,0.10105,0.45384,4,-58,1.1106,922.25,3
45.5,0.98728,0.14698,0.39683,4,-56,0.26691,923.75,3
46,0.98728,0.14698,0.39683,4,-56,6.2556,924.25,3
46.25,0.98728,0.14698,0.39683,4,-57,0.58905,923.25,3
46.75,0.98728,0.14698,0.39683,4,-58,1.5647,921.75,3
47.75,0.99901,0.11254,0.41963,1,-60.5,4.1985,925.25,3
48.25,0.99901,0.11254,0.41963,4,-56,0.33287,923.75,3
48.5,0.99901,0.11254,0.41963,4,-55.5,6.1574,924.25,3
49.5,1.0576,0.11254,0.43103,1,-60,3.7184,925.75,3
50.5,1.2218,0.0091865,0.49945,4,-56,0.46019,923.75,3
50.75,1.2218,0.0091865,0.49945,4,-59,5.1066,920.75,3
51.25,1.2218,0.0091865,0.49945,4,-56.5,0.55837,923.25,3
51.5,1.2218,0.0091865,0.49945,1,-63,3.8595,921.25,3
53,0.99901,0.11254,0.40823,1,-61,2.1629,923.75,3
53.5,0.99901,0.11254,0.40823,1,-62,2.5341,923.25,3
54.25,0.99901,0.11254,0.40823,4,-57.5,1.3867,921.75,3
55,1.1866,0.066602,0.47665,1,-59.5,3.8978,925.25,3
55.25,1.1866,0.066602,0.47665,1,-60.5,5.0376,923.75,3
55.75,1.1866,0.066602,0.47665,4,-56,6.1758,924.25,3
56,1.1866,0.066602,0.47665,4,-56,1.0416,923.25,3
57,0.96383,-0.01378,0.57927,1,-62.5,5.3183,922.75,3
64.25,-0.45495,0.53741,0.066138,2,-47,0.59365,925.75,4
64.375,-0.45495,0.53741,0.066138,2,-46.5,0.7808,925.75,4
64.45,-0.45495,0.88191,0.031928,2,-48,2.8057,922.75,4
64.475,-0.45495,0.88191,0.031928,2,-47.5,6.0408,922.75,4
64.525,-0.45495,0.88191,0.031928,2,-47.5,6.251,922.75,4
64.575,-0.51357,0.97377,0.0091224,2,-48.5,0.43872,922.25,4
64.6,-0.49012,0.92784,-0.013684,2,-49.5,0.095107,922.25,4
64.75,-0.65428,0.88191,0.21438,2,-47.5,0.41417,925.25,4
64.85,-0.65428,0.88191,0.21438,2,-47.5,0.16874,925.25,4
250,0.78795,0.12402,0.62489,1,-62,2.5403,925.25,3
251.25,0.82312,0.089569,0.57927,1,-68,5.9472,920.25,3
252.25,1.0928,-0.025263,0.6933,1,-63.5,4.4424,922.25,3
252.5,1.0928,-0.025263,0.6933,1,-59.5,5.1404,925.25,3
253.25,0.77622,0.12402,0.54506,1,-63.5,0.041417,924.25,3
253.5,0.77622,0.12402,0.54506,1,-64.5,0.60899,923.25,3
254.75,0.99901,0.02067,0.64769,1,-65,4.3212,922.25,3
255.25,0.78795,0.1355,0.53366,1,-62.5,5.2907,924.75,3
255.5,0.78795,0.1355,0.53366,1,-67.5,5.099,920.75,3
256.75,0.87003,0.10105,0.54506,1,-62,4.2783,925.75,3
257.25,0.87003,0.10105,0.54506,1,-66,3.9055,922.25,3
257.5,0.7645,0.1355,0.48805,1,-62.5,1.9083,924.75,3
258,0.7645,0.1355,0.48805,4,-57,0.14573,920.75,3
258.25,0.7645,0.1355,0.48805,1,-63.5,5.4395,924.25,3
258.5,0.7645,0.1355,0.48805,1,-68,5.2431,920.25,3
259.5,1.0576,-0.01378,0.6705,1,-65.5,3.9761,922.25,3
261.25,0.84658,0.12402,0.52226,1,-66,4.5682,921.25,3
262,1.1163,-0.025263,0.6705,1,-65.5,3.9285,922.25,3
262.5,1.1045,-0.025263,0.6705,1,-62.5,1.9604,924.75,3
263.25,1.1163,-0.025263,0.6591,1,-64.5,6.251,923.25,3
264.25,0.75277,0.12402,0.48805,1,-64.5,3.4315,922.75,3
264.5,0.75277,0.12402,0.48805,1,-62,1.5294,925.25,3
265.25,0.97555,0.032153,0.62489,1,-63.5,5.8445,923.75,3
265.75,0.75277,0.11254,0.48805,4,-57.5,0.41264,920.25,3
266.25,0.75277,0.11254,0.48805,4,-56.5,6.0454,921.25,3
266.5,0.75277,0.11254,0.48805,1,-62.5,1.1551,925.75,3
267,0.8583,0.12402,0.52226,1,-62,1.5539,925.25,3
267.25,0.8583,0.12402,0.52226,1,-62,1.9528,924.75,3
268,0.8114,0.1355,0.52226,1,-64,6.2709,923.25,3
268.5,0.8114,0.1355,0.52226,1,-65.5,4.6204,921.25,3
269.25,0.82312,0.12402,0.52226,1,-65,3.8089,922.25,3
270,1.1866,-0.16306,0.6819,1,-61,1.8837,923.75,3
271,0.83485,-0.0022966,0.6591,1,-65,1.9159,921.25,3
271.5,0.83485,-0.0022966,0.6591,1,-66.5,5.622,922.75,3
272,0.83485,-0.0022966,0.6591,3,-64.5,0.66728,925.25,3
