0,0.83485,0.14698,0.61348,4,-56,0.74551,924.25,3
0.25,0.83485,0.14698,0.61348,4,-56,1.1474,923.25,3
0.75,0.83485,0.14698,0.61348,4,-57.5,4.8152,921.75,3
1,0.83485,0.14698,0.61348,4,-54,5.3797,925.75,3
1.25,0.83485,0.14698,0.61348,4,-57.5,1.3361,922.25,3
1.75,0.83485,0.14698,0.61348,1,-64.5,5.5116,925.25,3
2,0.83485,0.14698,0.61348,4,-56,0.42645,923.75,3
3,1.0342,0.10105,0.61348,4,-58,5.5147,921.25,3
3.75,0.75277,0.21588,0.52226,4,-56.5,4.7661,922.25,3
4.25,0.75277,0.21588,0.52226,1,-64.5,3.3287,924.75,3
5,0.91693,0.14698,0.61348,1,-65,0.42645,924.25,3
7,0.99901,0.11254,0.64769,1,-69.5,6.1114,920.75,3
7.5,0.99901,0.11254,0.64769,4,-56,0.95567,923.25,3
8,0.99901,0.11254,0.64769,4,-57.5,5.2662,921.25,3
8.25,0.99901,0.11254,0.64769,1,-64.5,5.5315,925.75,3
9,0.99901,0.11254,0.64769,4,-55,5.8982,925.25,3
9.75,0.92865,0.14698,0.61348,1,-65,0.52462,924.25,3
10.5,0.92865,0.14698,0.61348,4,-56.5,1.9666,921.75,3
11.25,1.1163,0.055119,0.70471,4,-56.5,1.5923,922.25,3
11.5,1.1163,0.055119,0.70471,1,-66,0.021476,924.75,3
12.25,1.1163,0.055119,0.70471,4,-55.5,0.27305,924.25,3
13,1.0459,0.10105,0.6591,1,-66.5,2.301,921.75,3
13.5,1.0459,0.10105,0.6591,4,-56,4.4117,922.75,3
13.75,1.0459,0.10105,0.6591,1,-64.5,5.9196,925.25,3
14.75,0.9052,0.18143,0.57927,1,-65.5,0.35128,924.25,3
15.5,0.9052,0.18143,0.57927,4,-57.5,1.7794,921.75,3
15.75,0.9052,0.18143,0.57927,4,-56.5,1.2149,922.75,3
16,0.9052,0.18143,0.57927,4,-56.5,1.5232,922.25,3
16.75,1.1514,0.055119,0.6933,4,-56,0.53536,923.75,3
17.25,1.1514,0.055119,0.6933,1,-65.5,4.2982,923.25,3
17.75,1.1514,0.055119,0.6933,1,-67,5.2907,921.75,3
18.75,0.91693,0.19292,0.57927,1,-64.5,5.7095,925.25,3
19,0.91693,0.19292,0.57927,4,-56,0.39884,923.75,3
19.5,0.91693,0.19292,0.57927,4,-55,0.075165,924.25,3
19.6,0.91693,0.19292,0.57927,4,-56,0.72097,923.25,3
20.5,0.92865,0.19292,0.57927,4,-54,5.2953,925.75,3
20.75,0.92865,0.19292,0.57927,4,-57,0.97408,922.75,3
21,0.92865,0.19292,0.57927,4,-55,5.5929,925.25,3
21.5,0.92865,0.19292,0.57927,1,-65.5,3.7997,923.75,3
22.75,0.96383,0.15847,0.60208,1,-66.5,5.3337,921.75,3
23,0.96383,0.15847,0.60208,4,-56.5,0.98942,922.75,3
24.25,0.96383,0.16995,0.59068,1,-65,0.2485,924.25,3
25.25,0.92865,0.18143,0.59068,1,-64,5.441,925.75,3
25.75,0.92865,0.18143,0.59068,1,-67,4.9471,922.25,3
26.25,0.92865,0.18143,0.59068,4,-55.5,5.9534,924.75,3
27,0.96383,0.15847,0.59068,4,-56.5,0.72864,923.25,3
27.25,0.96383,0.15847,0.59068,1,-67.5,5.6635,921.25,3
28,0.96383,0.15847,0.59068,4,-56,1.0876,922.75,3
28.25,0.96383,0.15847,0.59068,1,-66.5,4.9394,922.25,3
29.25,0.94038,0.16995,0.57927,4,-56,0.061359,924.25,3
30,1.0928,0.11254,0.63629,4,-57,1.6812,921.75,3
30.5,1.0928,0.11254,0.63629,4,-56.5,1.0799,922.75,3
31,1.0107,0.11254,0.63629,4,-55.5,5.9718,924.75,3
31.25,1.0107,0.11254,0.63629,4,-56,0.38043,923.75,3
31.5,1.0107,0.11254,0.63629,1,-65.5,0.25617,924.25,3
32.25,1.0107,0.11254,0.63629,4,-57.5,1.6352,921.75,3
32.75,1.0107,0.11254,0.63629,1,-64,5.372,925.75,3
33.5,1.1866,0.078086,0.6705,4,-55,6.0316,924.75,3
33.75,1.1866,0.078086,0.6705,4,-58.5,2.1844,920.75,3
34.25,1.1866,0.078086,0.6705,4,-56.5,0.74091,923.25,3
34.5,1.1866,0.078086,0.6705,4,-58,1.9006,921.25,3
35,1.1866,0.078086,0.6705,1,-63.5,2.2672,925.75,3
35.5,1.1866,0.078086,0.6705,4,-56.5,1.3944,922.25,3
35.75,1.1866,0.078086,0.6705,1,-64,5.7862,925.25,3
36.5,0.91693,0.18143,0.55647,4,-55.5,0.096641,924.25,3
36.75,0.91693,0.18143,0.55647,1,-65.5,4.2583,923.25,3
37.5,0.91693,0.18143,0.55647,4,-56.5,5.1849,921.75,3
38.25,1.0811,0.055119,0.75032,4,-55,6.1175,925.25,3
38.325,1.0811,0.055119,0.75032,1,-66,0.1626,924.75,3
39,1.0811,0.055119,0.75032,4,-56,0.30526,924.25,3
39.25,1.0811,0.055119,0.75032,1,-66,1.1336,923.25,3
40.25,0.79967,0.22737,0.52226,1,-66,5.0269,922.25,3
40.75,0.79967,0.22737,0.52226,4,-55.5,5.9856,924.75,3
41,0.79967,0.22737,0.52226,1,-65.5,0.64887,923.75,3
41.5,0.79967,0.22737,0.52226,1,-65.5,0.27458,924.25,3
42.25,0.79967,0.22737,0.52226,4,-57,1.6536,921.75,3
42.75,0.98728,0.12402,0.61348,4,-56,1.3821,922.25,3
44.5,1.1632,0.055119,0.6819,4,-57.5,1.5601,921.75,3
45,1.1632,0.055119,0.6819,4,-57,0.96948,922.75,3
45.75,0.97555,0.14698,0.59068,4,-55.5,6.0009,924.75,3
46,0.97555,0.14698,0.59068,4,-56,0.36509,923.75,3
46.25,0.97555,0.14698,0.59068,4,-55.5,0.029146,924.25,3
47,0.97555,0.14698,0.59068,4,-57,1.5693,921.75,3
47.25,0.97555,0.14698,0.59068,1,-65,5.3567,925.75,3
48,0.89348,0.19292,0.54506,1,-65.5,5.9902,924.75,3
49,0.89348,0.19292,0.54506,1,-66,0.99709,923.25,3
49.5,0.89348,0.19292,0.54506,4,-57,1.6291,921.75,3
50,0.87003,0.2044,0.53366,4,-57,1.3039,922.25,3
50.25,0.87003,0.2044,0.53366,4,-55,5.6052,925.25,3
50.5,0.87003,0.2044,0.53366,1,-65.5,6.0393,924.75,3
52,1.1983,0.066602,0.6819,1,-64.5,5.349,925.75,3
52.5,1.1983,0.066602,0.6819,4,-56.5,1.3438,922.25,3
52.75,1.1983,0.066602,0.6819,4,-54,5.6435,925.25,3
53,1.1983,0.066602,0.6819,4,-55,5.961,924.75,3
53.25,1.1983,0.066602,0.6819,1,-66,0.58291,923.75,3
53.75,1.1983,0.066602,0.6819,4,-56,0.66728,923.25,3
54.5,0.96383,0.14698,0.57927,1,-64.5,5.3091,925.75,3
55,0.96383,0.14698,0.57927,1,-67,4.7891,922.25,3
55.5,0.96383,0.14698,0.57927,4,-55.5,5.9089,924.75,3
55.75,0.96383,0.14698,0.57927,4,-58,2.1031,920.75,3
56,0.96383,0.14698,0.57927,4,-55.5,6.2786,924.25,3
56.25,0.96383,0.14698,0.57927,4,-59,5.4809,920.25,3
57.25,0.87003,0.21588,0.51086,4,-57.5,1.2272,922.25,3
57.75,0.87003,0.21588,0.51086,1,-65.5,6.0163,924.75,3
58.25,0.87003,0.21588,0.51086,4,-58,0.50775,920.75,3
