0,1.1514,-0.35827,0.031928,1,-61,4.6296,924.75,3
0.5,0.92865,-0.24344,-0.059296,3,-56,6.1804,922.75,3
0.75,0.92865,-0.24344,-0.059296,1,-62.5,5.303,923.75,3
1.25,0.92865,-0.24344,-0.059296,1,-65.5,0.067495,922.25,3
1.75,0.92865,-0.24344,-0.059296,3,-57,0.61359,921.25,3
2,0.92865,-0.24344,-0.059296,1,-68,1.2855,920.25,3
2.75,1.0459,-0.30086,-0.025087,1,-60.5,3.8871,925.75,3
3,1.0459,-0.30086,-0.025087,1,-62.5,5.2646,923.75,3
4,1.2921,-0.41569,0.088944,3,-57,0.36662,921.75,3
4.25,1.2921,-0.41569,0.088944,3,-57,0.57524,921.25,3
5.25,0.94038,-0.23196,-0.059296,1,-60,3.907,925.75,3
6,1.0811,-0.32383,-0.0022806,3,-57,0.087437,922.25,3
6.25,1.0811,-0.32383,-0.0022806,3,-57.5,0.75472,920.75,3
6.75,1.0811,-0.32383,-0.0022806,1,-68.5,4.5114,920.25,3
8.25,1.1632,-0.35827,0.043332,1,-61.5,4.9532,924.25,3
8.75,1.1632,-0.35827,0.043332,1,-68,1.0784,920.75,3
9.25,1.1632,-0.35827,0.043332,3,-57.5,0.97101,920.25,3
9.5,1.1632,-0.35827,0.043332,1,-61,4.6173,924.75,3
10.25,1.0811,-0.32383,-0.0022806,1,-64,6.0316,922.75,3
11.25,0.9521,-0.25493,-0.070699,3,-57,0.33134,921.75,3
11.5,0.9521,-0.25493,-0.070699,1,-66.5,0.74551,921.25,3
12,0.9521,-0.25493,-0.070699,1,-61,4.6096,924.75,3
12.25,0.9521,-0.25493,-0.070699,1,-60.5,4.2675,925.25,3
13.25,1.0342,-0.31234,-0.025087,3,-56.5,0.072097,922.25,3
13.5,1.0342,-0.31234,-0.025087,3,-57.5,0.73784,920.75,3
13.75,1.0342,-0.31234,-0.025087,3,-57.5,0.5507,921.25,3
14.5,1.0576,-0.31234,-0.0022806,1,-61,4.5897,924.75,3
15.5,1.3156,-0.42717,0.10035,1,-61.5,4.9716,924.25,3
16.25,1.3156,-0.42717,0.10035,3,-57,0.29452,921.75,3
17,1.2687,-0.41569,0.077541,1,-61.5,4.5851,924.75,3
17.25,1.2687,-0.41569,0.077541,1,-61,3.8396,925.75,3
18,0.94038,-0.24344,-0.059296,1,-65.5,0.026078,922.25,3
18.75,0.94038,-0.24344,-0.059296,1,-67.5,0.68416,921.25,3
19.5,1.0576,-0.30086,-0.0022806,1,-61,4.2813,925.25,3
20,1.0576,-0.30086,-0.0022806,1,-65,5.9672,922.75,3
20.75,1.0459,-0.27789,-0.013684,1,-68,0.9526,920.75,3
21.5,1.0459,-0.27789,-0.013684,1,-68,1.2778,920.25,3
22.25,1.1749,-0.38124,0.066138,1,-60.5,3.9101,925.75,3
22.5,1.1749,-0.38124,0.066138,3,-55.5,5.6987,923.75,3
22.75,1.1749,-0.38124,0.066138,1,-62,4.9839,924.25,3
24,1.0225,-0.28938,-0.013684,3,-56,5.8705,923.25,3
24.25,1.0225,-0.28938,-0.013684,1,-61.5,4.6372,924.75,3
25,1.1397,-0.34679,0.043332,1,-65,5.9825,922.75,3
25.25,1.1397,-0.34679,0.043332,1,-62,4.9287,924.25,3
25.75,1.1397,-0.34679,0.043332,1,-67.5,1.0078,920.75,3
26.25,1.1397,-0.34679,0.043332,1,-68,1.3008,920.25,3
27.25,1.2452,-0.41569,0.066138,1,-60.5,0.75318,925.75,3
27.5,1.2452,-0.41569,0.066138,1,-63,5.2554,923.75,3
28.5,1.2921,-0.42717,0.088944,3,-57,0.26538,921.75,3
28.75,1.2921,-0.42717,0.088944,1,-68,1.2931,920.25,3
29.25,1.2921,-0.42717,0.088944,1,-61.5,4.5835,924.75,3
29.75,0.91693,-0.26641,-0.059296,3,-56.5,6.073,922.75,3
30,0.91693,-0.26641,-0.059296,1,-62.5,5.2585,923.75,3
30.5,0.91693,-0.26641,-0.059296,1,-65,0.0061359,922.25,3
31.5,1.1749,-0.38124,0.054735,1,-61.5,4.5912,924.75,3
32,1.1749,-0.38124,0.054735,1,-60.5,0.70717,925.75,3
32.75,1.0342,-0.30086,-0.025087,1,-65,0.016874,922.25,3
33.25,1.0342,-0.30086,-0.025087,1,-66,0.33901,921.75,3
33.75,1.0342,-0.30086,-0.025087,3,-56,5.8399,923.25,3
34.75,0.98728,-0.27789,-0.047893,1,-62.5,5.2401,923.75,3
35.25,0.98728,-0.27789,-0.047893,1,-65.5,0.01534,922.25,3
35.75,0.98728,-0.27789,-0.047893,3,-57.5,0.45559,921.25,3
36.75,1.3273,-0.43866,0.10035,1,-61,4.2154,925.25,3
37,1.3273,-0.43866,0.10035,3,-56.5,6.0301,922.75,3
37.75,1.2101,-0.40421,0.054735,1,-68,0.98482,920.75,3
38.5,1.2101,-0.40421,0.054735,3,-58,0.88511,920.25,3
38.75,1.2101,-0.40421,0.054735,1,-61.5,4.5559,924.75,3
39.25,0.97555,-0.27789,-0.070699,1,-60.5,0.68722,925.75,3
40.5,1.0225,-0.30086,-0.03649,3,-57,0.23777,921.75,3
41,1.0225,-0.30086,-0.03649,1,-68.5,4.3611,920.25,3
41.25,1.0225,-0.30086,-0.03649,1,-61.5,4.5835,924.75,3
42,0.96383,-0.26641,-0.059296,3,-55,5.622,923.75,3
42.25,0.96383,-0.26641,-0.059296,1,-62,4.9271,924.25,3
42.75,0.96383,-0.26641,-0.059296,1,-67.5,0.97101,920.75,3
43.25,0.96383,-0.26641,-0.059296,3,-57.5,0.90505,920.25,3
43.75,0.96383,-0.26641,-0.059296,1,-63.5,5.6098,923.25,3
44.25,1.2101,-0.40421,0.066138,1,-64.5,5.935,922.75,3
45.5,1.2921,-0.45014,0.088944,1,-66.5,0.35588,921.75,3
46,1.2921,-0.45014,0.088944,1,-63.5,5.6236,923.25,3
46.25,1.2921,-0.45014,0.088944,1,-61,4.2369,925.25,3
47,1.0694,-0.34679,-0.0022806,1,-62.5,5.28,923.75,3
47.5,1.0694,-0.34679,-0.0022806,1,-65,0.021476,922.25,3
48,1.0694,-0.34679,-0.0022806,1,-67,0.70717,921.25,3
48.5,1.0694,-0.34679,-0.0022806,1,-63.5,5.6328,923.25,3
49,1.2687,-0.41569,0.066138,1,-60,3.8626,925.75,3
49.5,1.2687,-0.41569,0.066138,1,-62.5,5.283,923.75,3
50,1.2687,-0.41569,0.066138,3,-57,3.8043,920.75,3
50.25,1.2687,-0.41569,0.066138,1,-66,0.37429,921.75,3
51.25,0.94038,-0.25493,-0.070699,3,-54,1.8408,925.25,3
51.325,0.94038,-0.25493,-0.070699,1,-61,4.2123,925.25,3
51.75,0.94038,-0.25493,-0.070699,1,-64.5,5.9426,922.75,3
52.5,1.1045,-0.34679,-0.0022806,1,-67.5,0.97254,920.75,3
53,1.1045,-0.34679,-0.0022806,1,-68.5,1.2318,920.25,3
53.5,1.1045,-0.34679,-0.0022806,1,-61.5,4.5575,924.75,3
53.75,1.1045,-0.34679,-0.0022806,1,-60.5,3.8365,925.75,3
54.5,1.0225,-0.30086,-0.03649,1,-61.5,4.9225,924.25,3
55,1.0225,-0.30086,-0.03649,3,-57,0.20555,921.75,3
55.5,1.0225,-0.30086,-0.03649,1,-68,1.2855,920.25,3
57.25,1.2335,-0.40421,0.066138,1,-65.5,6.2694,922.25,3
57.75,1.2335,-0.40421,0.066138,1,-66.5,0.68722,921.25,3
58.25,1.2335,-0.40421,0.066138,3,-56,5.8046,923.25,3
58.75,0.91693,-0.25493,-0.070699,1,-60,0.78847,925.75,3
59.25,0.91693,-0.25493,-0.070699,3,-58,0.19328,923.75,3
