0,0.67069,0.066602,0.62489,1,-60,1.5156,923.75,3
0.5,0.67069,0.066602,0.62489,4,-55.5,6.0746,924.25,3
0.75,0.67069,0.066602,0.62489,4,-56.5,0.27151,923.25,3
1.25,0.67069,0.066602,0.62489,1,-61,6.0853,921.75,3
1.75,1.1866,-0.01378,0.57927,4,-56,1.0661,922.75,3
2,1.1866,-0.01378,0.57927,1,-59.5,5.5591,922.25,3
2.25,1.1866,-0.01378,0.57927,1,-58,6.0776,925.25,3
2.5,0.89348,0.16995,0.36262,1,-61,0.49548,920.75,3
3,0.89348,0.16995,0.36262,1,-58,4.7538,923.25,3
3.5,0.89348,0.16995,0.36262,1,-60.5,0.099709,921.25,3
4,0.82312,0.15847,0.36262,1,-59,5.3091,922.75,3
4.75,0.99901,0.089569,0.46524,4,-53.5,5.8491,924.75,3
4.825,0.99901,0.089569,0.46524,1,-58.5,0.44639,924.75,3
5.25,0.97555,0.12402,0.41963,1,-58,3.9607,924.25,3
5.5,0.97555,0.12402,0.41963,1,-58.5,4.7538,923.25,3
6,0.97555,0.12402,0.41963,1,-61,6.254,921.25,3
6.5,0.97555,0.12402,0.41963,4,-56.5,0.49241,922.75,3
6.575,0.97555,0.12402,0.41963,4,-57,0.46326,922.75,3
7,0.9052,0.19292,0.32841,1,-57.5,0.039884,924.75,3
7.25,0.9052,0.19292,0.32841,4,-56,6.0224,923.75,3
7.75,0.97555,0.15847,0.38542,1,-58,0.53689,924.25,3
8,0.97555,0.15847,0.38542,1,-58,4.5513,923.25,3
8.75,0.97555,0.15847,0.38542,4,-58.5,0.96334,921.75,3
9,0.92865,0.2044,0.35121,4,-57,0.35282,922.75,3
9.75,1.1397,0.078086,0.45384,4,-54.5,5.2968,924.75,3
9.825,1.1397,0.078086,0.45384,4,-55.5,5.9733,923.75,3
10,1.1397,0.078086,0.45384,1,-61,0.28379,920.75,3
10.25,1.1397,0.078086,0.45384,4,-57,6.2694,923.25,3
11.25,1.2335,0.043636,0.49945,1,-57.5,5.4119,925.75,3
11.5,1.2335,0.043636,0.49945,1,-59,5.3751,922.25,3
12,0.97555,0.14698,0.37402,1,-58,0.12732,924.75,3
12.5,0.97555,0.14698,0.37402,4,-59,1.4956,920.75,3
13.25,1.2218,0.043636,0.47665,1,-60.5,6.1543,921.25,3
13.75,1.2218,0.043636,0.47665,1,-57.5,5.395,925.75,3
14,1.2218,0.043636,0.47665,4,-58,0.55377,922.25,3
14.5,1.0928,0.089569,0.44244,4,-55,5.1849,924.75,3
14.75,1.0928,0.089569,0.44244,1,-58.5,4.1126,923.75,3
15,1.0928,0.089569,0.44244,4,-55.5,5.5776,924.25,3
15.25,1.0928,0.089569,0.44244,1,-58.5,4.5421,923.25,3
15.75,1.0928,0.089569,0.44244,1,-61.5,6.2034,921.25,3
16.25,1.0342,0.078086,0.39683,4,-57,0.33441,922.75,3
16.5,1.0342,0.078086,0.39683,4,-58,0.53536,922.25,3
16.75,1.0342,0.078086,0.39683,1,-58,2.8409,925.25,3
17,1.0342,0.078086,0.39683,4,-55,5.1971,924.75,3
17.75,0.97555,0.16995,0.37402,4,-56.5,6.1881,923.25,3
18.25,0.97555,0.16995,0.37402,1,-61,0.033748,921.25,3
18.75,0.98728,0.12402,0.37402,1,-59,5.1818,922.75,3
19.25,0.98728,0.12402,0.37402,1,-57.5,6.0715,925.25,3
19.5,0.98728,0.12402,0.37402,1,-58.5,0.010738,924.75,3
19.75,0.98728,0.12402,0.37402,1,-60,0.3114,920.75,3
20.75,0.99901,0.15847,0.37402,4,-58,0.81148,921.75,3
21,0.99901,0.15847,0.37402,1,-58,2.8363,925.75,3
21.25,0.99901,0.15847,0.37402,4,-57,0.29452,922.75,3
21.75,1.1632,0.043636,0.45384,1,-58,0.40497,924.75,3
22.25,1.1632,0.043636,0.45384,1,-61.5,0.4648,920.75,3
22.5,1.1632,0.043636,0.45384,4,-56,6.1298,923.25,3
23.25,1.0459,0.11254,0.39683,4,-57.5,0.76546,921.75,3
23.5,1.0459,0.11254,0.39683,1,-56.5,2.4283,925.75,3
23.575,1.0459,0.11254,0.39683,4,-56.5,0.19175,922.75,3
24,0.99901,0.12402,0.37402,1,-57.5,6.2234,925.25,3
24.75,1.0225,0.11254,0.38542,1,-62,0.42338,920.75,3
25,1.0225,0.11254,0.38542,1,-58.5,4.671,923.25,3
25.75,1.0225,0.11254,0.38542,4,-57.5,0.76546,921.75,3
25.825,1.0225,0.11254,0.38542,1,-57,5.5515,925.75,3
26,1.0225,0.11254,0.38542,4,-56.5,0.158,922.75,3
26.25,1.0225,0.11254,0.38542,4,-56,0.18868,922.75,3
26.5,0.91693,0.18143,0.3056,1,-58,6.1528,925.25,3
26.75,0.91693,0.18143,0.3056,4,-55,5.8199,923.75,3
27.25,1.0459,0.089569,0.40823,1,-57.5,0.43872,924.25,3
27.75,1.0459,0.089569,0.40823,1,-60.5,0.69489,920.25,3
28.25,1.0459,0.089569,0.40823,4,-57.5,0.64427,921.75,3
28.5,1.0225,0.14698,0.38542,4,-56.5,6.251,922.75,3
29,1.0225,0.14698,0.38542,1,-61,5.754,925.25,3
29.25,1.0225,0.14698,0.38542,4,-56,5.7156,923.75,3
29.75,1.0225,0.14698,0.38542,4,-55,5.5361,924.25,3
31,1.0576,0.089569,0.40823,1,-63.5,4.875,922.75,3
31.5,1.257,0.032153,0.47665,1,-62,0.033748,924.75,3
32.5,1.257,0.032153,0.47665,1,-63,4.5421,923.25,3
33.25,1.257,0.032153,0.47665,1,-58.5,2.2918,925.75,3
33.75,1.128,0.066602,0.43103,1,-59,5.8905,925.25,3
34,1.128,0.066602,0.43103,4,-56,5.5914,923.75,3
35.25,1.257,0.032153,0.45384,1,-64,5.5545,921.75,3
35.75,1.257,0.032153,0.45384,4,-57,0.2393,922.75,3
36,1.257,0.032153,0.45384,1,-63.5,2.0847,922.25,3
36.5,1.257,0.032153,0.45384,1,-62,6.277,924.75,3
37,1.257,0.032153,0.45384,4,-56,5.3919,924.25,3
37.75,1.257,0.032153,0.45384,4,-58,0.632,921.75,3
38.25,0.99901,0.14698,0.37402,4,-57,0.084369,922.75,3
38.5,0.99901,0.14698,0.37402,1,-59.5,5.8736,925.25,3
38.75,0.99901,0.14698,0.37402,1,-59.5,0.076699,924.75,3
39,0.99901,0.14698,0.37402,4,-55.5,5.8138,923.75,3
39.25,0.99901,0.14698,0.37402,1,-63.5,3.4192,920.75,3
39.75,0.99901,0.14698,0.37402,1,-59.5,4.4439,923.25,3
40.75,1.1866,0.055119,0.44244,1,-60,4.671,922.75,3
41.25,1.1866,0.055119,0.44244,4,-55,5.0575,924.75,3
41.35,1.1866,0.055119,0.44244,1,-60,6.093,924.75,3
42,1.1866,0.055119,0.44244,4,-55.5,5.4533,924.25,3
43,1.0694,0.12402,0.40823,1,-57,2.4436,925.75,3
43.25,1.0694,0.12402,0.40823,4,-58,0.3068,922.25,3
43.5,1.0694,0.12402,0.40823,1,-57.5,5.9825,925.25,3
44,1.1632,0.066602,0.44244,4,-59,1.1213,920.75,3
44.5,1.1632,0.066602,0.44244,1,-59,4.0574,924.25,3
45.25,1.1632,0.066602,0.44244,1,-62,5.958,921.75,3
45.5,1.1632,0.066602,0.44244,1,-60.5,2.031,922.75,3
46,1.1632,0.066602,0.44244,4,-55,1.511,925.25,3
46.25,1.1632,0.066602,0.44244,1,-59,0.3068,924.75,3
46.75,1.0225,0.1355,0.38542,4,-55.5,5.4579,924.25,3
47.775,1.0225,0.1355,0.38542,1,-62.5,5.9825,921.75,3
48,1.0225,0.1355,0.38542,1,-60.5,2.0141,922.75,3
48.5,1.0225,0.1355,0.38542,4,-55,4.9778,924.75,3
49.25,0.9521,0.18143,0.32841,1,-59.5,3.8595,924.25,3
49.75,0.9521,0.18143,0.32841,1,-63.5,0.049087,921.25,3
50.25,0.9521,0.18143,0.32841,1,-59,2.6062,925.75,3
50.75,0.9521,0.18143,0.32841,1,-58,6.1681,925.25,3
51,0.9521,0.18143,0.32841,4,-55,5.0115,924.75,3
51.75,0.94038,0.2044,0.317,1,-59.5,0.90812,924.25,3
52,0.94038,0.2044,0.317,1,-63,0.98021,920.25,3
53.25,1.2452,0.0091865,0.46524,4,-54,4.8152,925.25,3
53.35,1.2452,0.0091865,0.46524,1,-60,0.19021,925.25,3
53.5,1.2452,0.0091865,0.46524,1,-61.5,4.289,923.75,3
54.25,1.2452,0.0091865,0.46524,4,-55,5.2125,924.25,3
55,1.0576,0.12402,0.38542,1,-62.5,5.9534,921.75,3
55.25,1.0576,0.12402,0.38542,4,-56.5,0.041417,922.75,3
55.5,1.0576,0.12402,0.38542,4,-57,0.30066,922.25,3
55.75,1.0576,0.12402,0.38542,1,-59.5,6.1068,925.25,3
56,1.0576,0.12402,0.38542,4,-54.5,4.967,924.75,3
56.75,1.3039,0.032153,0.47665,1,-60.5,4.6127,923.25,3
57.25,1.3039,0.032153,0.47665,1,-62,2.7765,921.75,3
57.5,1.3039,0.032153,0.47665,1,-59.5,5.7494,925.75,3
58.25,1.1397,0.043636,0.43103,4,-54.5,5.0959,924.75,3
58.5,1.1397,0.043636,0.43103,1,-60.5,4.5099,923.75,3
59,1.1397,0.043636,0.43103,1,-61,4.0528,924.25,3
60.25,1.2101,0.043636,0.45384,4,-57.5,6.2694,922.75,3
60.75,1.2101,0.043636,0.45384,1,-60,0.20402,925.25,3
61.5,1.1397,0.043636,0.44244,1,-59.5,4.2323,924.25,3
62.25,1.1397,0.043636,0.44244,4,-58.5,0.57524,921.75,3
62.5,1.1397,0.043636,0.44244,1,-62,5.2892,922.75,3
63.25,1.257,0.032153,0.47665,1,-61,0.56144,924.75,3
64,1.257,0.032153,0.47665,4,-56.5,6.1911,923.25,3
64.75,1.257,0.032153,0.47665,1,-63.5,6.1267,921.75,3
65,1.257,0.032153,0.47665,4,-57,6.2694,922.75,3
65.75,1.1397,0.078086,0.40823,1,-59.5,0.39117,924.75,3
66.25,1.1397,0.078086,0.40823,4,-55,5.2247,924.25,3
66.325,1.1397,0.078086,0.40823,4,-55,5.2401,924.25,3
66.5,1.1397,0.078086,0.40823,1,-60,1.6276,923.25,3
67,1.1397,0.078086,0.40823,1,-61.5,5.9825,921.75,3
67.25,1.1397,0.078086,0.40823,1,-59.5,5.823,925.75,3
69,1.0928,0.10105,0.40823,4,-56.5,5.8537,923.25,3
69.5,1.0928,0.10105,0.40823,1,-62,6.2326,921.25,3
69.75,1.0928,0.10105,0.40823,1,-58.5,5.7448,925.75,3
70.25,1.0928,0.10105,0.40823,4,-58,0.35128,922.25,3
70.75,1.1983,0.032153,0.44244,1,-63,1.2594,923.75,3
71.5,1.1983,0.032153,0.44244,1,-62.5,4.5927,923.25,3
72.25,1.1983,0.032153,0.44244,1,-59,5.7693,925.75,3
73.25,0.88175,0.19292,0.2942,4,-56,5.7095,923.75,3
73.75,0.88175,0.19292,0.2942,1,-60.5,0.82682,924.25,3
75.25,0.97555,0.16995,0.32841,1,-60,6.0914,925.25,3
75.5,0.97555,0.16995,0.32841,1,-61.5,4.2123,923.75,3
76.25,0.97555,0.16995,0.32841,4,-56.5,6.0055,923.25,3
77.5,0.89348,0.19292,0.2828,1,-63,5.4502,922.25,3
78,0.89348,0.19292,0.2828,4,-55,1.7994,924.75,3
78.1,0.89348,0.19292,0.2828,1,-61,4.266,923.75,3
78.5,0.89348,0.19292,0.2828,4,-55,5.2385,924.25,3
79.75,1.0811,0.11254,0.39683,4,-57.5,0.076699,922.75,3
80.25,1.0811,0.11254,0.39683,1,-62,6.231,925.25,3
82,1.0459,-0.0022966,0.49945,1,-62,0.46633,925.75,3
82.25,1.0459,-0.0022966,0.49945,1,-61,5.5883,922.75,3
83.25,1.0459,-0.0022966,0.49945,4,-66,3.9408,920.75,3
86.25,1.2335,0.1355,0.0091224,4,-66,2.1046,923.25,3
202.75,-0.091458,1.1116,0.11175,2,-51,3.341,920.75,4
203,-0.4784,0.95081,0.020525,2,-46,4.3013,923.25,4
203.08,-0.59565,0.95081,0.11175,2,-47.5,3.8948,923.25,4
203.25,-0.59565,0.95081,0.11175,2,-48,3.703,923.25,4
203.5,-0.044557,0.73263,0.33981,2,-52.5,2.4222,920.25,4
