0,0.99901,-0.28938,-0.025087,1,-69,0.81915,920.75,3
0.75,0.99901,-0.28938,-0.025087,3,-57,6.0285,923.25,3
1.25,0.99901,-0.28938,-0.025087,3,-55,1.962,925.25,3
1.5,0.99901,-0.28938,-0.025087,3,-54.5,1.7518,925.75,3
2.25,1.2101,-0.43866,0.11175,1,-66,6.1666,922.25,3
3.25,1.2101,-0.43866,0.11175,1,-64.5,5.2631,923.25,3
3.75,1.2101,-0.43866,0.11175,3,-55,1.7902,925.75,3
4,1.2101,-0.43866,0.11175,3,-57,6.2264,922.75,3
4.5,1.2101,-0.43866,0.11175,1,-65.5,4.5513,924.25,3
5.75,1.2101,-0.43866,0.11175,1,-67.5,5.3137,923.25,3
7.75,1.2101,-0.49607,0.066138,3,-60,0.7225,921.25,3
8.75,1.2101,-0.49607,0.066138,3,-56,1.8377,925.75,3
9.25,1.2101,-0.49607,0.066138,1,-67.5,4.6495,924.25,3
13.5,1.2101,-0.49607,0.066138,3,-57.5,2.1123,925.75,3
16,1.2101,-0.49607,0.066138,3,-58,5.2186,925.75,3
23.5,1.0107,-0.55349,-0.025087,3,-61,0.23777,922.75,3
28.25,1.0107,-0.55349,-0.025087,3,-58,5.1833,925.75,3
30.5,1.0107,-0.55349,-0.025087,3,-56.5,5.1572,925.25,3
46.25,1.3156,-0.48459,0.077541,3,-60,0.158,922.25,3
