0,0.13132,-0.082679,1.138,1,-66,1.8761,921.75,3
0.25,0.13132,-0.082679,1.138,1,-62,6.07,925.75,3
5.25,0.51826,-0.025263,0.98978,4,-59.5,5.78,922.75,3
59.75,-0.0093803,1.0656,0.14596,2,-58,3.9884,920.75,4
61.25,-0.0093803,1.0656,0.14596,2,-55,0.74091,925.75,3
121.5,0.72932,0.30775,0.59068,1,-64,1.873,921.25,3
122.5,0.29548,0.25033,0.77313,4,-57.5,0.26845,922.25,3
122.75,0.29548,0.25033,0.77313,1,-63.5,0.052155,924.75,3
139.75,0.29548,0.25033,0.77313,4,-58,0.91579,924.75,3
144.5,0.29548,0.25033,0.77313,4,-57,0.1488,925.25,3
156.75,0.7645,0.11254,0.83014,4,-57.5,0.12272,925.25,3
159.5,0.7645,0.11254,0.83014,4,-56.5,0.73017,924.75,3
161,0.69414,0.089569,0.81874,4,-56,5.823,925.75,3
161.5,0.69414,0.089569,0.81874,4,-56,0.58138,922.25,3
163.75,0.49481,0.26182,0.85295,4,-56,6.0669,922.75,3
165,0.52999,0.19292,0.86435,4,-55,4.4424,924.25,3
166.5,0.58862,0.19292,0.87575,4,-55.5,0.81148,924.75,3
166.75,0.58862,0.19292,0.87575,4,-55.5,5.0008,923.75,3
167.25,0.58862,0.19292,0.87575,4,-54.5,4.6556,924.25,3
167.5,0.58862,0.19292,0.87575,4,-56,5.6006,923.25,3
169.75,0.64724,0.16995,0.90996,4,-55.5,1.2471,924.25,3
170.5,0.64724,0.16995,0.90996,4,-57.5,0.61206,921.75,3
170.75,0.64724,0.16995,0.90996,4,-56.5,5.9825,922.75,3
172.25,0.74105,0.089569,0.96698,4,-55.5,1.1904,924.25,3
172.75,0.74105,0.089569,0.96698,4,-58,1.0354,921.25,3
173.75,0.74105,0.089569,0.96698,4,-55.5,0.51849,925.25,3
174.75,0.24858,0.60631,0.83014,3,-63.5,1.6322,923.25,1
