0,0.31893,0.99674,0.088944,4,-57.5,1.5002,924.75,1
0.025,0.31893,0.99674,0.088944,1,-56.5,5.1542,924.25,1
0.25,0.31893,0.99674,0.088944,4,-58.5,5.7171,924.25,1
0.5,0.31893,0.99674,0.088944,1,-57,5.5914,920.75,1
0.55,0.31893,0.99674,0.088944,1,-57.5,0.22089,923.25,1
0.75,0.31893,0.99674,0.088944,4,-57,4.8244,922.25,1
1.25,0.37756,0.91636,0.16876,1,-56.5,1.5493,921.75,1
1.5,0.37756,0.91636,0.16876,1,-59,4.4163,925.75,1
1.75,0.37756,0.91636,0.16876,1,-57,0.61206,922.75,1
2.25,0.37756,0.91636,0.16876,1,-58,5.0867,924.75,1
3,0.33066,0.93932,0.16876,1,-57,0.1672,923.25,1
3.25,0.33066,0.93932,0.16876,1,-57,4.197,922.25,1
3.5,0.33066,0.93932,0.16876,1,-58,4.8167,925.25,1
3.75,0.33066,0.93932,0.16876,1,-57.5,6.0562,923.75,1
3.85,0.33066,0.93932,0.16876,1,-56.5,1.4956,921.75,1
4.5,0.33066,0.93932,0.16876,1,-56.5,5.033,921.25,1
4.575,0.33066,0.93932,0.16876,1,-57,5.8537,920.25,1
5.25,0.27203,0.97377,0.14596,1,-57,5.3567,920.75,1
5.5,0.27203,0.97377,0.14596,1,-58,0.029146,923.25,1
6,0.27203,0.97377,0.14596,1,-57.5,5.869,923.75,1
6.25,0.27203,0.97377,0.14596,1,-56.5,1.3944,921.75,1
6.75,0.43619,0.90487,0.19157,1,-57,2.0018,921.25,1
7,0.43619,0.90487,0.19157,4,-57.5,0.86056,920.25,1
7.25,0.43619,0.90487,0.19157,1,-58,5.1971,924.75,1
7.5,0.43619,0.90487,0.19157,1,-57,2.324,920.75,1
7.75,0.43619,0.90487,0.19157,1,-58,0.12272,923.25,1
8.5,0.20168,1.0197,0.077541,1,-58.5,5.9273,923.75,1
8.75,0.20168,1.0197,0.077541,1,-57,1.4481,921.75,1
9,0.20168,1.0197,0.077541,1,-57.5,0.54763,922.75,1
9.25,0.20168,1.0197,0.077541,3,-68.5,0.15033,921.25,1
9.75,0.20168,1.0197,0.077541,3,-68.5,5.122,924.25,1
10.5,0.23685,0.99674,0.11175,1,-57,1.1582,922.25,1
10.75,0.23685,0.99674,0.11175,1,-58.5,4.8397,925.25,1
11,0.23685,0.99674,0.11175,1,-58,6.0255,923.75,1
11.25,0.23685,0.99674,0.11175,1,-57,1.4941,921.75,1
11.5,0.23685,0.99674,0.11175,4,-58,1.1259,922.75,1
11.75,0.23685,0.99674,0.11175,3,-68.5,0.16567,921.25,1
12,0.23685,0.99674,0.11175,3,-68.5,4.7185,924.75,1
12.75,0.27203,0.98526,0.12315,3,-68.5,5.5269,923.25,1
13,0.27203,0.98526,0.12315,3,-68.5,4.4547,925.25,1
13.5,0.27203,0.98526,0.12315,1,-57,1.4113,921.75,1
13.75,0.27203,0.98526,0.12315,1,-59.5,4.3488,925.75,1
14,0.27203,0.98526,0.12315,1,-56.5,5.0683,921.25,1
14.25,0.27203,0.98526,0.12315,1,-57.5,5.9657,920.25,1
14.75,0.30721,0.96229,0.12315,3,-68,2.0755,924.25,1
15.25,0.30721,0.96229,0.12315,1,-58,0.059825,923.25,1
15.5,0.30721,0.96229,0.12315,3,-68.5,6.0132,922.25,1
15.75,0.30721,0.96229,0.12315,1,-58,5.9795,923.75,1
16,0.30721,0.96229,0.12315,4,-57.5,5.1895,921.75,1
16.75,0.2134,0.99674,0.066138,1,-57.5,5.7586,920.25,1
17,0.2134,0.99674,0.066138,1,-58.5,5.0146,924.75,1
17.25,0.2134,0.99674,0.066138,1,-58,5.5269,924.25,1
17.5,0.2134,0.99674,0.066138,1,-57,2.304,920.75,1
17.75,0.2134,0.99674,0.066138,1,-57,0.041417,923.25,1
17.825,0.2134,0.99674,0.066138,3,-68.5,6.1237,922.25,1
18.25,0.2134,0.99674,0.066138,4,-57.5,5.1787,921.75,1
18.75,0.24858,0.99674,0.088944,1,-57,0.46786,922.75,1
19,0.24858,0.99674,0.088944,1,-56.5,1.8623,921.25,1
19.25,0.24858,0.99674,0.088944,1,-58,5.1082,924.75,1
19.75,0.24858,0.99674,0.088944,4,-59.5,5.6665,924.25,1
20,0.24858,0.99674,0.088944,3,-68.5,2.6124,923.25,1
20.75,0.2603,0.98526,0.11175,1,-57,5.8598,923.75,1
21,0.2603,0.98526,0.11175,1,-56.5,1.2594,921.75,1
21.25,0.2603,0.98526,0.11175,1,-57,0.41724,922.75,1
21.5,0.2603,0.98526,0.11175,3,-67.5,0.19942,921.25,1
22.025,0.2603,0.98526,0.11175,1,-57.5,5.4855,924.25,1
22.5,0.2134,1.0312,0.066138,4,-58.5,1.514,922.25,1
22.75,0.2134,1.0312,0.066138,3,-68,1.514,925.25,1
23.5,0.2134,1.0312,0.066138,3,-68.5,4.5038,925.75,1
23.75,0.2134,1.0312,0.066138,3,-69,3.9577,921.25,1
24.25,0.2134,1.0312,0.066138,1,-59.5,4.7937,924.75,1
25.25,0.36583,0.92784,0.20297,4,-58.5,1.1505,922.25,1
25.75,0.36583,0.92784,0.20297,1,-59,0.26538,921.75,1
26,0.36583,0.92784,0.20297,1,-58,4.6265,922.75,1
26.75,0.36583,0.92784,0.20297,3,-68.5,4.1356,924.25,1
27.25,0.36583,0.92784,0.20297,1,-57,5.6328,923.25,1
27.75,0.24858,1.0082,0.10035,1,-58,4.0068,925.25,1
28,0.24858,1.0082,0.10035,1,-57,5.1879,923.75,1
28.25,0.24858,1.0082,0.10035,1,-59,0.46019,925.75,1
28.5,0.24858,1.0082,0.10035,1,-57,5.8844,922.75,1
28.75,0.24858,1.0082,0.10035,1,-56.5,0.83142,921.25,1
29.25,0.37756,0.93932,0.21438,1,-56.5,4.8474,924.25,1
30,0.49481,0.89339,0.2828,1,-58,6.251,922.25,1
30.25,0.49481,0.89339,0.2828,1,-58.5,5.0361,923.75,1
30.75,0.49481,0.89339,0.2828,1,-58,0.44639,921.75,1
31,0.49481,0.89339,0.2828,1,-59,5.8491,922.75,1
32,0.30721,0.93932,0.23718,4,-57.5,5.8767,920.75,1
32.25,0.30721,0.93932,0.23718,1,-63,6.0101,922.25,1
33.25,0.30721,0.93932,0.23718,4,-59,4.0221,922.75,1
34.25,0.30721,0.93932,0.23718,3,-67.5,4.8781,924.25,1
35.75,0.30721,0.95081,0.25999,1,-59,0.42798,925.75,1
36,0.30721,0.95081,0.25999,3,-68.5,0.90505,921.25,1
36.5,0.30721,0.95081,0.25999,1,-58,1.4143,924.75,1
36.75,0.30721,0.95081,0.25999,1,-57,1.919,920.75,1
37.25,0.30721,0.95081,0.25999,1,-57,0.76085,922.25,1
38,0.29548,0.93932,0.16876,3,-68.5,6.0684,921.75,1
38.5,0.29548,0.93932,0.16876,1,-57,4.516,921.25,1
38.75,0.29548,0.93932,0.16876,1,-56.5,5.3475,920.25,1
39,0.29548,0.93932,0.16876,1,-58.5,5.1373,924.25,1
39.25,0.29548,0.93932,0.16876,1,-56.5,4.9041,920.75,1
40,0.42446,0.91636,0.19157,1,-58,5.7586,923.75,1
40.25,0.42446,0.91636,0.19157,3,-69,5.9365,921.75,1
40.75,0.42446,0.91636,0.19157,1,-57.5,4.5774,921.25,1
41,0.42446,0.91636,0.19157,1,-57,2.2227,920.25,1
41.5,0.42446,0.91636,0.19157,1,-58.5,5.2324,924.25,1
41.75,0.42446,0.91636,0.19157,1,-56.5,1.7411,920.75,1
43.25,0.29548,0.97377,0.11175,1,-58,0.21169,922.75,1
43.5,0.29548,0.97377,0.11175,4,-59,5.1082,921.25,1
43.75,0.29548,0.97377,0.11175,1,-59,4.7937,924.75,1
44.25,0.29548,0.97377,0.11175,1,-57.5,4.8366,920.75,1
44.5,0.29548,0.97377,0.11175,1,-58,0.48934,922.25,1
45,0.29548,0.97377,0.11175,1,-58.5,5.6665,923.75,1
45.75,0.31893,0.96229,0.13456,1,-57,1.3775,921.25,1
46,0.31893,0.96229,0.13456,1,-57.5,5.2938,920.25,1
46.5,0.31893,0.96229,0.13456,1,-57,1.7104,920.75,1
46.75,0.31893,0.96229,0.13456,1,-58,5.9273,923.25,1
47,0.31893,0.96229,0.13456,1,-60,4.4317,925.25,1
47.5,0.31893,0.96229,0.13456,1,-57.5,0.94647,921.75,1
48.25,0.30721,0.98526,0.12315,3,-69,6.1344,921.25,1
48.75,0.30721,0.98526,0.12315,1,-58.5,5.1864,924.25,1
49.25,0.30721,0.98526,0.12315,1,-58.5,5.8982,923.25,1
50,0.30721,0.98526,0.12315,4,-59,4.5437,921.75,1
50.75,0.40101,0.93932,0.18017,3,-68.5,0.12732,920.25,1
51.5,0.40101,0.93932,0.18017,3,-69,2.9038,920.75,1
53,0.40101,0.93932,0.18017,1,-58,0.13806,922.75,1
54,0.40101,0.93932,0.16876,1,-57,1.7135,920.75,1
54.25,0.40101,0.93932,0.16876,1,-58,0.48167,922.25,1
55,0.40101,0.93932,0.16876,1,-57.5,0.92806,921.75,1
55.5,0.40101,0.93932,0.16876,1,-57,1.3959,921.25,1
55.75,0.40101,0.93932,0.16876,1,-57,5.329,920.25,1
56,0.40101,0.93932,0.16876,1,-58.5,5.1542,924.25,1
56.75,0.33066,0.97377,0.13456,1,-58,0.51235,922.25,1
57.25,0.33066,0.97377,0.13456,1,-57.5,0.97868,921.75,1
57.75,0.33066,0.97377,0.13456,1,-58,0.14726,922.75,1
58,0.33066,0.97377,0.13456,1,-57.5,1.3208,921.25,1
58.25,0.33066,0.97377,0.13456,1,-57,5.2493,920.25,1
58.75,0.33066,0.97377,0.13456,1,-57,4.8106,920.75,1
59,0.33066,0.97377,0.13456,1,-58.5,5.9196,923.25,1
59.25,0.33066,0.97377,0.13456,1,-60,4.4194,925.25,1
59.75,0.33066,0.97377,0.13456,1,-57.5,0.98635,921.75,1
60.5,0.34238,0.95081,0.13456,1,-57.5,5.3014,920.25,1
61,0.34238,0.95081,0.13456,1,-59,5.2217,924.25,1
61.25,0.34238,0.95081,0.13456,1,-57,1.7288,920.75,1
62.25,0.34238,0.95081,0.13456,1,-58,0.93419,921.75,1
62.75,0.34238,0.95081,0.13456,1,-59,0.079767,922.75,1
63.5,0.30721,0.98526,0.11175,3,-68.5,6.1006,920.75,1
64,0.30721,0.98526,0.11175,1,-58,0.57831,922.25,1
64.5,0.30721,0.98526,0.11175,1,-58,0.95414,921.75,1
65,0.30721,0.98526,0.11175,1,-58.5,0.059825,922.75,1
65.25,0.30721,0.98526,0.11175,3,-68.5,6.2556,920.25,1
66.5,0.44791,0.92784,0.18017,1,-58.5,0.53996,922.25,1
67,0.44791,0.92784,0.18017,1,-59,5.6205,923.75,1
67.5,0.44791,0.92784,0.18017,1,-58.5,0.067495,922.75,1
67.75,0.44791,0.92784,0.18017,1,-57.5,1.2993,921.25,1
68,0.44791,0.92784,0.18017,1,-59.5,4.7615,924.75,1
69.5,0.58862,0.89339,0.24859,1,-58,0.89738,921.75,1
70,0.58862,0.89339,0.24859,1,-57.5,1.2456,921.25,1
70.25,0.58862,0.89339,0.24859,1,-57,5.2508,920.25,1
70.75,0.58862,0.89339,0.24859,1,-59,5.2017,924.25,1
71,0.58862,0.89339,0.24859,1,-58.5,6.004,923.25,1
71.5,0.58862,0.89339,0.24859,1,-58,0.65194,922.25,1
72,0.58862,0.89339,0.24859,1,-57.5,1.1152,921.75,1
72.75,0.34238,0.96229,0.13456,4,-59.5,6.1973,920.25,1
73.5,0.34238,0.96229,0.13456,1,-57.5,4.9118,920.75,1
73.75,0.34238,0.96229,0.13456,4,-59.5,4.065,922.25,1
74.25,0.34238,0.96229,0.13456,1,-58.5,5.6481,923.75,1
74.75,0.34238,0.96229,0.13456,1,-58,0.24083,922.75,1
75,0.34238,0.96229,0.13456,1,-57.5,4.5973,921.25,1
75.25,0.34238,0.96229,0.13456,1,-57.5,5.3904,920.25,1
76,0.37756,0.92784,0.14596,1,-58,5.9733,923.25,1
76.5,0.37756,0.92784,0.14596,1,-60,1.333,925.25,1
76.75,0.37756,0.92784,0.14596,3,-69,5.4702,921.75,1
77.5,0.37756,0.92784,0.14596,3,-68.5,5.9196,921.25,1
78,0.37756,0.92784,0.14596,1,-58.5,5.2217,924.25,1
78.75,0.30721,0.97377,0.12315,1,-58,0.48781,922.25,1
79.25,0.30721,0.97377,0.12315,1,-57.5,0.90812,921.75,1
79.5,0.30721,0.97377,0.12315,1,-58,0.14573,922.75,1
80,0.30721,0.97377,0.12315,3,-68.5,6.004,921.25,1
80.75,0.30721,0.97377,0.12315,3,-68.5,6.096,920.75,1
81.5,0.30721,0.97377,0.12315,1,-58.5,5.5285,923.75,1
82.25,0.37756,0.95081,0.16876,3,-69,5.6635,921.25,1
82.75,0.37756,0.95081,0.16876,1,-59,4.8474,924.75,1
83.25,0.37756,0.95081,0.16876,1,-57,1.7917,920.75,1
83.5,0.37756,0.95081,0.16876,1,-57.5,0.55837,922.25,1
83.75,0.37756,0.95081,0.16876,1,-58.5,5.5576,923.75,1
84.25,0.37756,0.95081,0.16876,1,-57.5,0.92039,921.75,1
84.75,0.37756,0.95081,0.16876,1,-57.5,1.2916,921.25,1
85,0.37756,0.95081,0.16876,1,-57,5.2462,920.25,1
86,0.34238,0.95081,0.13456,1,-58,0.54303,922.25,1
86.5,0.34238,0.95081,0.13456,1,-57.5,0.83449,921.75,1
87,0.34238,0.95081,0.13456,1,-58.5,6.2264,922.75,1
87.25,0.34238,0.95081,0.13456,4,-59.5,5.0422,921.25,1
88,0.34238,0.95081,0.13456,1,-57,1.8101,920.75,1
88.25,0.34238,0.95081,0.13456,1,-58,6.0393,923.25,1
89,0.50654,0.89339,0.20297,3,-68,5.6312,921.75,1
89.5,0.50654,0.89339,0.20297,1,-57.5,1.3606,921.25,1
89.725,0.50654,0.89339,0.20297,1,-57.5,5.2861,920.25,1
90.25,0.50654,0.89339,0.20297,3,-68,6.0025,920.75,1
90.75,0.50654,0.89339,0.20297,1,-58,0.4694,922.25,1
91.75,0.34238,0.97377,0.13456,1,-58,0.15953,922.75,1
92,0.34238,0.97377,0.13456,1,-57.5,1.4542,921.25,1
92.25,0.34238,0.97377,0.13456,1,-59,4.9256,924.75,1
92.75,0.34238,0.97377,0.13456,1,-57,1.8454,920.75,1
93,0.34238,0.97377,0.13456,1,-58.5,6.0377,923.25,1
93.75,0.38928,0.93932,0.14596,1,-57.5,1.0216,921.75,1
94.25,0.38928,0.93932,0.14596,3,-68.5,5.3689,922.75,1
94.5,0.38928,0.93932,0.14596,4,-59.5,6.0531,920.25,1
95,0.38928,0.93932,0.14596,1,-58,4.7922,924.75,1
95.75,0.36583,0.95081,0.12315,1,-59.5,1.1888,925.25,1
96.25,0.36583,0.95081,0.12315,1,-57,0.8667,921.75,1
96.75,0.36583,0.95081,0.12315,3,-67.5,5.8138,922.75,1
97.75,0.36583,0.95081,0.12315,4,-58.5,5.6328,920.75,1
98.5,0.36583,0.95081,0.12315,4,-60,5.4502,923.75,1
100,0.33066,0.95081,0.20297,1,-60,1.7671,920.75,1
101,0.33066,0.95081,0.20297,4,-59.5,2.4406,923.75,1
101.75,0.33066,0.95081,0.20297,1,-60.5,0.18868,922.75,1
102.25,0.33066,0.95081,0.20297,1,-59.5,1.3714,924.75,1
103.5,0.38928,0.92784,0.20297,1,-59.5,5.1849,923.75,1
104.25,0.38928,0.92784,0.20297,1,-58.5,1.2057,921.25,1
105,0.38928,0.92784,0.20297,1,-58,1.4726,920.75,1
105.75,0.38928,0.92784,0.20297,1,-60,5.2784,923.75,1
106.5,0.38928,0.92784,0.20297,1,-58,1.2011,921.25,1
107,0.38928,0.92784,0.20297,1,-58.5,2.0249,920.25,1
108.25,0.41273,0.91636,0.19157,1,-59.5,5.3459,923.75,1
109,0.41273,0.91636,0.19157,1,-59,6.2786,922.75,1
109.25,0.41273,0.91636,0.19157,3,-68,0.056757,920.25,1
110,0.41273,0.91636,0.19157,1,-58.5,1.5294,920.75,1
110.25,0.41273,0.91636,0.19157,1,-59,0.21783,922.25,1
111,0.41273,0.91636,0.19157,1,-59,0.67035,921.75,1
111.75,0.41273,0.91636,0.19157,1,-58,2.0755,920.25,1
112.75,0.37756,0.93932,0.16876,1,-59,0.27151,922.25,1
113.5,0.37756,0.93932,0.16876,1,-59,0.70563,921.75,1
114,0.37756,0.93932,0.16876,1,-58.5,1.2257,921.25,1
114.75,0.37756,0.93932,0.16876,1,-58,1.5524,920.75,1
115.75,0.37756,0.93932,0.16876,1,-58,0.85903,921.75,1
116.25,0.37756,0.93932,0.16876,3,-67.5,5.6328,922.75,1
117,0.37756,0.95081,0.16876,1,-58,4.7369,924.25,1
117.25,0.37756,0.95081,0.16876,1,-59,5.5622,923.25,1
118,0.37756,0.95081,0.16876,1,-60,5.2631,923.75,1
118.75,0.37756,0.95081,0.16876,1,-58,6.1451,922.75,1
119,0.37756,0.95081,0.16876,1,-58,5.0667,920.25,1
119.75,0.37756,0.95081,0.16876,1,-58,1.6276,920.75,1
121.25,0.31893,0.95081,0.15736,1,-58.5,1.2855,921.25,1
122,0.31893,0.95081,0.15736,1,-58.5,1.537,920.75,1
122.5,0.31893,0.95081,0.15736,1,-59.5,0.26691,922.25,1
123.5,0.31893,0.95081,0.15736,1,-59.5,6.1421,922.75,1
124,0.31893,0.95081,0.15736,1,-58,1.8975,920.25,1
124.5,0.31893,0.95081,0.15736,1,-58,1.468,920.75,1
125,0.31893,0.95081,0.15736,1,-59,0.29146,922.25,1
126,0.31893,0.95081,0.15736,1,-59.5,6.1175,922.75,1
126.5,0.31893,0.95081,0.15736,1,-58,1.896,920.25,1
127.75,0.33066,0.96229,0.15736,1,-60,5.3275,923.75,1
128.5,0.33066,0.96229,0.15736,1,-59,6.0746,922.75,1
128.75,0.33066,0.96229,0.15736,1,-58,4.9578,920.25,1
129.5,0.33066,0.96229,0.15736,3,-68.5,6.0792,920.75,1
130.5,0.33066,0.96229,0.15736,1,-57.5,0.80687,921.75,1
130.75,0.33066,0.96229,0.15736,1,-58,6.2234,922.75,1
131.25,0.33066,0.96229,0.15736,1,-57,1.9911,920.25,1
132,0.38928,0.92784,0.14596,3,-69,6.1221,920.75,1
132.5,0.38928,0.92784,0.14596,1,-59,5.3367,923.75,1
133.25,0.38928,0.92784,0.14596,1,-58.5,6.254,922.75,1
133.5,0.38928,0.92784,0.14596,1,-57.5,1.2333,921.25,1
133.75,0.38928,0.92784,0.14596,1,-57.5,5.1803,920.25,1
136.75,0.43619,0.97377,0.19157,1,-59.5,6.1098,920.75,1
137.25,0.43619,0.97377,0.19157,3,-58.5,1.853,922.25,1
138,0.40101,1.5939,-0.18473,1,-62,6.1283,922.75,1
138.25,0.40101,1.5939,-0.18473,3,-51.5,0.74245,921.25,1
138.5,0.65897,0.79004,0.066138,4,-61.5,0.98635,921.25,1
138.6,0.65897,0.79004,0.066138,1,-58.5,5.5852,920.25,1
138.75,0.65897,0.79004,0.066138,4,-63.5,0.95107,924.75,1
139,1.0928,0.36516,0.13456,4,-63,1.8577,920.75,1
139.25,1.0928,0.36516,0.13456,4,-63,6.0347,923.25,1
139.5,1.0928,0.36516,0.13456,4,-61,4.0466,922.25,1
140.25,1.0811,0.078086,0.10035,4,-60.5,4.6296,921.75,3
140.5,1.0811,0.078086,0.10035,4,-61.5,0.14573,922.75,3
140.75,0.91693,-0.082679,-0.025087,4,-61,5.2247,921.25,3
141,0.91693,-0.082679,-0.025087,4,-61.5,6.1605,920.25,3
141.25,0.91693,-0.082679,-0.025087,4,-65,4.493,924.75,3
141.5,0.91693,-0.082679,-0.025087,4,-65,1.5999,924.25,3
141.6,0.91693,-0.082679,-0.025087,4,-62,5.1956,920.75,3
141.75,1.1397,-0.082679,-0.0022806,3,-51.5,0.17027,923.25,3
142,1.1397,-0.082679,-0.0022806,4,-63,0.52462,922.25,3
142.75,1.0342,-0.048229,-0.059296,4,-62,4.108,921.75,3
143,1.0342,-0.048229,-0.059296,4,-63,6.1957,922.75,3
143.1,1.0342,-0.048229,-0.059296,4,-62,4.5406,921.25,3
143.5,0.91693,0.0091865,-0.082102,3,-49.5,5.0008,920.25,3
143.6,0.91693,0.0091865,-0.082102,4,-65.5,1.1536,924.75,3
144.25,0.99901,0.0091865,-0.082102,4,-62.5,3.5128,922.25,3
144.5,0.99901,0.0091865,-0.082102,4,-66,0.73324,925.25,3
145,0.94038,0.02067,-0.082102,4,-62.5,4.0789,921.75,3
145.25,0.94038,0.02067,-0.082102,4,-66,0.38503,925.75,3
146,0.99901,0.02067,-0.070699,4,-64.5,4.3734,924.75,3
146.5,0.97555,0.0091865,-0.082102,4,-62,5.0821,920.75,3
147,1.2687,-0.14009,0.054735,4,-63,0.43258,922.25,3
147.5,1.1045,-0.036746,-0.025087,3,-50.5,0.80841,921.75,3
147.63,1.1045,-0.036746,-0.025087,4,-62,4.0589,921.75,3
147.75,1.1045,-0.036746,-0.025087,4,-66,0.3068,925.75,3
148,1.1045,-0.036746,-0.025087,4,-62.5,2.9897,922.75,3
148.25,0.96383,0.0091865,-0.082102,3,-49.5,4.8949,920.25,3
148.75,1.339,-0.16306,0.077541,3,-50,4.5713,920.75,3
149,0.9052,-0.0022966,-0.082102,4,-61.5,5.0207,920.75,3
149.25,0.9052,-0.0022966,-0.093505,3,-50.5,0.51695,922.25,3
149.33,0.9052,-0.0022966,-0.093505,4,-62,3.5558,922.25,3
149.75,1.0107,0.0091865,-0.070699,3,-50,0.82375,921.75,3
149.85,1.0107,0.0091865,-0.070699,4,-62,4.062,921.75,3
150.25,1.2101,-0.10565,0.020525,4,-62.5,6.1773,922.75,3
150.5,1.2101,-0.10565,0.020525,3,-50,4.243,921.25,3
150.58,1.2101,-0.10565,0.020525,4,-61.5,4.5743,921.25,3
150.75,1.1397,-0.059712,-0.013684,4,-65,1.195,924.75,3
151,1.1397,-0.059712,-0.013684,4,-64,1.6429,924.25,3
151.5,1.1983,-0.094162,0.031928,3,-51,0.46786,922.25,3
151.75,0.92865,0.0091865,-0.082102,3,-51,0.46786,922.25,3
152,0.98728,-0.0022966,-0.082102,4,-63.5,5.2125,923.75,3
152.25,0.98728,-0.0022966,-0.082102,3,-50.5,3.9101,921.75,3
152.5,1.2335,-0.11713,0.054735,4,-66,0.37276,925.75,3
152.75,1.2335,-0.11713,0.054735,4,-62.5,6.1804,922.75,3
153,1.2335,-0.11713,0.054735,4,-61.5,4.5651,921.25,3
154.25,1.1866,-0.094162,0.020525,3,-51,3.5864,922.25,3
154.35,1.1866,-0.094162,0.020525,4,-62.5,0.39577,922.25,3
154.75,0.92865,-0.01378,-0.10491,4,-63.5,2.0387,923.75,3
154.83,0.92865,-0.01378,-0.10491,3,-50.5,0.78386,921.75,3
154.9,0.92865,-0.01378,-0.10491,4,-62,4.0589,921.75,3
155.25,0.92865,-0.01378,-0.10491,4,-63,6.185,922.75,3
155.5,0.99901,0.0091865,-0.082102,4,-62,4.559,921.25,3
155.58,0.99901,0.0091865,-0.082102,3,-49.5,4.8612,920.25,3
155.63,0.99901,0.0091865,-0.082102,4,-62,5.5346,920.25,3
156.25,1.1749,-0.094162,0.0091224,3,-50,4.5114,920.75,3
156.5,1.1045,-0.048229,-0.0022806,4,-63,3.5205,922.25,3
156.75,1.1045,-0.048229,-0.0022806,4,-65.5,3.8672,925.25,3
157,0.9521,0.02067,-0.070699,4,-62.5,4.0267,921.75,3
157.5,0.99901,0.0091865,-0.070699,4,-62.5,6.0899,922.75,3
158,0.96383,0.0091865,-0.070699,4,-62,4.4884,921.25,3
158.25,1.0107,-0.0022966,-0.070699,4,-64.5,4.2875,924.75,3
158.75,1.0694,-0.036746,-0.047893,4,-61.5,5.0023,920.75,3
158.85,1.0694,-0.036746,-0.047893,4,-63,5.645,923.25,3
159.5,1.1749,-0.094162,0.0091224,4,-63.5,2.0433,923.75,3
160,1.2804,-0.12861,0.066138,4,-66,0.34361,925.75,3
160.25,1.2804,-0.12861,0.066138,4,-63,6.1651,922.75,3
160.35,1.2804,-0.12861,0.066138,3,-50.5,4.2338,921.25,3
160.5,0.91693,-0.0022966,-0.10491,3,-50,4.8458,920.25,3
160.6,0.91693,-0.0022966,-0.10491,3,-50,4.8581,920.25,3
160.65,0.9052,-0.01378,-0.11631,4,-64.5,1.175,924.75,3
161,1.3273,-0.15158,0.077541,4,-61.5,5.0253,920.75,3
161.25,1.3273,-0.15158,0.077541,4,-63,2.5096,923.25,3
162,1.1749,-0.082679,0.020525,4,-62.5,4.0313,921.75,3
162.5,0.91693,0.0091865,-0.082102,4,-62.5,3.0051,922.75,3
162.6,0.91693,0.0091865,-0.082102,4,-62,4.5544,921.25,3
162.75,0.9052,-0.0022966,-0.10491,4,-62,5.5315,920.25,3
163,0.9052,-0.0022966,-0.10491,4,-62,5.4886,920.25,3
163.5,1.257,-0.12861,0.054735,3,-50,4.536,920.75,3
163.75,1.2452,-0.10565,0.054735,4,-63,2.4528,923.25,3
164,1.2452,-0.10565,0.054735,4,-62.5,0.31447,922.25,3
164.1,1.2452,-0.10565,0.054735,4,-66,3.8319,925.25,3
164.5,0.96383,-0.0022966,-0.070699,4,-62,4.042,921.75,3
165,1.1397,-0.094162,0.0091224,3,-50,4.2277,921.25,3
165.25,0.92865,0.0091865,-0.082102,3,-50,4.223,921.25,3
165.35,0.92865,0.0091865,-0.082102,4,-61.5,4.5682,921.25,3
165.38,0.92865,0.0091865,-0.082102,4,-62,5.5515,920.25,3
165.75,1.3156,-0.15158,0.077541,3,-52.5,5.5852,924.25,3
165.85,1.3156,-0.15158,0.077541,4,-61.5,5.0161,920.75,3
166,0.97555,0.0091865,-0.082102,4,-61.5,4.9793,920.75,3
166.25,0.97555,0.0091865,-0.082102,4,-63,2.4237,923.25,3
166.5,0.97555,0.0091865,-0.082102,3,-50.5,0.45406,922.25,3
166.75,1.0342,-0.01378,-0.059296,4,-63,1.9712,923.75,3
167,1.0694,-0.025263,-0.03649,4,-62,3.9761,921.75,3
167.25,1.0694,-0.025263,-0.03649,4,-63,6.0684,922.75,3
167.5,1.0694,-0.025263,-0.03649,4,-62,4.4547,921.25,3
168,1.1514,-0.082679,0.0091224,4,-64.5,1.1213,924.75,3
168.25,1.1514,-0.082679,0.0091224,4,-64,1.5846,924.25,3
168.5,1.1514,-0.082679,0.0091224,4,-62,5.0514,920.75,3
169,1.0694,-0.048229,-0.047893,4,-65.5,3.7782,925.25,3
169.25,0.9521,0.0091865,-0.082102,4,-62.5,4.0144,921.75,3
169.75,1.0107,-0.0022966,-0.070699,4,-62.5,2.9867,922.75,3
170,1.0107,-0.0022966,-0.070699,3,-50,4.243,921.25,3
170.1,1.0107,-0.0022966,-0.070699,4,-62,4.5007,921.25,3
170.5,1.0342,-0.0022966,-0.059296,4,-64,4.2184,924.75,3
170.75,1.0342,-0.0022966,-0.059296,4,-63.5,1.5432,924.25,3
170.85,1.0342,-0.0022966,-0.059296,3,-50,4.516,920.75,3
171,0.98728,0.0091865,-0.082102,3,-51.5,6.0991,923.25,3
171.25,0.92865,0.0091865,-0.082102,3,-50.5,0.44332,922.25,3
171.5,0.9052,-0.01378,-0.10491,4,-63.5,5.0913,923.75,3
171.75,0.9052,-0.01378,-0.10491,4,-62,3.9884,921.75,3
172,0.9052,-0.01378,-0.10491,4,-66.5,0.24544,925.75,3
172.25,0.91693,0.0091865,-0.082102,3,-50.5,4.2184,921.25,3
172.5,1.2687,-0.15158,0.043332,3,-50,4.8535,920.25,3
172.75,0.91693,-0.0022966,-0.10491,4,-61.5,5.5009,920.25,3
173,0.91693,-0.0022966,-0.10491,4,-63.5,4.7109,924.25,3
173.25,0.91693,-0.0022966,-0.10491,3,-50,4.5437,920.75,3
173.35,1.128,-0.071196,-0.013684,4,-61.5,5.0084,920.75,3
173.5,1.128,-0.071196,-0.013684,4,-63,5.5653,923.25,3
173.75,1.128,-0.071196,-0.013684,4,-62.5,0.30986,922.25,3
174,1.128,-0.071196,-0.013684,4,-63.5,5.099,923.75,3
174.25,1.128,-0.071196,-0.013684,4,-61.5,3.9884,921.75,3
174.5,1.0576,-0.036746,-0.03649,3,-51,0.12272,922.75,3
174.75,1.0576,-0.036746,-0.03649,3,-51,0.12272,922.75,3
174.85,1.2335,-0.10565,0.054735,3,-50,4.22,921.25,3
174.88,1.2335,-0.10565,0.054735,4,-61.5,4.4746,921.25,3
175,1.2335,-0.10565,0.054735,4,-61.5,5.4426,920.25,3
175.5,1.3859,-0.16306,0.088944,3,-52,5.5499,924.25,3
175.63,1.3859,-0.16306,0.088944,4,-64,1.4788,924.25,3
175.75,1.3859,-0.16306,0.088944,3,-50,4.5329,920.75,3
176.5,1.257,-0.12861,0.043332,4,-63,1.9604,923.75,3
176.75,1.257,-0.12861,0.043332,3,-50,3.8825,921.75,3
176.85,1.257,-0.12861,0.043332,4,-61.5,4.0114,921.75,3
177,1.0225,-0.0022966,-0.070699,3,-51.5,3.272,922.75,3
177.1,1.0225,-0.0022966,-0.070699,4,-63,6.0715,922.75,3
177.5,1.0225,-0.0022966,-0.059296,4,-62,5.4886,920.25,3
178,1.0576,-0.01378,-0.047893,4,-64,1.5524,924.25,3
178.25,0.91693,-0.0022966,-0.093505,4,-61.5,5.0713,920.75,3
178.35,0.91693,-0.0022966,-0.093505,3,-51.5,6.1267,923.25,3
178.38,0.91693,-0.0022966,-0.093505,4,-62.5,2.4973,923.25,3
178.5,0.9052,0.0091865,-0.093505,3,-50.5,0.46173,922.25,3
178.6,0.9052,0.0091865,-0.093505,4,-61.5,3.5128,922.25,3
179,0.9521,-0.0022966,-0.082102,4,-62,0.83449,921.75,3
179.5,1.0342,0.0091865,-0.059296,3,-51.5,0.095107,922.75,3
179.6,1.0342,0.0091865,-0.059296,4,-62.5,6.047,922.75,3
179.75,0.91693,-0.0022966,-0.10491,4,-61.5,4.467,921.25,3
179.88,0.91693,-0.0022966,-0.10491,4,-61.5,5.4533,920.25,3
180,0.91693,-0.0022966,-0.10491,4,-61.5,5.4993,920.25,3
180.5,1.0928,-0.036746,-0.013684,3,-50,4.5329,920.75,3
181,1.2335,-0.11713,0.043332,4,-62.5,3.5005,922.25,3
181.5,1.0107,0.0091865,-0.059296,4,-62,4.0068,921.75,3
181.75,1.0107,0.0091865,-0.059296,4,-62.5,6.0807,922.75,3
182,1.0107,0.0091865,-0.059296,4,-61.5,1.3637,921.25,3
182.25,1.0107,0.0091865,-0.059296,4,-61.5,4.4823,921.25,3
182.5,0.96383,-0.0022966,-0.070699,4,-65,4.1832,924.75,3
182.75,0.96383,-0.0022966,-0.070699,4,-64,1.5018,924.25,3
183,0.96383,-0.0022966,-0.070699,3,-50,4.5406,920.75,3
183.25,1.0928,-0.059712,-0.025087,4,-62.5,2.4314,923.25,3
183.5,0.91693,-0.0022966,-0.082102,4,-66,3.7736,925.25,3
184,1.0107,-0.01378,-0.070699,4,-62,4.0022,921.75,3
185,1.0928,-0.059712,-0.013684,4,-65,4.2645,924.75,3
185.75,0.91693,-0.01378,-0.082102,3,-50.5,0.43105,922.25,3
185.85,0.91693,-0.01378,-0.082102,4,-62,3.5251,922.25,3
186.5,1.3742,-0.17454,0.077541,4,-61.5,4.0236,921.75,3
186.6,1.3742,-0.17454,0.077541,4,-66,3.3686,925.75,3
186.75,1.3742,-0.17454,0.077541,4,-62.5,6.1037,922.75,3
187,1.3742,-0.17454,0.077541,4,-61.5,4.5467,921.25,3
187.5,0.9521,-0.01378,-0.082102,4,-64,1.5524,924.25,3
187.75,0.9521,-0.01378,-0.082102,4,-61.5,1.939,920.75,3
188,0.9521,-0.01378,-0.082102,4,-62.5,5.6282,923.25,3
188.25,1.1749,-0.10565,0.020525,4,-62.5,0.40037,922.25,3
188.75,1.0225,0.0091865,-0.070699,4,-63.5,5.1649,923.75,3
189,1.0225,0.0091865,-0.070699,4,-62.5,4.0681,921.75,3
189.25,1.0225,0.0091865,-0.070699,4,-63,6.1436,922.75,3
189.5,1.2218,-0.094162,0.043332,3,-50,4.1847,921.25,3
189.75,1.1983,-0.082679,0.0091224,3,-49.5,4.8121,920.25,3
190,1.2452,-0.12861,0.054735,4,-63.5,4.6832,924.25,3
190.5,0.98728,0.0091865,-0.070699,4,-63,2.4605,923.25,3
190.75,0.92865,0.0091865,-0.082102,4,-62.5,0.32981,922.25,3
191.25,0.97555,-0.01378,-0.082102,4,-62,0.87744,921.75,3
191.75,0.97555,-0.01378,-0.082102,3,-51,0.12272,922.75,3
191.85,0.97555,-0.01378,-0.082102,3,-51.5,0.10431,922.75,3
191.88,0.91693,-0.0022966,-0.093505,4,-61.5,4.5406,921.25,3
192.25,0.92865,-0.0022966,-0.10491,4,-62,5.53,920.25,3
192.75,0.99901,-0.01378,-0.070699,4,-62,5.0376,920.75,3
193.25,1.0694,-0.048229,-0.025087,4,-65.5,3.8518,925.25,3
193.75,1.1632,-0.071196,-0.0022806,4,-62,4.039,921.75,3
194.25,1.1632,-0.094162,0.031928,4,-62.5,6.0945,922.75,3
194.5,0.9521,-0.0022966,-0.082102,3,-50,4.8228,920.25,3
194.75,1.2218,-0.10565,0.043332,4,-65,1.1045,924.75,3
195.5,0.98728,-0.0022966,-0.070699,4,-63,2.4712,923.25,3
196,1.0107,0.0091865,-0.070699,4,-63.5,1.9988,923.75,3
196.25,1.0107,0.0091865,-0.070699,4,-62,0.90045,921.75,3
196.35,1.0107,0.0091865,-0.070699,4,-66.5,0.27458,925.75,3
197,0.9521,-0.01378,-0.082102,4,-65,1.1167,924.75,3
198,0.92865,-0.0022966,-0.093505,4,-62.5,3.4821,922.25,3
198.25,1.1045,-0.048229,-0.013684,3,-51.5,0.65961,923.75,3
198.5,1.1045,-0.048229,-0.013684,4,-64.5,2.0402,923.75,3
198.6,1.1045,-0.048229,-0.013684,3,-51.5,0.39117,921.75,3
199,0.88175,0.56038,0.49945,4,-69,1.6475,921.25,1
199.25,0.88175,0.56038,0.49945,3,-52,5.9426,920.25,1
199.5,0.88175,0.56038,0.49945,1,-58.5,0.47707,920.25,1
200.25,0.51826,0.87042,0.18017,3,-53.5,1.0063,923.25,1
200.75,0.74105,0.82449,0.3056,3,-59,6.1957,923.75,1
201.25,0.74105,0.82449,0.3056,3,-64,1.0999,925.75,1
202.25,0.74105,0.82449,0.3056,1,-59.5,1.557,924.25,1
203.5,-0.079733,0.95081,0.043332,3,-67,1.175,921.75,1
204,-0.079733,0.95081,0.043332,1,-57.5,1.9512,922.75,1
204.08,-0.079733,0.95081,0.043332,4,-57.5,4.9532,921.25,1
204.25,0.28376,0.97377,0.13456,4,-57,5.731,920.25,1
204.5,0.28376,0.97377,0.13456,1,-58.5,0.43105,924.75,1
204.75,0.28376,0.97377,0.13456,1,-58,0.91732,924.25,1
205,0.28376,0.97377,0.13456,4,-57,5.2355,920.75,1
205.1,0.28376,0.97377,0.13456,4,-58,6.1804,923.25,1
205.25,0.28376,0.97377,0.13456,4,-58.5,0.049087,923.25,1
205.75,0.18995,1.0197,0.0091224,1,-58.5,1.942,923.75,1
205.83,0.18995,1.0197,0.0091224,1,-58,0.56144,921.75,1
206,0.18995,1.0197,0.0091224,1,-61,0.29759,925.75,1
206.25,0.18995,1.0197,0.0091224,3,-62,5.4656,922.75,1
206.5,0.18995,1.0197,0.0091224,1,-58.5,0.90505,921.25,1
206.75,0.18995,1.0197,0.0091224,4,-60.5,5.3306,924.75,1
207.25,0.18995,1.0197,0.0091224,4,-58,5.7908,920.75,1
207.75,0.15478,0.99674,0.043332,1,-58.5,0.28685,922.25,1
208,0.15478,0.99674,0.043332,1,-59,2.2181,923.75,1
208.25,0.15478,0.99674,0.043332,4,-57.5,2.0341,921.75,1
208.5,0.15478,0.99674,0.043332,4,-60,4.7937,925.75,1
208.75,0.15478,0.99674,0.043332,1,-59.5,0.19021,922.75,1
209,0.15478,0.99674,0.043332,3,-61,3.387,921.25,1
209.75,0.30721,0.93932,0.12315,4,-58,6.1497,920.75,1
210,0.30721,0.93932,0.12315,4,-58.5,0.75318,923.25,1
210.25,0.30721,0.93932,0.12315,1,-59.5,0.52769,922.25,1
210.5,0.30721,0.93932,0.12315,1,-60,5.484,923.75,1
210.75,0.30721,0.93932,0.12315,1,-59,3.9638,921.75,1
211.25,0.30721,0.93932,0.12315,4,-58.5,1.0201,922.75,1
211.75,0.20168,0.99674,0.077541,1,-58.5,5.1465,920.25,1
212,0.20168,0.99674,0.077541,1,-60,1.9021,924.25,1
212.25,0.20168,0.99674,0.077541,1,-58.5,1.6858,920.75,1
212.5,0.20168,0.99674,0.077541,3,-60.5,2.0049,923.25,1
212.75,0.20168,0.99674,0.077541,1,-59,0.59825,922.25,1
213,0.20168,0.99674,0.077541,1,-59.5,5.5591,923.75,1
213.5,0.23685,0.97377,0.088944,1,-59.5,6.254,922.75,1
213.75,0.23685,0.97377,0.088944,4,-58,5.4732,921.25,1
214,0.23685,0.97377,0.088944,1,-58,5.0345,920.25,1
214.25,0.23685,0.97377,0.088944,1,-61.5,1.33,924.75,1
214.75,0.23685,0.97377,0.088944,1,-58.5,4.5667,920.75,1
215,0.23685,0.97377,0.088944,4,-59.5,0.42184,923.25,1
215.1,0.23685,0.97377,0.088944,1,-59.5,0.20862,922.25,1
215.75,0.18995,0.99674,0.066138,4,-60,4.6633,925.75,1
216,0.18995,0.99674,0.066138,4,-58.5,1.1213,922.75,1
216.25,0.18995,0.99674,0.066138,1,-58.5,4.4286,921.25,1
216.5,0.18995,0.99674,0.066138,1,-58,5.2401,920.25,1
216.75,0.18995,0.99674,0.066138,1,-60.5,1.8975,924.25,1
217.5,0.20168,0.98526,0.054735,4,-58,1.4404,922.25,1
217.75,0.20168,0.98526,0.054735,4,-59,6.2586,923.75,1
218,0.20168,0.98526,0.054735,1,-59,0.59825,921.75,1
218.5,0.20168,0.98526,0.054735,1,-59.5,5.9887,922.75,1
218.75,0.20168,0.98526,0.054735,3,-61,6.0868,921.25,1
219,0.20168,0.98526,0.054735,4,-58,6.2617,920.25,1
219.1,0.20168,0.98526,0.054735,1,-61,1.2824,924.75,1
219.75,0.2603,0.98526,0.088944,1,-59.5,5.8368,923.25,1
220,0.2603,0.98526,0.088944,1,-59,0.44332,922.25,1
220.25,0.2603,0.98526,0.088944,4,-59,0.053689,923.75,1
220.5,0.2603,0.98526,0.088944,3,-60.5,6.0424,921.75,1
221,0.2603,0.98526,0.088944,4,-58.5,0.84983,922.75,1
221.1,0.2603,0.98526,0.088944,4,-57.5,5.3122,921.25,1
221.25,0.2603,0.98526,0.088944,1,-58,4.941,920.25,1
221.5,0.2603,0.98526,0.088944,4,-60,5.283,924.75,1
222,0.13132,1.0197,0.031928,4,-58,5.7264,920.75,1
222.25,0.13132,1.0197,0.031928,1,-59.5,5.553,923.25,1
222.5,0.13132,1.0197,0.031928,4,-59.5,4.8474,925.25,1
222.75,0.13132,1.0197,0.031928,1,-60,2.1062,923.75,1
223,0.13132,1.0197,0.031928,1,-58.5,0.7133,921.75,1
223.25,0.13132,1.0197,0.031928,1,-59.5,6.2157,922.75,1
223.5,0.13132,1.0197,0.031928,1,-58.5,4.3105,921.25,1
223.75,0.13132,1.0197,0.031928,1,-58,5.0729,920.25,1
224,0.13132,1.0197,0.031928,4,-59.5,5.3383,924.75,1
224.5,0.23685,0.96229,0.10035,4,-57,5.8015,920.75,1
224.6,0.23685,0.96229,0.10035,1,-58.5,5.6067,923.25,1
224.75,0.23685,0.96229,0.10035,3,-58.5,5.4963,922.25,1
225,0.23685,0.96229,0.10035,1,-60.5,0.95874,925.25,1
225.25,0.23685,0.96229,0.10035,1,-59,2.0847,923.75,1
225.35,0.23685,0.96229,0.10035,3,-59,5.6389,921.75,1
226,0.23685,0.96229,0.088944,1,-58.5,4.47,921.25,1
226.25,0.23685,0.96229,0.088944,4,-57,0.27305,920.25,1
226.5,0.23685,0.96229,0.088944,4,-58.5,5.5009,924.75,1
226.75,0.23685,0.96229,0.088944,4,-58.5,5.958,924.25,1
226.85,0.23685,0.96229,0.088944,4,-57.5,6.0408,920.75,1
227.25,0.28376,0.97377,0.11175,3,-59,2.5096,922.25,1
227.5,0.28376,0.97377,0.11175,1,-62,1.0784,925.25,1
227.75,0.28376,0.97377,0.11175,1,-58.5,4.0298,921.75,1
228.25,0.28376,0.97377,0.11175,4,-58,4.2507,922.75,1
228.5,0.2134,1.0082,0.066138,3,-59.5,0.4786,920.25,1
228.75,0.2134,1.0082,0.066138,1,-58,5.2447,920.25,1
229,0.2134,1.0082,0.066138,1,-60,1.8776,924.25,1
229.25,0.2134,1.0082,0.066138,1,-57.5,4.806,920.75,1
229.5,0.2134,1.0082,0.066138,4,-58.5,0.43412,923.25,1
229.63,0.2134,1.0082,0.066138,3,-59,2.3501,922.25,1
229.75,0.2134,1.0082,0.066138,1,-60.5,0.90505,925.25,1
230.5,0.20168,1.0082,0.077541,1,-62,0.43105,925.75,1
230.75,0.20168,1.0082,0.077541,3,-59,1.9865,922.75,1
230.88,0.20168,1.0082,0.077541,1,-58,4.4025,921.25,1
231,0.20168,1.0082,0.077541,3,-59.5,0.42951,920.25,1
231.25,0.20168,1.0082,0.077541,4,-59,5.5699,924.75,1
231.5,0.20168,1.0082,0.077541,1,-60,1.8239,924.25,1
231.75,0.20168,1.0082,0.077541,3,-59.5,0.12885,920.75,1
232,0.20168,1.0082,0.077541,4,-58,0.61206,923.25,1
232.25,0.20168,1.0082,0.077541,4,-59.5,5.1266,925.25,1
232.5,0.20168,1.0082,0.077541,4,-58.5,0.21629,923.75,1
232.75,0.20168,1.0082,0.077541,4,-57.5,5.3413,921.75,1
233,0.20168,1.0082,0.077541,4,-57.5,1.5969,922.75,1
233.25,0.20168,1.0082,0.077541,3,-61,5.8675,921.25,1
233.75,0.20168,1.0082,0.16876,4,-58.5,6.0715,924.75,1
234,0.20168,1.0082,0.16876,1,-59.5,2.1491,924.25,1
234.25,0.20168,1.0082,0.16876,4,-57.5,0.39884,920.75,1
234.33,0.20168,1.0082,0.16876,4,-57.5,1.1582,923.25,1
234.5,0.20168,1.0082,0.16876,4,-57.5,5.1941,922.25,1
234.75,0.20168,1.0082,0.16876,4,-58,0.68569,923.75,1
235.5,0.18995,0.99674,0.16876,4,-57.5,1.6122,922.75,1
235.58,0.18995,0.99674,0.16876,1,-59,0.22703,922.75,1
235.75,0.18995,0.99674,0.16876,4,-57.5,6.1221,921.25,1
236,0.18995,0.99674,0.16876,1,-58.5,5.438,920.25,1
236.25,0.18995,0.99674,0.16876,1,-60.5,1.6429,924.75,1
236.5,0.18995,0.99674,0.16876,4,-57.5,0.37736,920.75,1
237,0.31893,0.93932,0.22578,1,-59,3.7306,922.25,1
237.25,0.31893,0.93932,0.22578,4,-59,5.573,925.25,1
237.5,0.31893,0.93932,0.22578,1,-59.5,5.6312,923.75,1
237.6,0.31893,0.93932,0.22578,1,-58.5,1.1121,921.75,1
238,0.31893,0.93932,0.22578,1,-59.5,0.21629,922.75,1
238.1,0.31893,0.93932,0.22578,3,-60,5.7724,921.25,1
238.25,0.31893,0.93932,0.22578,1,-58.5,5.4104,920.25,1
238.75,0.2603,0.99674,0.18017,1,-60,2.1092,924.25,1
239,0.2603,0.99674,0.18017,1,-58,5.1097,920.75,1
239.25,0.2603,0.99674,0.18017,3,-59.5,1.5846,923.25,1
239.5,0.2603,0.99674,0.18017,4,-57.5,5.2968,922.25,1
239.75,0.2603,0.99674,0.18017,4,-58,0.80687,923.75,1
240,0.2603,0.99674,0.18017,4,-57.5,5.7187,921.75,1
240.35,0.2603,0.99674,0.18017,4,-57.5,5.6865,921.75,1
240.4,0.2603,0.99674,0.18017,4,-57.5,4.7645,922.75,1
240.75,0.20168,1.0197,0.18017,4,-57,4.3519,920.25,1
241,0.20168,1.0197,0.18017,3,-61.5,1.6091,924.75,1
241.25,0.20168,1.0197,0.18017,4,-57.5,6.2694,924.25,1
241.75,0.38928,0.91636,0.15736,4,-57,4.7615,922.25,1
242,0.38928,0.91636,0.15736,1,-57,4.5437,922.25,1
242.25,0.38928,0.91636,0.15736,3,-61,4.8903,923.75,1
242.5,0.38928,0.91636,0.15736,3,-61.5,6.0331,921.75,1
243,0.24858,0.95081,0.12315,1,-57.5,5.3214,921.25,1
243.25,0.24858,0.95081,0.12315,4,-57.5,0.7087,920.25,1
243.38,0.24858,0.95081,0.12315,1,-58,6.0546,920.25,1
243.5,0.24858,0.95081,0.12315,1,-59.5,2.1322,924.75,1
243.75,0.24858,0.95081,0.12315,1,-57.5,5.5162,920.75,1
244,0.24858,0.95081,0.12315,4,-58,0.81915,923.25,1
244.25,0.24858,0.95081,0.12315,1,-58,4.2783,922.25,1
244.75,0.40101,0.92784,0.19157,4,-58,0.36662,923.75,1
245,0.40101,0.92784,0.19157,4,-57,5.4211,921.75,1
245.1,0.40101,0.92784,0.19157,1,-61,1.4297,925.75,1
245.5,0.40101,0.92784,0.19157,1,-57.5,5.1618,921.25,1
245.75,0.40101,0.92784,0.19157,1,-58,5.9902,920.25,1
246.25,0.52999,0.88191,0.22578,4,-57.5,0.092039,920.75,1
246.5,0.52999,0.88191,0.22578,4,-57.5,0.8621,923.25,1
246.6,0.52999,0.88191,0.22578,4,-58,0.88511,923.25,1
246.75,0.52999,0.88191,0.22578,1,-58.5,4.1648,922.25,1
247,0.52999,0.88191,0.22578,1,-59.5,6.0178,923.75,1
247.25,0.52999,0.88191,0.22578,4,-57.5,2.2258,921.75,1
247.75,0.40101,0.90487,0.19157,3,-61,6.0562,921.25,1
248.25,0.40101,0.90487,0.19157,4,-58.5,6.0976,920.25,1
248.5,0.40101,0.90487,0.19157,1,-60.5,5.2401,924.25,1
248.75,0.40101,0.90487,0.19157,1,-60.5,6.0331,923.25,1
249.75,0.42446,0.90487,0.13456,1,-59.5,4.2246,921.75,1
250.25,0.42446,0.90487,0.13456,1,-60,0.16567,922.75,1
250.5,0.42446,0.90487,0.13456,3,-64,0.34515,920.25,1
251.25,0.42446,0.90487,0.13456,3,-65,6.0914,920.75,1
252.75,0.52999,0.89339,0.18017,1,-60,4.6955,921.25,1
253.5,0.52999,0.89339,0.18017,1,-59.5,5.0637,920.75,1
254,0.52999,0.89339,0.18017,1,-60.5,0.61052,922.25,1
254.5,0.52999,0.89339,0.18017,3,-63,5.5822,921.75,1
255,0.52999,0.89339,0.18017,4,-59.5,0.95107,922.75,1
255.5,0.52999,0.89339,0.18017,1,-59,5.2984,920.25,1
256,0.52999,0.89339,0.18017,1,-59,4.8597,920.75,1
256.75,0.36583,0.95081,0.12315,4,-60,6.1605,923.75,1
257,0.36583,0.95081,0.12315,1,-60,4.0528,921.75,1
257.5,0.36583,0.95081,0.12315,1,-59.5,4.5053,921.25,1
258,0.36583,0.95081,0.12315,3,-63,0.059825,920.25,1
258.5,0.36583,0.95081,0.12315,1,-59,5.0391,920.75,1
258.75,0.36583,0.95081,0.12315,4,-59,1.4956,922.25,1
259.25,0.36583,0.95081,0.12315,4,-60,0.062893,923.75,1
259.75,0.36583,0.95081,0.12315,1,-63,0.89738,925.75,1
260,0.36583,0.95081,0.12315,1,-58.5,4.5437,921.25,1
260.75,0.31893,0.93932,0.088944,3,-61.5,1.2072,924.25,1
261,0.31893,0.93932,0.088944,1,-58,4.8796,920.75,1
261.25,0.31893,0.93932,0.088944,4,-59,1.2441,922.25,1
261.5,0.31893,0.93932,0.088944,4,-60.5,4.7845,925.25,1
261.75,0.31893,0.93932,0.088944,1,-58.5,4.0175,921.75,1
262.25,0.31893,0.93932,0.088944,4,-59.5,0.71023,922.75,1
262.5,0.31893,0.93932,0.088944,1,-58,4.3718,921.25,1
262.75,0.31893,0.93932,0.088944,4,-59,6.0822,920.25,1
263.5,0.36583,0.93932,0.11175,4,-58,2.1967,920.75,1
263.6,0.36583,0.93932,0.11175,4,-58.5,6.2157,923.25,1
263.75,0.36583,0.93932,0.11175,4,-58,0.87744,922.25,1
264.25,0.36583,0.93932,0.11175,4,-60,6.1651,923.75,1
264.5,0.36583,0.93932,0.11175,1,-62,0.75165,925.75,1
265,0.36583,0.93932,0.11175,1,-58.5,4.4577,921.25,1
265.13,0.36583,0.93932,0.11175,4,-58.5,6.1221,920.25,1
265.25,0.36583,0.93932,0.11175,1,-60.5,1.7963,924.75,1
266,0.37756,0.90487,0.077541,1,-59,5.8613,923.25,1
266.25,0.37756,0.90487,0.077541,4,-58.5,0.71023,922.25,1
266.5,0.37756,0.90487,0.077541,4,-57.5,6.073,923.75,1
266.75,0.37756,0.90487,0.077541,1,-60,4.3534,921.75,1
267.5,0.49481,0.85894,0.23718,1,-59,4.5789,921.25,1
267.75,0.49481,0.85894,0.23718,4,-57.5,2.1062,924.75,1
268.5,0.44791,0.83597,0.16876,4,-57.5,0.38043,923.25,1
268.75,0.44791,0.83597,0.16876,1,-59.5,6.1574,922.25,1
269.25,0.51826,0.96229,0.24859,4,-58,1.06,925.75,1
269.75,0.51826,0.96229,0.24859,1,-61.5,0.2347,922.75,1
270,0.51826,0.96229,0.24859,1,-60.5,5.3429,920.25,1
271,0.43619,0.91636,0.16876,1,-59.5,2.5679,922.25,1
271.5,0.43619,0.91636,0.16876,3,-64,4.7109,923.75,1
272,0.43619,0.91636,0.16876,1,-58,5.9841,922.75,1
272.1,0.43619,0.91636,0.16876,4,-58,0.33287,922.75,1
272.5,0.33066,0.96229,0.066138,4,-57,5.4395,920.25,1
272.6,0.33066,0.96229,0.066138,4,-59,1.083,924.75,1
272.75,0.33066,0.96229,0.066138,1,-57,1.8822,924.25,1
273,0.33066,0.96229,0.066138,3,-59.5,2.4513,924.25,1
273.1,0.33066,0.96229,0.066138,3,-59.5,4.7814,920.75,1
273.25,0.33066,0.96229,0.066138,4,-57,6.1421,923.25,1
273.5,0.47136,0.93932,0.088944,4,-57.5,4.6756,925.25,1
273.75,0.47136,0.93932,0.088944,4,-57,6.1589,923.75,1
274,0.47136,0.93932,0.088944,4,-56,2.2979,921.75,1
274.5,0.47136,0.93932,0.088944,1,-60,4.8811,922.75,1
275,0.23685,0.97377,0.066138,4,-57,0.7946,920.25,1
275.13,0.23685,0.97377,0.066138,4,-58.5,5.8659,924.75,1
275.25,0.23685,0.97377,0.066138,1,-61,3.3487,924.25,1
275.5,0.23685,0.97377,0.066138,4,-57.5,1.0753,923.25,1
275.75,0.23685,0.97377,0.066138,4,-57,5.1082,922.25,1
276,0.23685,0.97377,0.066138,3,-65,0.23623,925.25,1
276.5,0.23685,0.97377,0.066138,4,-57.5,5.4656,921.75,1
277,0.43619,0.91636,0.13456,3,-62.5,5.8844,921.25,1
277.25,0.43619,0.91636,0.13456,1,-59,0.44025,920.25,1
277.5,0.43619,0.91636,0.13456,1,-61.5,6.0285,924.75,1
278,0.43619,0.91636,0.13456,1,-59.5,0.058291,920.75,1
278.5,0.34238,0.95081,0.12315,1,-59.5,4.9716,922.25,1
278.75,0.34238,0.95081,0.12315,4,-58,0.42031,923.75,1
279.25,0.34238,0.95081,0.12315,1,-63,1.8086,925.75,1
279.5,0.34238,0.95081,0.12315,4,-57.5,5.8429,921.25,1
279.75,0.34238,0.95081,0.12315,1,-59.5,0.19635,920.25,1
280.25,0.33066,0.97377,0.11175,4,-57.5,0.20402,920.75,1
280.5,0.33066,0.97377,0.11175,1,-60,3.9853,923.25,1
280.75,0.33066,0.97377,0.11175,1,-59.5,1.6429,922.25,1
281.25,0.33066,0.97377,0.11175,1,-60.5,0.23623,923.75,1
281.75,0.50654,0.89339,0.18017,4,-57.5,4.3749,922.75,1
282,0.50654,0.89339,0.18017,4,-57,5.8092,921.25,1
282.25,0.50654,0.89339,0.18017,4,-57.5,0.49548,920.25,1
282.5,0.50654,0.89339,0.18017,1,-61.5,2.4881,924.75,1
282.75,0.50654,0.89339,0.18017,4,-57.5,6.2356,920.75,1
283,0.50654,0.89339,0.18017,4,-57.5,0.6995,923.25,1
283.25,0.50654,0.89339,0.18017,1,-59.5,4.5866,922.25,1
283.5,0.50654,0.89339,0.18017,4,-58,0.12118,923.75,1
284.25,0.2603,0.99674,0.066138,1,-60,4.2123,922.75,1
284.5,0.2603,0.99674,0.066138,4,-57.5,5.6911,921.25,1
284.63,0.2603,0.99674,0.066138,4,-57.5,0.42951,920.25,1
284.75,0.2603,0.99674,0.066138,1,-61.5,2.3501,924.75,1
285.25,0.2603,0.99674,0.066138,1,-59,5.8215,920.75,1
285.5,0.2603,0.99674,0.066138,4,-58,0.69796,923.25,1
285.75,0.2603,0.99674,0.066138,4,-57.5,1.646,922.25,1
286,0.2603,0.99674,0.066138,4,-58.5,0.1672,923.75,1
286.5,0.30721,0.97377,0.10035,1,-60,1.0094,922.75,1
287,0.30721,0.97377,0.10035,4,-57.5,5.8828,921.25,1
287.07,0.30721,0.97377,0.10035,4,-57.5,0.5461,920.25,1
287.5,0.30721,0.97377,0.10035,1,-61,6.0055,924.25,1
287.75,0.30721,0.97377,0.10035,4,-57,0.10431,920.75,1
288,0.28376,0.99674,0.054735,1,-58,4.9118,922.25,1
288.5,0.28376,0.99674,0.054735,3,-62,1.3576,923.75,1
288.75,0.28376,0.99674,0.054735,1,-58,5.0621,921.75,1
289,0.28376,0.99674,0.054735,4,-57.5,4.4025,922.75,1
289.25,0.28376,0.99674,0.054735,1,-58.5,5.306,921.25,1
289.75,0.50654,0.89339,0.21438,1,-60,5.9304,924.25,1
290,0.50654,0.89339,0.21438,4,-57.5,6.277,920.75,1
290.25,0.50654,0.89339,0.21438,1,-59.5,0.099709,923.25,1
290.5,0.50654,0.89339,0.21438,3,-68,6.0546,922.25,1
291,0.50654,0.89339,0.21438,4,-59.5,1.804,921.75,1
291.75,0.50654,0.89339,0.21438,1,-58,4.019,921.25,1
292.25,0.35411,0.98526,0.088944,1,-57,1.5647,924.25,1
292.75,0.35411,0.98526,0.088944,1,-57.5,5.1649,923.25,1
293,0.35411,0.98526,0.088944,3,-67,1.511,925.25,1
294,0.35411,0.98526,0.088944,3,-65,0.95874,921.25,1
294.75,0.35411,0.98526,0.088944,3,-64,1.7595,924.25,1
296,0.41273,0.92784,0.077541,1,-57,6.1911,921.75,1
296.25,0.41273,0.92784,0.077541,3,-58.5,6.0454,922.75,1
296.75,0.41273,0.92784,0.077541,4,-60,3.7475,920.25,1
297,0.41273,0.92784,0.077541,4,-60,5.6803,924.25,1
297.75,0.41273,0.89339,0.13456,1,-55.5,4.3488,922.25,1
298,0.41273,0.89339,0.13456,4,-59,4.7431,925.25,1
298.75,0.31893,0.92784,0.13456,3,-61,0.86363,925.75,1
299,0.31893,0.92784,0.13456,1,-58.5,4.5252,921.25,1
299.25,0.31893,0.92784,0.13456,4,-57,6.2663,920.25,1
299.5,0.31893,0.92784,0.13456,3,-64.5,1.152,924.75,1
300,0.31893,0.92784,0.13456,3,-63.5,2.0985,923.25,1
300.25,0.31893,0.92784,0.13456,3,-60,6.1129,922.25,1
301,0.63552,0.83597,0.19157,4,-63,0.85443,925.75,1
301.75,0.63552,0.83597,0.19157,1,-63,1.0968,920.25,1
304.25,0.43619,0.92784,0.27139,4,-58,5.803,924.75,1
304.5,0.43619,0.92784,0.27139,3,-69,4.8504,924.25,1
305,0.43619,0.92784,0.27139,4,-57,0.8621,923.25,1
305.13,0.43619,0.92784,0.27139,3,-68.5,6.1804,922.25,1
305.75,0.43619,0.92784,0.27139,1,-59,4.3212,921.75,1
306.5,0.43619,0.92784,0.27139,1,-58.5,5.4104,920.25,1
307.25,0.42446,0.90487,0.18017,1,-58,5.5668,920.75,1
307.5,0.42446,0.90487,0.18017,4,-57.5,0.44179,923.25,1
307.63,0.42446,0.90487,0.18017,1,-58.5,4.9302,922.25,1
308,0.42446,0.90487,0.18017,1,-60.5,0.18408,923.75,1
308.25,0.42446,0.90487,0.18017,1,-63,1.6828,925.75,1
309,0.31893,0.97377,0.054735,1,-58.5,6.0822,920.25,1
309.5,0.31893,0.97377,0.054735,3,-64.5,0.73631,924.25,1
309.75,0.31893,0.97377,0.054735,4,-58,0.17794,923.25,1
310,0.31893,0.97377,0.054735,3,-64,5.0253,922.25,1
310.5,0.31893,0.97377,0.054735,1,-58.5,4.2123,921.75,1
311.5,0.31893,0.97377,0.054735,1,-57.5,5.2539,920.25,1
311.75,0.31893,0.97377,0.054735,1,-58.5,1.2885,924.25,1
312.5,0.27203,1.0427,0.16876,1,-57.5,4.8627,922.25,1
312.75,0.27203,1.0427,0.16876,1,-59,3.6386,923.75,1
313,0.27203,1.0427,0.16876,1,-57.5,5.2385,921.75,1
313.75,0.54171,0.85894,0.3056,1,-56,5.8491,921.25,1
313.83,0.54171,0.85894,0.3056,3,-68.5,3.8488,920.25,1
314,0.54171,0.85894,0.3056,4,-57,2.2396,924.75,1
314.5,0.54171,0.85894,0.3056,4,-56,5.9749,920.75,1
314.75,0.33066,0.79004,0.32841,4,-56.5,6.0914,922.25,1
315.5,0.33066,0.79004,0.32841,1,-58,1.2824,921.75,1
316.25,0.23685,0.92784,0.15736,1,-57.5,0.66115,921.25,1
316.35,0.23685,0.92784,0.15736,4,-57,0.30986,920.25,1
316.75,0.23685,0.92784,0.15736,4,-58,5.5193,924.25,1
317,0.23685,0.92784,0.15736,4,-57.5,5.8107,920.75,1
317.25,0.23685,0.92784,0.15736,4,-58,1.1858,922.25,1
318,0.29548,0.93932,0.14596,1,-57.5,4.9026,921.75,1
318.25,0.29548,0.93932,0.14596,4,-58,0.78847,922.75,1
318.5,0.29548,0.93932,0.14596,4,-57.5,5.3367,921.25,1
318.75,0.29548,0.93932,0.14596,1,-58,6.1651,920.25,1
319.25,0.29548,0.93932,0.14596,1,-60,5.9979,924.25,1
319.5,0.29548,0.93932,0.14596,1,-58,5.7724,920.75,1
320.25,0.44791,0.92784,0.20297,1,-59.5,0.31447,923.75,1
320.5,0.44791,0.92784,0.20297,3,-66,0.37276,925.75,1
321,0.44791,0.92784,0.20297,1,-58,5.5162,921.25,1
321.1,0.44791,0.92784,0.20297,1,-57.5,0.053689,920.25,1
321.5,0.44791,0.92784,0.20297,1,-60.5,2.459,924.75,1
321.75,0.44791,0.92784,0.20297,4,-57.5,5.5085,920.75,1
322,0.44791,0.92784,0.20297,4,-58.5,0.039884,923.25,1
322.25,0.44791,0.92784,0.20297,1,-59,1.4327,922.25,1
323.25,0.2603,0.97377,0.088944,1,-59.5,4.1157,922.75,1
323.5,0.2603,0.97377,0.088944,4,-57.5,1.9558,921.25,1
323.75,0.2603,0.97377,0.088944,3,-64,0.34208,920.25,1
324,0.2603,0.97377,0.088944,4,-57,5.4334,920.75,1
324.25,0.2603,0.97377,0.088944,1,-58,5.7248,920.75,1
324.5,0.2603,0.97377,0.088944,1,-59,1.4343,922.25,1
325.25,0.28376,0.98526,0.077541,4,-57.5,1.9482,921.75,1
325.75,0.28376,0.98526,0.077541,4,-58,0.91579,922.75,1
325.85,0.28376,0.98526,0.077541,1,-58,5.5039,921.25,1
326,0.28376,0.98526,0.077541,4,-57.5,0.018408,920.25,1
326.25,0.28376,0.98526,0.077541,3,-63,1.0661,924.25,1
326.75,0.28376,0.98526,0.077541,4,-57.5,5.7264,920.75,1
326.85,0.28376,0.98526,0.077541,1,-59.5,0.58751,923.25,1
327,0.28376,0.98526,0.077541,4,-57.5,1.2318,922.25,1
327.5,0.28376,0.98526,0.077541,4,-58,0.11965,923.75,1
328.25,0.44791,0.95081,-0.093505,1,-57.5,5.0959,921.25,1
328.5,0.44791,0.95081,-0.093505,1,-58,5.4886,920.25,1
329,0.44791,0.95081,-0.093505,1,-58.5,1.2793,920.75,1
330,0.44791,0.95081,-0.093505,4,-57.5,1.3177,921.75,4
330.75,0.072698,1.1001,0.12315,4,-66,5.4027,921.25,4
330.88,0.072698,1.1001,0.12315,1,-47.5,6.0377,920.25,4
331,-0.23216,0.83597,-0.082102,2,-68,1.4803,920.25,4
331.25,-0.27906,1.3527,-0.059296,1,-49,1.149,924.25,4
331.5,0.049247,0.72114,0.12315,1,-45.5,0.44792,920.75,4
331.63,-0.032831,0.96229,0.20297,1,-45.5,2.0387,920.75,4
331.68,-0.11491,0.96229,0.13456,1,-44,3.8948,920.75,4
331.75,-0.11491,1.0082,0.19157,1,-41,3.7721,923.25,4
331.88,-0.22044,1.0427,0.33981,1,-41,4.1233,923.25,4
331.9,-0.12663,1.0082,0.25999,1,-40,5.2201,923.25,4
331.95,-0.12663,1.169,0.020525,1,-40,5.5116,923.25,4
332,-0.079733,1.1345,0.020525,1,-39.5,0.37736,922.25,4
332.05,0.072698,1.0542,0.077541,1,-38.5,1.172,922.25,4
332.08,-0.079733,1.1231,-0.059296,1,-38.5,1.4834,922.25,4
332.13,-0.10318,1.1345,0.054735,1,-39,2.3777,922.25,4
332.18,-0.22044,1.0656,0.043332,1,-39.5,5.7954,922.25,4
332.25,-0.079733,0.98526,-0.12771,1,-44,4.1172,923.75,4
332.33,-0.021106,1.0542,-0.12771,1,-45,4.2691,923.75,4
332.38,0.037521,1.1805,-0.15052,1,-48.5,5.3413,923.75,4
334.75,-0.25561,1.1001,0.41963,2,-57,1.6506,923.75,4
336.5,0.38928,0.95081,-0.0022806,2,-53.5,5.9196,923.25,2
338,0.50654,0.95081,0.066138,2,-55,5.3827,921.25,2
339.5,0.084423,0.98526,0.077541,2,-56.5,4.9992,923.75,2
340.25,0.084423,0.98526,0.077541,2,-56.5,5.125,922.75,2
340.5,0.084423,0.98526,0.077541,2,-57,0.18101,920.25,2
341,0.084423,0.98526,0.077541,2,-57.5,1.2977,924.25,2
341.75,0.1196,0.99674,0.12315,2,-57,1.2609,925.25,2
342.25,0.1196,0.99674,0.12315,2,-56,5.6987,921.75,2
343.25,0.1196,0.99674,0.12315,2,-57.5,0.158,920.25,2
345,0.14305,0.99674,0.10035,2,-58.5,0.65654,925.75,2
345.5,0.14305,0.99674,0.10035,2,-56.5,6.1743,920.25,2
347,0.34238,0.92784,0.19157,2,-56.5,5.6205,921.75,2
348,0.18995,0.97377,0.12315,2,-57.5,1.0446,924.75,2
348.75,0.18995,0.97377,0.12315,2,-56.5,6.0868,920.75,2
349.75,0.30721,0.95081,0.14596,2,-57.5,0.73324,925.75,2
350.5,0.30721,0.95081,0.14596,2,-56.5,0.084369,920.25,2
351.5,0.2603,0.95081,0.14596,2,-57.5,0.90658,925.25,2
353.5,0.18995,0.99674,0.12315,2,-56,5.803,920.75,2
353.75,0.18995,0.99674,0.12315,2,-57,4.7139,923.25,2
355.25,0.38928,0.89339,0.19157,2,-56,6.0485,920.25,2
356.5,0.2603,0.93932,0.15736,2,-57.5,0.79153,925.25,2
358,0.22513,0.97377,0.11175,2,-57,1.0063,924.75,2
358.25,0.22513,0.97377,0.11175,2,-56,5.9718,920.75,2
361,0.22513,0.97377,0.12315,2,-56,4.6878,923.25,2
361.5,0.22513,0.97377,0.12315,2,-57,1.4435,923.75,2
362,0.22513,0.97377,0.12315,2,-58,0.3973,925.75,2
363,0.43619,0.90487,0.19157,2,-56.5,5.5055,920.75,2
363.5,0.43619,0.90487,0.19157,2,-57,0.48781,922.25,2
365,0.43619,0.90487,0.19157,2,-59.5,0.32674,920.25,2
382.75,0.43619,0.90487,0.19157,2,-58.5,0.75932,920.75,2
384.25,0.43619,0.90487,0.19157,2,-58,0.64427,921.25,2
385.5,0.43619,0.90487,0.19157,2,-58.5,6.0945,922.25,2
391.75,0.57689,0.89339,0.077541,2,-59,1.106,920.25,2
395.5,0.57689,0.89339,0.077541,2,-61,5.1833,925.25,2
413.75,0.15478,0.99674,0.031928,2,-48.5,1.356,920.25,4
414,0.27203,0.95081,0.27139,2,-48,0.11658,924.75,4
414.15,0.14305,0.97377,0.077541,2,-48.5,0.6995,924.75,4
414.25,0.1665,1.0082,0.11175,2,-47.5,2.3501,924.25,4
414.35,0.1665,1.0082,0.11175,2,-47.5,5.7432,924.25,4
414.5,0.084423,1.1805,0.077541,2,-47.5,5.5162,920.75,4
414.6,0.072698,1.0197,-0.059296,2,-48,5.5315,923.25,4
414.75,0.060972,1.0312,-0.013684,2,-49.5,5.8936,923.25,4
415.25,0.13132,1.0082,-0.10491,1,-64,5.7908,923.75,4
417,0.13132,1.0082,-0.10491,1,-57.5,5.8199,923.25,4
418.25,0.13132,1.0082,-0.10491,4,-57,5.6174,922.75,1
418.75,0.33066,0.85894,0.39683,4,-57,5.5868,920.25,1
419,0.33066,0.85894,0.39683,1,-61,1.2379,924.25,1
419.25,0.63552,0.83597,0.16876,4,-57.5,0.81454,920.75,1
419.5,0.63552,0.83597,0.16876,1,-57,5.2754,923.25,1
419.58,0.63552,0.83597,0.16876,4,-59.5,4.6449,922.25,1
419.75,0.63552,0.83597,0.16876,4,-62,4.1862,922.25,1
420,0.63552,0.83597,0.16876,3,-60,4.9839,923.75,1
420.25,0.63552,0.83597,0.16876,1,-57.5,5.5499,921.75,1
420.5,0.63552,0.83597,0.16876,1,-59.5,0.15647,922.75,1
420.75,0.56517,0.87042,0.054735,3,-48.5,5.4134,921.25,1
421,0.58862,0.85894,0.14596,3,-49,4.852,921.25,3
421.1,0.58862,0.85894,0.14596,3,-49.5,5.2554,920.25,3
421.5,1.1163,0.46851,-0.0022806,4,-64,5.9058,924.25,3
421.75,1.1163,0.46851,-0.0022806,3,-49,0.76852,920.75,3
421.85,0.83485,0.1355,-0.03649,3,-49,6.2786,920.75,3
422,1.1866,-0.036746,0.088944,3,-49.5,4.065,923.25,3
422.13,0.89348,0.14698,0.054735,4,-60.5,5.2278,922.25,3
422.5,1.0342,-0.059712,0.043332,4,-63,0.36509,923.75,3
422.75,1.0342,-0.059712,0.043332,4,-60.5,5.329,921.75,3
423,0.84658,0.10105,0.317,4,-64,5.3935,925.75,3
423.5,0.91693,0.055119,0.054735,3,-48,4.9716,921.25,3
423.6,0.87003,-0.059712,-0.16192,4,-63,0.91885,920.25,3
423.75,0.87003,-0.059712,-0.16192,4,-63.5,0.013806,924.75,3
424.25,0.92865,0.043636,-0.059296,3,-48.5,5.2508,920.75,3
424.35,1.1632,-0.071196,0.0091224,4,-63,3.9485,923.25,3
424.5,1.1632,-0.071196,0.0091224,3,-49,4.3718,922.25,3
424.75,0.9052,-0.01378,-0.10491,3,-49,4.3918,922.25,3
424.85,0.9052,-0.01378,-0.10491,3,-52.5,5.869,925.25,3
425,1.3508,-0.12861,0.066138,3,-51,0.46173,923.75,3
425.1,1.3508,-0.12861,0.066138,3,-51,0.49241,923.75,3
425.25,1.1514,-0.094162,-0.0022806,4,-62,5.3306,921.75,3
425.5,1.1514,-0.094162,-0.0022806,4,-64.5,1.6828,925.75,3
425.75,0.99901,0.0091865,-0.070699,3,-48.5,5.1496,921.25,3
426,0.92865,-0.01378,-0.11631,3,-48.5,5.7908,920.25,3
426.25,1.2804,-0.15158,0.066138,3,-51.5,6.1513,924.75,3
426.35,1.2804,-0.15158,0.066138,4,-64,6.0776,924.25,3
426.5,1.2804,-0.15158,0.066138,3,-48.5,5.4119,920.75,3
426.6,0.91693,0.0091865,-0.10491,3,-48.5,5.3981,920.75,3
426.68,0.91693,0.0091865,-0.10491,3,-48,5.4027,920.75,3
426.75,0.91693,0.0091865,-0.10491,3,-48.5,5.3766,920.75,3
426.85,0.92865,-0.0022966,-0.093505,4,-63.5,3.8871,923.25,3
427,0.92865,-0.0022966,-0.093505,3,-49,4.4255,922.25,3
427.08,0.94038,-0.01378,-0.093505,3,-49,4.4117,922.25,3
427.25,1.1397,-0.071196,-0.013684,4,-63.5,0.26691,923.75,3
427.5,1.1397,-0.071196,-0.013684,4,-62,5.3689,921.75,3
427.75,1.1397,-0.071196,-0.013684,4,-62,5.3613,921.75,3
428,1.1397,-0.071196,-0.013684,3,-50,4.1003,922.75,3
428.1,0.91693,-0.0022966,-0.10491,4,-62.5,4.4071,922.75,3
428.25,0.91693,-0.0022966,-0.10491,4,-62.5,5.846,921.25,3
428.35,0.91693,-0.0022966,-0.10491,4,-63,0.57984,920.25,3
428.5,0.91693,-0.0022966,-0.10491,3,-48.5,5.6941,920.25,3
429,1.1514,-0.071196,-0.013684,4,-64,6.0838,924.25,3
429.1,1.1514,-0.071196,-0.013684,4,-62.5,0.046019,920.75,3
429.25,0.89348,0.0091865,-0.082102,3,-49,4.4317,922.25,3
430,1.1749,-0.094162,0.0091224,3,-48.5,4.7369,921.75,3
430.08,1.128,-0.082679,0.0091224,3,-48.5,4.7538,921.75,3
430.25,1.128,-0.082679,0.0091224,4,-65,1.5815,925.75,3
430.5,1.1983,-0.10565,0.0091224,4,-61.5,5.7969,921.25,3
430.75,1.1983,-0.10565,0.0091224,3,-48,5.0468,921.25,3
430.85,0.9521,0.0091865,-0.082102,3,-48.5,5.7187,920.25,3
431,0.9521,0.0091865,-0.082102,3,-48,5.7371,920.25,3
431.1,0.9521,0.0091865,-0.082102,3,-48.5,5.7141,920.25,3
431.5,1.2452,-0.14009,0.031928,3,-48,5.372,920.75,3
431.6,1.2452,-0.14009,0.031928,3,-48,5.3843,920.75,3
431.65,1.2452,-0.14009,0.031928,3,-48,5.3689,920.75,3
431.75,0.94038,-0.01378,-0.10491,4,-62.5,0.73324,923.25,3
431.85,0.94038,-0.01378,-0.10491,3,-49,4.3949,922.25,3
432,0.91693,-0.01378,-0.11631,4,-61.5,4.8535,922.25,3
432.5,1.2335,-0.12861,0.020525,4,-61.5,5.3306,921.75,3
433,1.1397,-0.059712,-0.025087,4,-62.5,4.3841,922.75,3
433.1,1.1397,-0.059712,-0.025087,4,-62.5,5.7662,921.25,3
433.25,1.1397,-0.059712,-0.025087,3,-48,5.7325,920.25,3
433.35,1.1397,-0.059712,-0.025087,3,-48,5.7356,920.25,3
433.75,1.2335,-0.12861,0.031928,3,-51,0.053689,924.25,3
433.85,1.2335,-0.12861,0.031928,3,-51,0.050621,924.25,3
433.9,1.2335,-0.12861,0.031928,3,-48,5.3827,920.75,3
433.95,0.92865,0.0091865,-0.10491,4,-62.5,0.029146,920.75,3
434,0.92865,0.0091865,-0.10491,4,-63,3.8902,923.25,3
434.25,0.9052,-0.0022966,-0.093505,4,-62,4.8443,922.25,3
434.75,1.2101,-0.10565,0.020525,4,-63.5,0.28992,923.75,3
435,0.94038,0.0091865,-0.10491,3,-48.5,4.7001,921.75,3
435.5,1.1397,-0.059712,-0.0022806,4,-62.5,4.4317,922.75,3
435.58,1.1397,-0.059712,-0.0022806,4,-62.5,5.8659,921.25,3
435.75,1.1397,-0.059712,-0.0022806,3,-48.5,5.6957,920.25,3
435.85,1.1397,-0.059712,-0.0022806,3,-48.5,5.7202,920.25,3
436,0.92865,0.0091865,-0.10491,4,-63.5,6.1252,924.25,3
436.25,0.92865,0.0091865,-0.10491,4,-62.5,0.069029,920.75,3
436.5,0.92865,0.0091865,-0.10491,4,-62.5,0.082835,920.75,3
436.75,1.2804,-0.12861,0.043332,3,-49,4.3872,922.25,3
437,1.1983,-0.10565,0.020525,4,-64.5,2.0601,925.25,3
437.5,1.0694,-0.048229,-0.025087,4,-62.5,5.3398,921.75,3
437.75,1.0694,-0.048229,-0.025087,4,-64.5,1.6506,925.75,3
438,0.92865,-0.0022966,-0.10491,3,-48.5,4.9885,921.25,3
438.1,0.9052,-0.01378,-0.10491,3,-48.5,4.9946,921.25,3
438.13,0.9052,-0.01378,-0.10491,3,-48,5.6834,920.25,3
438.25,1.0928,-0.048229,-0.059296,3,-48.5,5.6681,920.25,3
438.5,1.2921,-0.15158,0.031928,4,-64,6.1144,924.25,3
438.75,0.91693,-0.0022966,-0.10491,3,-48.5,5.3444,920.75,3
439,0.9521,-0.01378,-0.093505,4,-63,0.82682,923.25,3
439.25,0.9521,-0.01378,-0.093505,3,-49,4.3734,922.25,3
439.35,0.91693,0.0091865,-0.082102,4,-64,2.1062,925.25,3
439.75,1.128,-0.071196,-0.025087,3,-48.5,4.6802,921.75,3
440,1.1749,-0.10565,-0.0022806,4,-64.5,1.6904,925.75,3
440.25,1.0459,-0.0022966,-0.059296,4,-62.5,5.8429,921.25,3
440.5,0.9052,-0.0022966,-0.10491,3,-48.5,5.6727,920.25,3
440.75,1.1397,-0.071196,-0.025087,4,-64,2.4943,924.75,3
441.25,1.2335,-0.11713,0.020525,4,-62.5,0.099709,920.75,3
441.5,0.92865,0.0091865,-0.093505,4,-62.5,3.9301,923.25,3
441.6,0.92865,0.0091865,-0.093505,4,-62,4.8873,922.25,3
442,1.0928,-0.059712,-0.03649,4,-63,3.4545,923.75,3
442.25,1.0928,-0.059712,-0.03649,3,-48.5,4.671,921.75,3
442.35,0.92865,-0.0022966,-0.10491,3,-48.5,4.6802,921.75,3
442.5,0.9521,0.0091865,-0.093505,4,-62.5,4.4685,922.75,3
442.75,0.9052,0.0091865,-0.11631,3,-48,4.9762,921.25,3
443,1.2218,-0.10565,0.031928,4,-63,0.62126,920.25,3
443.1,1.2218,-0.10565,0.031928,4,-62.5,0.60899,920.25,3
443.5,0.99901,0.02067,-0.070699,3,-51,0.003068,924.25,3
443.58,0.99901,0.02067,-0.070699,4,-63.5,6.0761,924.25,3
443.75,1.2687,-0.12861,0.043332,3,-50,3.7506,923.25,3
444,1.2452,-0.11713,0.031928,3,-49,4.3703,922.25,3
444.25,1.3273,-0.15158,0.066138,4,-64.5,5.1925,925.25,3
444.75,1.2687,-0.14009,0.031928,3,-48.5,4.6756,921.75,3
445.03,1.2101,-0.12861,0.031928,4,-64.5,1.6613,925.75,3
445.25,1.2687,-0.14009,0.043332,4,-62,2.7566,921.25,3
445.35,1.2687,-0.14009,0.043332,4,-63,0.61359,920.25,3
445.5,1.2687,-0.14009,0.043332,3,-48,5.6788,920.25,3
445.75,1.0107,-0.0022966,-0.070699,4,-64,5.6635,924.75,3
446,1.0342,-0.0022966,-0.070699,3,-48.5,5.3306,920.75,3
446.5,1.0928,-0.059712,-0.047893,3,-49,4.355,922.25,3
446.75,0.94038,-0.01378,-0.11631,4,-64,5.257,925.25,3
447,1.2335,-0.11713,0.020525,3,-48.5,4.6679,921.75,3
447.25,1.1045,-0.059712,-0.03649,4,-62.5,5.372,921.75,3
447.5,1.1045,-0.059712,-0.03649,3,-49.5,4.0543,922.75,3
447.6,0.92865,-0.0022966,-0.10491,3,-49.5,4.039,922.75,3
447.75,0.89348,-0.01378,-0.12771,3,-48,4.9992,921.25,3
447.85,1.1749,-0.082679,0.0091224,3,-48,5.6926,920.25,3
447.88,1.1749,-0.082679,0.0091224,3,-48,5.6895,920.25,3
448,1.1749,-0.082679,0.0091224,3,-48.5,5.6742,920.25,3
448.1,0.94038,-0.0022966,-0.10491,4,-63.5,2.4758,924.75,3
448.5,1.2218,-0.12861,0.020525,4,-62.5,0.096641,920.75,3
448.6,1.2218,-0.12861,0.020525,4,-62.5,0.10278,920.75,3
448.75,1.2218,-0.12861,0.020525,3,-50,3.746,923.25,3
449,0.94038,-0.0022966,-0.10491,3,-49,4.3764,922.25,3
449.5,1.128,-0.048229,-0.025087,4,-62,2.2856,921.75,3
449.6,1.128,-0.048229,-0.025087,4,-64.5,1.7334,925.75,3
449.75,1.128,-0.048229,-0.025087,3,-49.5,4.0466,922.75,3
450,0.97555,0.0091865,-0.093505,3,-49.5,4.0359,922.75,3
450.1,0.97555,0.0091865,-0.093505,3,-48,5.0115,921.25,3
450.25,1.0225,-0.0022966,-0.070699,3,-48.5,4.9793,921.25,3
450.35,0.99901,-0.0022966,-0.093505,3,-48.5,5.6512,920.25,3
450.5,1.2218,-0.11713,0.020525,4,-64,5.5883,924.75,3
450.75,1.2218,-0.11713,0.020525,3,-51,6.2663,924.25,3
451,1.0694,-0.025263,-0.03649,3,-48.5,5.329,920.75,3
451.1,1.0694,-0.025263,-0.03649,3,-48,5.349,920.75,3
451.13,1.0694,-0.025263,-0.03649,3,-48,5.3413,920.75,3
451.18,0.92865,-0.0022966,-0.10491,4,-62.5,3.9178,923.25,3
451.25,0.92865,-0.0022966,-0.10491,3,-49,4.3949,922.25,3
451.5,1.0225,-0.01378,-0.070699,3,-49,4.378,922.25,3
451.6,1.0225,-0.01378,-0.070699,3,-52,5.7632,925.25,3
451.75,0.97555,0.0091865,-0.093505,3,-50.5,0.30373,923.75,3
451.88,0.91693,-0.0022966,-0.10491,3,-48.5,4.6725,921.75,3
452,1.128,-0.082679,-0.03649,4,-62,5.3597,921.75,3
452.5,0.9521,0.0091865,-0.093505,4,-62,1.2885,922.75,3
452.6,0.9521,0.0091865,-0.093505,4,-62.5,5.8598,921.25,3
452.75,0.9521,0.0091865,-0.093505,4,-62.5,3.7659,920.25,3
452.85,0.9521,0.0091865,-0.093505,4,-63,0.62893,920.25,3
453.25,1.2452,-0.12861,0.043332,4,-63.5,6.0914,924.25,3
453.38,1.2452,-0.12861,0.043332,3,-48,5.329,920.75,3
453.5,1.2452,-0.12861,0.043332,3,-48,5.3367,920.75,3
453.6,1.1632,-0.094162,0.0091224,3,-50,3.7276,923.25,3
453.75,0.92865,0.0091865,-0.10491,4,-62,1.7365,922.25,3
454.5,0.92865,-0.01378,-0.12771,3,-48.5,4.6986,921.75,3
454.75,1.1632,-0.10565,-0.013684,4,-64.5,1.646,925.75,3
455,0.91693,-0.01378,-0.11631,3,-48.5,5.0069,921.25,3
455.25,0.92865,-0.01378,-0.10491,4,-62.5,0.60439,920.25,3
455.5,1.0694,-0.025263,-0.059296,4,-63.5,6.0945,924.25,3
456,0.9052,-0.01378,-0.10491,3,-50.5,3.7214,923.25,3
456.1,0.9052,-0.01378,-0.10491,3,-50.5,3.7276,923.25,3
456.25,0.9052,-0.01378,-0.11631,3,-49,4.3442,922.25,3
456.35,0.94038,0.0091865,-0.093505,4,-64.5,2.0601,925.25,3
456.5,0.94038,0.0091865,-0.093505,4,-63,0.28685,923.75,3
457,0.9521,-0.01378,-0.093505,4,-64.5,4.7538,925.75,3
457.25,0.98728,0.02067,-0.093505,4,-62.5,5.7754,921.25,3
457.5,0.98728,0.02067,-0.093505,4,-62,5.7754,921.25,3
457.75,0.98728,0.02067,-0.093505,4,-63,0.51695,920.25,3
457.85,0.98728,0.02067,-0.093505,4,-64,5.5852,924.75,3
458.25,1.0811,-0.0022966,-0.047893,4,-62.5,0.03835,920.75,3
458.35,1.0811,-0.0022966,-0.047893,4,-63,3.9101,923.25,3
458.5,1.0811,-0.0022966,-0.047893,3,-50,3.726,923.25,3
458.6,0.9052,-0.0022966,-0.11631,4,-62,4.8627,922.25,3
458.75,0.9052,-0.0022966,-0.11631,4,-64.5,5.1925,925.25,3
459,0.9052,-0.0022966,-0.11631,4,-63.5,0.29299,923.75,3
459.25,0.9052,-0.0022966,-0.11631,3,-48.5,4.6802,921.75,3
459.33,0.91693,0.0091865,-0.11631,3,-48.5,4.6679,921.75,3
459.38,0.91693,0.0091865,-0.11631,3,-48.5,4.6802,921.75,3
459.75,1.0811,-0.048229,-0.047893,4,-62.5,4.4025,922.75,3
460,1.0811,-0.048229,-0.047893,4,-62.5,5.8583,921.25,3
460.1,1.0811,-0.048229,-0.047893,4,-62.5,0.58445,920.25,3
460.5,1.1163,-0.071196,-0.025087,4,-62.5,0.041417,920.75,3
461,0.9521,-0.0022966,-0.093505,3,-50,3.7383,923.25,3
461.1,0.9521,-0.0022966,-0.093505,4,-63,3.8902,923.25,3
461.15,0.9521,-0.0022966,-0.093505,3,-49,4.3565,922.25,3
461.25,0.91693,0.0091865,-0.10491,4,-62.5,4.832,922.25,3
461.5,0.9521,-0.0022966,-0.082102,3,-51,0.28532,923.75,3
461.75,0.9521,-0.01378,-0.093505,3,-48.5,4.6924,921.75,3
462.25,1.3156,-0.15158,0.066138,4,-62.5,1.2318,922.75,3
462.35,1.3156,-0.15158,0.066138,3,-48.5,5.0008,921.25,3
462.5,0.91693,-0.0022966,-0.093505,3,-48,5.665,920.25,3
462.6,1.0811,-0.048229,-0.03649,3,-48.5,5.6635,920.25,3
462.65,1.0811,-0.048229,-0.03649,3,-51.5,6.0009,924.75,3
462.75,1.0811,-0.048229,-0.03649,4,-64,5.6098,924.75,3
463,1.0811,-0.048229,-0.03649,3,-51.5,6.2786,924.25,3
463.13,0.91693,-0.0022966,-0.11631,3,-48,5.3275,920.75,3
463.25,1.1163,-0.059712,-0.03649,3,-48.5,5.326,920.75,3
463.38,1.1514,-0.082679,-0.025087,3,-50,3.7245,923.25,3
463.5,1.1514,-0.082679,-0.025087,3,-49,4.3657,922.25,3
463.6,0.91693,-0.0022966,-0.10491,3,-49,4.358,922.25,3
463.75,1.4211,-0.17454,0.088944,4,-64.5,5.2048,925.25,3
464,1.4211,-0.17454,0.088944,3,-50.5,0.28072,923.75,3
464.25,0.91693,-0.01378,-0.12771,4,-65,1.6398,925.75,3
464.5,0.91693,-0.01378,-0.12771,3,-49.5,4.0344,922.75,3
464.6,0.91693,0.0091865,-0.10491,4,-62.5,4.335,922.75,3
464.75,0.91693,0.0091865,-0.10491,4,-62.5,5.7371,921.25,3
465,0.91693,0.0091865,-0.10491,3,-48,5.6665,920.25,3
465.1,0.91693,0.0091865,-0.10491,3,-48,5.6819,920.25,3
465.13,0.94038,0.0091865,-0.093505,4,-64,5.5591,924.75,3
465.25,0.94038,0.0091865,-0.093505,4,-64,6.0255,924.25,3
465.5,0.94038,0.0091865,-0.093505,3,-48.5,5.3183,920.75,3
465.6,0.91693,0.0091865,-0.11631,3,-48.5,5.329,920.75,3
466,0.91693,-0.0022966,-0.10491,3,-49,4.3427,922.25,3
466.25,0.97555,-0.0022966,-0.093505,4,-64.5,5.1971,925.25,3
466.5,0.92865,-0.0022966,-0.11631,4,-62,5.2968,921.75,3
466.63,0.92865,-0.0022966,-0.11631,4,-62.5,5.3183,921.75,3
467,0.92865,-0.0022966,-0.11631,3,-50,4.0313,922.75,3
467.1,0.94038,0.0091865,-0.10491,3,-49.5,4.0313,922.75,3
467.25,0.92865,-0.01378,-0.11631,3,-48.5,4.9747,921.25,3
467.35,1.1632,-0.071196,-0.013684,3,-48,5.665,920.25,3
467.38,1.1632,-0.071196,-0.013684,3,-48,5.6665,920.25,3
467.5,1.1632,-0.071196,-0.013684,3,-48.5,5.6589,920.25,3
467.6,0.94038,-0.0022966,-0.093505,4,-63.5,2.436,924.75,3
468,0.94038,-0.0022966,-0.082102,3,-48.5,5.326,920.75,3
468.1,1.1045,-0.036746,-0.013684,3,-48,5.3214,920.75,3
468.25,1.0928,-0.036746,-0.025087,4,-62,4.7569,922.25,3
468.5,1.0928,-0.036746,-0.025087,4,-62,4.7722,922.25,3
468.75,1.0928,-0.036746,-0.025087,4,-64,0.24083,923.75,3
469,1.0928,-0.036746,-0.025087,3,-48.5,4.6802,921.75,3
469.1,0.9052,-0.0022966,-0.10491,3,-48.5,4.6694,921.75,3
469.25,1.1632,-0.094162,0.0091224,4,-64.5,1.6552,925.75,3
469.5,1.1632,-0.094162,0.0091224,3,-49.5,4.0497,922.75,3
469.6,0.91693,-0.0022966,-0.10491,4,-62.5,5.8506,921.25,3
469.75,0.91693,-0.0022966,-0.10491,3,-48.5,4.9946,921.25,3
469.85,0.91693,-0.0022966,-0.10491,3,-48,5.01,921.25,3
469.88,1.2101,-0.11713,0.031928,4,-63,0.66728,920.25,3
470.5,1.2452,-0.12861,0.043332,3,-48.5,5.349,920.75,3
470.6,0.92865,0.02067,-0.082102,3,-50,3.746,923.25,3
470.75,0.92865,0.02067,-0.082102,3,-50,3.723,923.25,3
470.85,0.9052,-0.0022966,-0.093505,4,-62,4.8735,922.25,3
471.25,1.0107,0.0091865,-0.070699,3,-50.5,0.30986,923.75,3
471.35,1.0107,0.0091865,-0.070699,3,-50.5,0.29913,923.75,3
471.38,1.0107,0.0091865,-0.070699,4,-63,0.28225,923.75,3
471.5,1.0107,0.0091865,-0.070699,3,-48.5,4.6909,921.75,3
471.6,1.0107,0.0091865,-0.070699,3,-48.5,4.7155,921.75,3
471.63,0.91693,0.0091865,-0.082102,4,-62,5.3567,921.75,3
471.75,0.91693,0.0091865,-0.082102,3,-49.5,4.0451,922.75,3
472,1.0342,-0.0022966,-0.059296,4,-62.5,4.4393,922.75,3
472.08,1.0342,-0.0022966,-0.059296,3,-48.5,5.01,921.25,3
472.13,1.0342,-0.0022966,-0.059296,3,-48,5.0238,921.25,3
472.25,0.94038,0.0091865,-0.093505,4,-62.5,0.6274,920.25,3
472.5,0.94038,0.0091865,-0.093505,3,-51.5,5.9887,924.75,3
472.6,0.94038,0.0091865,-0.093505,3,-51.5,5.9887,924.75,3
473,0.9521,-0.01378,-0.093505,3,-48.5,5.3367,920.75,3
473.25,1.0459,-0.01378,-0.059296,3,-49,4.3565,922.25,3
473.5,1.3273,-0.15158,0.066138,4,-64,5.2109,925.25,3
473.75,1.3273,-0.15158,0.066138,3,-50.5,3.384,923.75,3
473.85,1.1632,-0.071196,-0.0022806,3,-48.5,4.6802,921.75,3
474.25,0.94038,0.0091865,-0.10491,4,-62.5,4.3795,922.75,3
474.5,0.94038,0.0091865,-0.10491,3,-48.5,5.0177,921.25,3
474.6,0.91693,0.0091865,-0.10491,4,-62.5,5.8491,921.25,3
474.75,0.91693,0.0091865,-0.10491,4,-63,3.6908,920.25,3
475,0.97555,-0.0022966,-0.082102,3,-51,0.026078,924.25,3
475.25,0.97555,-0.0022966,-0.082102,4,-63,2.8946,924.25,3
475.35,0.97555,-0.0022966,-0.082102,4,-62.5,0.067495,920.75,3
475.75,1.2687,-0.12861,0.043332,3,-49,4.3749,922.25,3
476,0.99901,0.0091865,-0.082102,3,-50.5,0.3068,923.75,3
476.1,0.99901,0.0091865,-0.082102,4,-63,0.34975,923.75,3
476.25,0.99901,0.0091865,-0.082102,4,-61.5,5.3797,921.75,3
476.5,0.9521,0.0091865,-0.10491,4,-62,4.3703,922.75,3
476.75,0.9521,0.0091865,-0.10491,4,-62,4.3734,922.75,3
477,0.9521,0.0091865,-0.10491,3,-48.5,4.9824,921.25,3
477.1,0.9521,0.0091865,-0.093505,4,-62.5,0.50468,920.25,3
477.25,0.9521,0.0091865,-0.093505,4,-63,0.54303,920.25,3
477.5,0.9521,0.0091865,-0.093505,4,-63.5,6.0101,924.25,3
477.75,0.9521,0.0091865,-0.093505,3,-48.5,5.329,920.75,3
477.85,0.9052,0.0091865,-0.11631,3,-48,5.3244,920.75,3
477.88,0.9052,0.0091865,-0.11631,3,-48,5.3367,920.75,3
477.93,0.9052,0.0091865,-0.11631,3,-48.5,5.3168,920.75,3
478,0.91693,0.0091865,-0.10491,3,-50.5,3.7322,923.25,3
478.1,0.91693,0.0091865,-0.10491,3,-50.5,3.749,923.25,3
478.15,0.91693,-0.0022966,-0.10491,3,-49,4.381,922.25,3
478.25,1.1163,-0.059712,-0.025087,4,-64,2.0417,925.25,3
478.75,1.1866,-0.094162,0.0091224,3,-48.5,4.6863,921.75,3
479,1.1045,-0.036746,-0.047893,4,-62,4.4209,922.75,3
479.25,1.1045,-0.036746,-0.047893,3,-48,5.0146,921.25,3
479.5,0.92865,0.0091865,-0.093505,4,-62,5.8552,921.25,3
479.6,0.92865,0.0091865,-0.093505,4,-62,0.61666,920.25,3
480,0.92865,0.02067,-0.10491,4,-63.5,6.0055,924.25,3
480.08,0.92865,0.02067,-0.10491,4,-62,0.044485,920.75,3
480.25,0.92865,0.02067,-0.10491,3,-48.5,5.3827,920.75,3
480.35,0.92865,0.0091865,-0.10491,4,-62,0.71023,923.25,3
480.5,0.92865,0.0091865,-0.10491,4,-61.5,4.8167,922.25,3
480.6,0.92865,0.0091865,-0.10491,3,-49,4.4071,922.25,3
480.75,0.9521,0.0091865,-0.082102,4,-64,2.0018,925.25,3
481,0.9521,0.0091865,-0.082102,3,-50.5,0.32981,923.75,3
481.1,0.9521,0.0091865,-0.082102,3,-48.5,4.7293,921.75,3
481.25,0.94038,0.0091865,-0.082102,3,-48.5,4.7078,921.75,3
481.5,1.1983,-0.11713,0.020525,4,-62,4.4117,922.75,3
481.75,1.1983,-0.11713,0.020525,4,-62,4.4225,922.75,3
481.85,1.1983,-0.11713,0.020525,4,-62,5.8782,921.25,3
482,1.1983,-0.11713,0.020525,4,-62,0.65961,920.25,3
482.5,0.96383,0.0091865,-0.082102,3,-48.5,5.3444,920.75,3
482.75,1.1983,-0.11713,0.0091224,4,-62.5,3.9024,923.25,3
483,1.1983,-0.11713,0.0091224,3,-49,4.3718,922.25,3
483.1,1.0225,0.0091865,-0.093505,4,-64,5.1465,925.25,3
483.25,1.0225,0.0091865,-0.093505,3,-50.5,0.28839,923.75,3
483.5,1.1866,-0.082679,0.0091224,3,-48.5,4.7216,921.75,3
484,1.3156,-0.16306,0.054735,4,-62,4.3504,922.75,3
484.1,1.3156,-0.16306,0.054735,4,-62,4.3412,922.75,3
484.25,1.3156,-0.16306,0.054735,4,-62.5,5.7754,921.25,3
484.5,1.3156,-0.16306,0.054735,3,-48.5,5.6834,920.25,3
484.6,1.3156,-0.16306,0.054735,3,-48,5.6987,920.25,3
485,0.92865,-0.0022966,-0.10491,3,-48,5.329,920.75,3
485.25,1.1983,-0.10565,0.0091224,3,-50,3.746,923.25,3
485.5,0.91693,-0.01378,-0.10491,3,-49,4.3626,922.25,3
485.63,0.91693,-0.01378,-0.10491,3,-48.5,4.3718,922.25,3
486,1.128,-0.071196,-0.013684,3,-50.5,3.4039,923.75,3
486.13,1.128,-0.071196,-0.013684,3,-48.5,4.6725,921.75,3
486.2,0.9052,0.0091865,-0.10491,3,-48.5,4.6771,921.75,3
486.25,1.3039,-0.14009,0.054735,3,-52,5.4886,925.75,3
486.3,1.3039,-0.14009,0.054735,3,-49.5,4.0344,922.75,3
486.5,0.99901,0.0091865,-0.082102,3,-49.5,4.0374,922.75,3
486.75,1.1632,-0.059712,-0.013684,3,-48,4.9931,921.25,3
486.85,1.1983,-0.10565,0.0091224,4,-62.5,0.55223,920.25,3
487.25,1.1749,-0.094162,0.0091224,4,-63.5,6.0086,924.25,3
487.5,1.1749,-0.094162,0.0091224,3,-48,5.3367,920.75,3
487.6,1.1749,-0.094162,0.0091224,3,-48,5.3475,920.75,3
487.75,0.98728,0.0091865,-0.082102,4,-62.5,0.72097,923.25,3
487.85,0.98728,0.0091865,-0.082102,3,-49,4.358,922.25,3
488,0.92865,-0.01378,-0.11631,4,-61.5,1.7257,922.25,3
488.25,0.92865,-0.01378,-0.11631,3,-50.5,0.27612,923.75,3
488.5,1.2218,-0.11713,0.020525,3,-48.5,4.6602,921.75,3
488.6,1.0811,-0.048229,-0.03649,3,-48.5,4.6802,921.75,3
488.75,1.3977,-0.17454,0.088944,4,-62,4.3335,922.75,3
489,1.3977,-0.17454,0.088944,3,-49.5,4.042,922.75,3
489.13,0.92865,-0.0022966,-0.10491,3,-48,4.987,921.25,3
489.25,1.2452,-0.11713,0.031928,4,-62.5,0.53229,920.25,3
489.35,1.2452,-0.11713,0.031928,4,-62.5,0.5507,920.25,3
489.75,0.92865,-0.0022966,-0.10491,4,-63.5,6.0454,924.25,3
490,0.92865,-0.0022966,-0.10491,3,-48.5,5.326,920.75,3
490.25,0.94038,0.0091865,-0.082102,3,-49,4.381,922.25,3
490.5,1.1983,-0.11713,0.020525,4,-63,0.33441,923.75,3
490.75,1.1983,-0.11713,0.020525,4,-63,3.4576,923.75,3
491,1.1983,-0.11713,0.020525,4,-62,5.3843,921.75,3
491.25,1.0928,-0.036746,-0.025087,4,-62,4.4209,922.75,3
491.5,1.0928,-0.036746,-0.025087,4,-62,5.8751,921.25,3
491.75,1.0928,-0.036746,-0.025087,3,-48.5,5.6773,920.25,3
491.85,0.9052,0.0091865,-0.093505,3,-48.5,5.6957,920.25,3
492.25,1.1045,-0.059712,-0.0022806,3,-48,5.8,920.75,3
492.5,1.2452,0.0091865,-0.0022806,4,-68,1.5064,923.25,3
492.75,1.2452,0.0091865,-0.0022806,1,-61,4.8627,925.25,3
495,0.1665,0.84746,0.48805,4,-60,5.8828,923.25,4
