0,0.36583,0.043636,1.2178,4,-56,6.2663,923.25,3
57.25,0.36583,0.043636,1.2178,4,-56,0.013806,922.25,3
60.75,0.41273,0.79004,0.25999,2,-50,1.6812,923.25,4
61,0.37756,1.0082,-0.20754,2,-49.5,0.30066,923.25,4
61.25,-0.13836,1.0197,0.24859,2,-51,3.0081,921.25,4
62.75,-0.36114,1.1116,0.031928,2,-52,5.8276,923.75,2
64,0.23685,1.0082,-0.20754,2,-54,6.231,925.75,2
64.5,0.23685,1.0082,-0.20754,2,-58.5,4.8182,922.25,2
65,0.23685,1.0082,-0.20754,2,-55.5,0.17948,923.75,2
67.75,0.18995,1.0082,-0.082102,2,-58,6.0562,923.75,2
69.25,0.18995,1.0082,-0.082102,2,-58.5,0.52922,922.75,2
70,0.18995,1.0082,-0.082102,2,-57,6.1927,923.75,2
71.5,0.18995,1.0082,-0.082102,2,-54,1.7717,925.75,2
72.25,0.18995,1.0082,-0.082102,2,-55,5.2585,925.25,2
77,0.2603,0.97377,-0.0022806,2,-55.5,1.9681,925.25,2
78.775,0.2603,0.97377,-0.0022806,2,-54,1.7533,925.75,2
79.5,0.2603,0.97377,-0.0022806,2,-55,2.4053,924.75,2
80.25,0.2603,0.97377,-0.0022806,2,-57.5,0.096641,923.25,2
81.75,0.2603,0.97377,-0.0022806,2,-54.5,1.9129,925.25,2
82,0.2603,0.97377,-0.0022806,2,-55,2.2534,924.75,2
82.75,0.2603,0.97377,-0.0022806,2,-57.5,0.15033,923.25,2
84.5,0.23685,0.98526,-0.013684,2,-57,6.0485,923.75,2
