0,0.2134,0.96229,0.10035,1,-59.5,5.3643,923.25,1
0.25,0.2134,0.96229,0.10035,1,-59.5,6.1375,922.25,1
1,0.2134,0.96229,0.10035,4,-57.5,0.15647,921.75,1
1.25,0.2134,0.96229,0.10035,4,-58,5.3996,922.75,1
1.5,0.2134,0.96229,0.10035,1,-59,0.60132,921.25,1
2,0.2134,0.96229,0.10035,3,-66,0.033748,924.25,1
2.75,0.23685,0.97377,0.10035,4,-57.5,6.0316,922.25,1
3.25,0.23685,0.97377,0.10035,4,-57.5,0.29913,921.75,1
3.75,0.23685,0.97377,0.10035,1,-60,5.3766,922.75,1
4,0.23685,0.97377,0.10035,4,-57,0.56144,921.25,1
4.25,0.23685,0.97377,0.10035,1,-60,1.2057,920.25,1
5,0.22513,1.0082,0.088944,4,-57.5,4.7185,923.25,1
5.25,0.22513,1.0082,0.088944,1,-65,0.26691,925.25,1
6.25,0.22513,1.0082,0.088944,1,-62,5.6052,922.75,1
6.75,0.22513,1.0082,0.088944,1,-61,1.3714,920.25,1
7.25,0.22513,1.0082,0.088944,1,-61,0.48014,920.75,1
8.75,0.2603,0.97377,0.19157,4,-57.5,5.3797,922.75,1
9,0.2603,0.97377,0.19157,4,-56,1.6552,920.25,1
9.5,0.2603,0.97377,0.19157,4,-58.5,3.9147,924.25,1
9.75,0.2603,0.97377,0.19157,1,-61.5,4.9087,923.25,1
10.5,0.2603,0.97377,0.19157,4,-57,4.1663,923.75,1
10.575,0.2603,0.97377,0.19157,4,-56.5,6.1835,921.75,1
11.25,0.27203,0.93932,0.27139,1,-62,5.9212,921.25,1
12.25,0.27203,0.93932,0.27139,4,-59,4.8658,923.25,1
13,0.27203,0.93932,0.27139,1,-59,4.6464,921.75,1
13.75,0.27203,0.93932,0.27139,4,-57,0.41111,921.25,1
14,0.27203,0.93932,0.27139,4,-56.5,4.4577,920.25,1
14.25,0.27203,0.93932,0.27139,4,-57,0.49548,924.25,1
15.25,0.42446,0.91636,0.317,4,-60,0.79153,923.75,1
16,0.42446,0.91636,0.317,4,-58,4.8504,922.75,1
16.25,0.42446,0.91636,0.317,4,-58,6.277,921.25,1
16.5,0.42446,0.91636,0.317,4,-60.5,2.7903,924.75,1
17,0.42446,0.91636,0.317,1,-57.5,0.46019,920.75,1
17.25,0.42446,0.91636,0.317,4,-56,5.3244,922.25,1
18.25,0.28376,0.95081,0.13456,1,-59,5.8567,922.75,1
18.5,0.28376,0.95081,0.13456,4,-57.5,0.41264,921.25,1
18.75,0.28376,0.95081,0.13456,4,-57,1.4051,920.25,1
19.25,0.28376,0.95081,0.13456,1,-59,4.6173,924.25,1
19.5,0.28376,0.95081,0.13456,1,-58.5,5.2922,923.25,1
19.75,0.28376,0.95081,0.13456,4,-57,5.2201,922.25,1
20.5,0.30721,0.93932,0.15736,1,-58.5,0.14726,921.75,1
21,0.30721,0.93932,0.15736,3,-63.5,4.289,922.75,1
21.25,0.30721,0.93932,0.15736,1,-58,1.5693,920.25,1
21.75,0.30721,0.93932,0.15736,3,-65,0.14726,924.25,1
22,0.30721,0.93932,0.15736,4,-58.5,1.2195,923.25,1
22.25,0.30721,0.93932,0.15736,4,-58,5.2907,922.25,1
22.75,0.30721,0.93932,0.15736,1,-57.5,0.38043,921.75,1
23.25,0.31893,0.97377,0.077541,1,-57.5,5.8598,922.75,1
23.5,0.31893,0.97377,0.077541,4,-58,0.044485,921.25,1
24,0.31893,0.97377,0.077541,1,-59.5,4.6495,924.25,1
24.5,0.31893,0.97377,0.077541,1,-59.5,5.4426,923.25,1
24.75,0.31893,0.97377,0.077541,3,-63.5,4.5789,922.25,1
25.25,0.31893,0.97377,0.077541,1,-57.5,1.3116,921.75,1
25.5,0.31893,0.97377,0.077541,1,-58.5,3.95,925.75,1
26,0.2603,0.98526,0.21438,4,-56.5,1.379,920.25,1
26.25,0.2603,0.98526,0.21438,4,-58.5,5.7294,924.75,1
26.5,0.2603,0.98526,0.21438,1,-57.5,4.7538,924.25,1
26.75,0.2603,0.98526,0.21438,4,-57,0.81148,920.75,1
27,0.2603,0.98526,0.21438,1,-57.5,5.7846,923.25,1
27.25,0.2603,0.98526,0.21438,4,-56.5,5.395,922.25,1
27.35,0.2603,0.98526,0.21438,4,-58.5,2.2457,925.25,1
27.5,0.2603,0.98526,0.21438,4,-57.5,0.8667,923.75,1
28,0.2603,0.99674,0.14596,1,-57,5.9703,922.75,1
28.25,0.2603,0.99674,0.14596,4,-56.5,0.23777,921.25,1
28.5,0.2603,0.99674,0.14596,1,-57,1.1674,921.25,1
28.575,0.2603,0.99674,0.14596,1,-59.5,4.4823,924.75,1
29.5,0.2603,0.99674,0.14596,1,-61.5,2.0095,923.25,1
30.25,0.2603,0.99674,0.14596,1,-60.5,0.9526,921.75,1
30.75,0.2603,0.99674,0.14596,4,-56.5,0.99095,921.25,1
31.25,0.2603,0.99674,0.14596,1,-63,5.0545,924.75,1
32.5,0.22513,0.97377,0.16876,4,-57,0.42491,921.75,1
33,0.22513,0.97377,0.16876,1,-61,0.03068,922.75,1
33.25,0.22513,0.97377,0.16876,1,-59.5,1.9466,920.25,1
34,0.22513,0.97377,0.16876,1,-60,1.3668,920.75,1
34.75,0.22513,0.97377,0.16876,3,-68.5,5.2892,925.25,1
35.75,0.30721,0.93932,0.20297,1,-60,2.1476,920.25,1
36.25,0.30721,0.93932,0.20297,4,-57,4.493,920.75,1
36.75,0.30721,0.93932,0.20297,4,-58,5.0514,923.25,1
37.25,0.30721,0.93932,0.20297,4,-58.5,4.5176,923.75,1
37.75,0.30721,0.93932,0.20297,1,-61.5,6.1467,922.75,1
38.25,0.30721,0.93932,0.20297,4,-57,1.6843,920.25,1
39.5,0.30721,0.93932,0.18017,1,-65,0.81148,925.25,1
40.25,0.30721,0.93932,0.18017,1,-63.5,5.7938,922.75,1
47.25,0.30721,0.93932,0.18017,1,-65.5,5.4886,921.75,1
48.5,0.30721,0.93932,0.18017,4,-57.5,1.1505,920.75,1
51,0.31893,0.93932,0.24859,1,-63.5,0.20709,920.75,1
51.5,0.31893,0.93932,0.24859,1,-60,5.9825,925.25,1
52,0.31893,0.93932,0.24859,1,-60.5,1.1029,921.75,1
52.5,0.31893,0.93932,0.24859,1,-60.5,0.26078,922.75,1
52.75,0.31893,0.93932,0.24859,4,-58.5,4.898,920.25,1
53,0.31893,0.93932,0.24859,1,-58,5.7202,924.75,1
53.5,0.31893,0.93932,0.24859,4,-58.5,0.11198,920.75,1
55,0.072698,0.88191,0.317,4,-56.5,1.7794,921.25,1
55.5,0.072698,0.88191,0.317,4,-58.5,4.1571,924.75,1
56,0.072698,0.88191,0.317,1,-60.5,1.6828,920.75,1
56.25,0.072698,0.88191,0.317,1,-64,3.7567,922.25,1
58.25,0.37756,0.88191,0.37402,4,-58,2.0923,920.75,1
58.75,0.37756,0.88191,0.37402,1,-59.5,1.0738,922.25,1
59.25,0.37756,0.88191,0.37402,1,-60,1.3361,921.75,1
60,0.37756,0.88191,0.37402,1,-60,1.6122,921.25,1
63.75,0.37756,0.88191,0.37402,1,-61.5,0.13039,922.25,1
64.75,0.37756,0.88191,0.37402,1,-61.5,0.2347,921.25,1
66,0.37756,0.88191,0.37402,4,-58.5,5.7785,923.25,1
67.25,0.40101,0.91636,0.23718,1,-61,0.37736,922.75,1
67.75,0.40101,0.91636,0.23718,1,-60.5,4.9824,924.75,1
68,0.40101,0.91636,0.23718,4,-56.5,1.9006,920.75,1
68.25,0.40101,0.91636,0.23718,1,-59,0.52462,923.25,1
68.75,0.40101,0.91636,0.23718,1,-60,5.1741,925.25,1
69,0.40101,0.91636,0.23718,4,-57,0.88971,921.75,1
69.5,0.40101,0.91636,0.23718,1,-58.5,0.80687,922.75,1
69.75,0.40101,0.91636,0.23718,4,-57,1.2103,921.25,1
71,0.2134,0.98526,0.19157,1,-56.5,1.4128,922.25,1
71.1,0.2134,0.98526,0.19157,1,-57.5,4.9317,925.25,1
71.5,0.2134,0.98526,0.19157,1,-58,5.9887,923.75,1
72,0.28376,0.93932,0.18017,1,-58,1.9251,921.25,1
72.25,0.28376,0.93932,0.18017,1,-59,5.961,920.25,1
72.75,0.28376,0.93932,0.18017,1,-58.5,5.7448,924.25,1
73.25,0.28376,0.93932,0.18017,4,-57,5.145,923.25,1
73.5,0.28376,0.93932,0.18017,4,-57,6.004,922.25,1
75.5,-0.33769,0.64076,0.18017,3,-64,5.7693,920.75,1
75.75,-0.33769,0.64076,0.18017,1,-57,1.8607,922.25,1
76,-0.33769,0.64076,0.18017,1,-58.5,5.8844,925.25,1
76.5,-0.33769,0.64076,0.18017,3,-57.5,0.75165,921.75,1
77,0.48309,0.89339,0.11175,3,-49.5,0.158,921.25,1
77.075,0.54171,0.81301,0.10035,4,-64.5,4.6786,921.25,1
77.25,0.54171,0.81301,0.10035,3,-48,6.1144,920.25,1
77.325,0.68242,0.67521,0.031928,3,-51.5,5.9196,924.75,1
77.5,0.8583,0.51445,0.12315,4,-60,1.985,924.25,1
77.75,0.8583,0.51445,0.12315,1,-59.5,1.939,924.25,1
77.85,0.8583,0.51445,0.12315,4,-58.5,5.1235,920.75,1
78,0.8583,0.51445,0.12315,4,-59.5,5.9779,923.25,1
78.25,0.94038,0.28478,0.054735,3,-50.5,0.41417,922.25,3
78.325,0.94038,0.28478,0.054735,4,-60.5,4.1755,922.25,3
78.5,0.94038,0.28478,0.054735,4,-61,1.5877,925.25,3
79.25,1.1163,0.02067,0.12315,4,-59.5,3.8365,922.75,3
79.35,1.1163,0.02067,0.12315,4,-60.5,0.4694,922.75,3
79.5,1.1163,0.02067,0.12315,3,-50,5.6727,921.25,3
80.5,0.99901,-0.025263,-0.025087,4,-61,0.033748,923.25,3
80.6,0.99901,-0.025263,-0.025087,1,-65.5,1.9282,922.25,3
81.25,1.2335,-0.12861,0.15736,4,-61.5,4.6449,921.75,3
81.5,1.2335,-0.12861,0.15736,3,-50,4.493,922.75,3
81.75,1.2335,-0.12861,0.15736,4,-62,0.50928,922.75,3
82,0.99901,0.02067,0.0091224,4,-61.5,5.1465,921.25,3
82.25,0.99901,0.02067,0.0091224,3,-49.5,5.9043,920.25,3
82.5,1.0107,-0.025263,0.020525,4,-63,5.3965,924.25,3
83,0.96383,-0.01378,-0.013684,3,-51.5,0.89738,923.25,3
83.25,0.91693,-0.01378,-0.025087,4,-61.5,4.1233,922.25,3
83.5,0.91693,-0.01378,-0.025087,4,-62.5,5.7984,923.75,3
83.75,0.91693,-0.01378,-0.025087,3,-50,5.0223,921.75,3
84,1.1749,-0.11713,0.11175,4,-64.5,0.95567,925.75,3
84.25,0.9521,-0.01378,-0.013684,3,-49.5,5.2631,921.25,3
84.35,0.9521,-0.01378,-0.013684,4,-61.5,5.349,921.25,3
84.5,1.1397,-0.082679,0.077541,4,-62.5,0.049087,920.25,3
85,1.1397,-0.082679,0.077541,4,-62,2.3424,924.25,3
85.25,1.2452,-0.14009,0.12315,3,-51,0.92806,923.25,3
85.5,1.1163,-0.082679,0.054735,4,-61,4.3044,922.25,3
85.75,1.1163,-0.082679,0.054735,4,-62,5.9074,923.75,3
86,1.1163,-0.082679,0.054735,4,-61.5,4.786,921.75,3
86.25,1.1163,-0.082679,0.054735,3,-49.5,4.99,921.75,3
86.75,0.99901,-0.01378,0.020525,4,-61.5,5.2585,921.25,3
87,0.9052,-0.0022966,-0.025087,3,-49.5,5.9058,920.25,3
87.25,1.0107,-0.0022966,0.020525,4,-62.5,2.324,924.25,3
87.5,1.0107,-0.0022966,0.020525,3,-49,5.5269,920.75,3
87.75,1.128,-0.082679,0.066138,4,-62.5,0.088971,923.25,3
88.25,1.1163,-0.071196,0.054735,4,-64.5,1.4358,925.25,3
88.35,1.1163,-0.071196,0.054735,4,-62,2.709,923.75,3
88.5,1.1163,-0.071196,0.054735,3,-49.5,4.8873,921.75,3
88.75,0.97555,0.02067,0.054735,4,-64.5,0.9526,925.75,3
89,0.97555,0.02067,0.054735,4,-62,0.55837,922.75,3
89.25,0.91693,-0.01378,-0.013684,3,-50,5.1925,921.25,3
89.35,0.91693,-0.01378,-0.013684,4,-62,6.1497,920.25,3
89.75,0.92865,-0.01378,-0.0022806,4,-63,1.8178,924.75,3
90,0.92865,-0.025263,-0.0022806,3,-49.5,5.4656,920.75,3
90.25,1.1749,-0.10565,0.11175,4,-62.5,3.1707,923.25,3
90.75,1.1632,-0.094162,0.10035,4,-63.5,1.3714,925.25,3
90.85,1.1632,-0.094162,0.10035,4,-62.5,2.6891,923.75,3
91.25,0.92865,-0.01378,0.0091224,4,-64,4.0558,925.75,3
91.75,0.92865,-0.025263,-0.025087,3,-49.5,5.214,921.25,3
91.875,0.92865,-0.025263,-0.025087,4,-62.5,6.119,920.25,3
92,1.0342,-0.036746,0.043332,4,-63,1.7733,924.75,3
92.25,1.0342,-0.036746,0.043332,4,-62.5,2.2059,924.25,3
92.5,0.92865,-0.0022966,-0.013684,3,-51,3.973,923.25,3
92.6,0.92865,-0.0022966,-0.013684,4,-63,6.2632,923.25,3
92.75,0.92865,-0.0022966,-0.013684,3,-50,4.5682,922.25,3
93,0.89348,-0.01378,-0.0022806,3,-50,4.582,922.25,3
93.25,1.3859,-0.20899,0.19157,4,-63,5.7862,923.75,3
93.5,1.3859,-0.20899,0.19157,3,-49.5,4.8735,921.75,3
93.6,0.9521,-0.01378,-0.013684,3,-49.5,4.875,921.75,3
93.75,0.99901,0.0091865,0.020525,4,-62.5,3.5834,922.75,3
94,0.99901,0.0091865,0.020525,3,-49.5,5.2524,921.25,3
94.25,0.98728,-0.0022966,0.0091224,3,-49.5,5.2554,921.25,3
94.5,0.98728,-0.01378,0.0091224,4,-63.5,1.7242,924.75,3
94.75,0.98728,-0.01378,0.0091224,4,-63.5,5.3198,924.25,3
95,0.98728,-0.01378,0.0091224,3,-49.5,5.4809,920.75,3
95.075,0.98728,-0.01378,-0.0022806,4,-62.5,0.049087,923.25,3
95.25,0.98728,-0.01378,-0.0022806,4,-62,4.2138,922.25,3
95.5,0.98728,-0.01378,-0.0022806,4,-64,1.3162,925.25,3
96,1.1397,-0.082679,0.054735,1,-66,4.7538,921.75,3
96.25,1.1397,-0.082679,0.054735,4,-62,3.6064,922.75,3
96.5,0.91693,0.0091865,0.0091224,4,-62,5.0913,921.25,3
97,0.91693,-0.01378,-0.013684,4,-63.5,2.2105,924.25,3
97.5,1.1163,-0.071196,0.054735,4,-62,5.6282,920.75,3
97.575,1.1163,-0.071196,0.054735,4,-62,1.0201,922.25,3
97.75,1.1163,-0.071196,0.054735,4,-62,4.1663,922.25,3
98.25,1.1045,-0.071196,0.066138,4,-63,5.8261,923.75,3
98.5,1.1045,-0.071196,0.066138,3,-49.5,4.8719,921.75,3
98.6,1.1045,-0.071196,0.066138,4,-62,4.6372,921.75,3
98.75,0.96383,-0.01378,-0.0022806,3,-50,4.3166,922.75,3
99.25,1.0107,-0.01378,0.020525,4,-63.5,4.8735,924.75,3
99.75,1.0107,-0.01378,0.031928,3,-49.5,5.5039,920.75,3
100,0.99901,-0.0022966,-0.0022806,4,-63,6.2494,923.25,3
100.1,0.99901,-0.0022966,-0.0022806,4,-62,4.1371,922.25,3
100.5,0.94038,-0.0022966,-0.0022806,4,-64,1.3484,925.25,3
100.75,0.94038,-0.0022966,-0.0022806,4,-63,5.7984,923.75,3
101,0.9052,-0.01378,-0.013684,4,-64.5,4.0344,925.75,3
101.25,0.9052,-0.01378,-0.013684,3,-50.5,4.2629,922.75,3
101.38,0.98728,0.0091865,0.0091224,4,-62,5.0652,921.25,3
101.5,0.91693,0.0091865,-0.0022806,3,-49.5,5.8583,920.25,3
102,1.3039,-0.15158,0.15736,3,-49.5,5.5116,920.75,3
102.25,1.1983,-0.11713,0.11175,3,-51,3.9607,923.25,3
102.35,1.1983,-0.11713,0.11175,4,-62.5,6.277,923.25,3
102.75,1.257,-0.12861,0.12315,4,-63.5,4.4654,925.25,3
103.25,1.1749,-0.11713,0.088944,3,-49.5,4.855,921.75,3
103.5,0.97555,-0.0022966,0.0091224,3,-50.5,4.309,922.75,3
103.58,0.97555,-0.0022966,0.0091224,3,-50.5,4.3136,922.75,3
104,1.1045,-0.12861,0.054735,4,-61,5.145,921.25,3
104.25,0.94038,-0.048229,-0.03649,3,-53,0.16567,924.75,3
104.5,0.9052,-0.01378,0.10035,3,-50,5.8797,920.75,3
104.58,0.9052,-0.01378,0.10035,4,-61,6.073,920.75,3
105.75,1.2335,-0.16306,0.054735,4,-61,4.6142,921.75,3
106,1.1866,-0.10565,0.088944,4,-61.5,3.6156,922.75,3
106.25,1.1866,-0.10565,0.088944,4,-61.5,5.013,921.25,3
106.75,1.2218,-0.17454,0.088944,4,-63,1.6935,924.75,3
107.5,0.92865,-0.036746,-0.070699,3,-50.5,5.0468,922.25,3
107.6,0.92865,-0.036746,-0.070699,4,-61.5,4.0267,922.25,3
107.65,0.92865,-0.036746,-0.070699,4,-63.5,1.2303,925.25,3
108,0.94038,-0.048229,-0.082102,4,-62.5,5.7033,923.75,3
108.25,0.94038,-0.048229,-0.082102,4,-61.5,4.5989,921.75,3
108.5,0.94038,-0.048229,-0.082102,4,-61.5,3.5818,922.75,3
108.75,0.94038,-0.036746,-0.059296,3,-50.5,5.5653,921.25,3
108.85,0.94038,-0.036746,-0.059296,4,-61.5,5.0897,921.25,3
108.9,0.94038,-0.036746,-0.059296,4,-62.5,6.0715,920.25,3
109.25,0.97555,-0.048229,-0.03649,3,-52,0.67188,924.25,3
109.5,0.97555,-0.048229,-0.03649,4,-62,5.5637,920.75,3
109.75,0.99901,-0.036746,-0.03649,4,-62,6.2632,923.25,3
109.83,0.99901,-0.036746,-0.03649,4,-61.5,0.97868,922.25,3
110.25,1.0811,-0.094162,0.0091224,4,-62,2.6507,923.75,3
110.75,0.9521,-0.036746,-0.047893,4,-64,0.9388,925.75,3
111.25,0.96383,-0.071196,-0.047893,4,-62.5,6.1037,920.25,3
111.75,1.3742,-0.22048,0.12315,4,-62.5,2.1859,924.25,3
112,1.3742,-0.22048,0.12315,3,-50,5.4763,920.75,3
112.13,1.3742,-0.22048,0.12315,4,-62,5.5745,920.75,3
112.25,0.96383,-0.01378,-0.025087,4,-62,4.2062,922.25,3
112.75,1.339,-0.17454,0.20297,4,-63,5.912,923.75,3
113.25,0.91693,-0.0022966,0.031928,4,-62,3.7659,922.75,3
113.5,0.91693,-0.0022966,0.031928,4,-61,5.1557,921.25,3
113.75,0.91693,-0.0022966,0.031928,3,-51.5,5.7708,920.25,3
113.88,0.91693,-0.0022966,0.031928,4,-61.5,0.036816,920.25,3
114.25,0.94038,-0.0022966,0.031928,4,-61,5.5085,924.25,3
114.33,0.94038,-0.0022966,0.031928,4,-60,5.7156,920.75,3
115.25,1.0225,-0.01378,0.020525,4,-62,5.8521,923.75,3
115.5,1.2804,-0.14009,0.11175,4,-64,4.1203,925.75,3
116,1.1866,-0.11713,0.10035,3,-50.5,5.2554,921.25,3
116.1,1.1866,-0.11713,0.10035,4,-61.5,5.2002,921.25,3
116.75,1.0459,-0.071196,-0.0022806,4,-61.5,2.281,924.25,3
117.25,1.257,-0.17454,0.088944,4,-61.5,4.1264,922.25,3
117.35,1.257,-0.17454,0.088944,4,-63,1.3729,925.25,3
117.75,1.0342,-0.025263,-0.025087,3,-50.5,4.9011,921.75,3
118,0.92865,-0.01378,-0.025087,4,-63.5,4.0727,925.75,3
118.25,0.92865,-0.01378,-0.025087,3,-51,4.3857,922.75,3
118.38,0.99901,-0.01378,-0.013684,3,-50,5.2677,921.25,3
118.5,0.99901,-0.01378,-0.013684,4,-61,5.102,921.25,3
118.58,0.99901,-0.01378,-0.013684,4,-61.5,6.093,920.25,3
119,1.1514,-0.10565,0.054735,4,-62,5.3981,924.25,3
119.25,1.128,-0.10565,0.054735,3,-50,5.5392,920.75,3
119.5,1.2921,-0.17454,0.11175,4,-62,1.0324,922.25,3
119.75,1.2921,-0.17454,0.11175,4,-63.5,4.5252,925.25,3
120,1.2921,-0.17454,0.11175,4,-62.5,2.6538,923.75,3
120.25,1.2921,-0.17454,0.11175,4,-61.5,4.6342,921.75,3
120.5,1.3156,-0.15158,0.13456,4,-61.5,3.6447,922.75,3
121,0.91693,-0.01378,-0.025087,3,-50,5.3183,921.25,3
121.13,0.91693,-0.01378,-0.025087,4,-62,6.1037,920.25,3
121.25,0.91693,-0.01378,-0.025087,4,-61.5,6.1037,920.25,3
121.38,0.91693,-0.01378,-0.025087,4,-62.5,5.3321,924.25,3
121.75,1.0576,-0.036746,0.031928,3,-50.5,5.5791,920.75,3
122.25,1.1163,-0.10565,0.043332,3,-50.5,4.6372,922.25,3
122.33,1.1163,-0.10565,0.043332,4,-63.5,1.3668,925.25,3
122.75,1.2335,-0.12861,0.11175,4,-61.5,4.6495,921.75,3
123,1.2335,-0.12861,0.11175,4,-62,3.6601,922.75,3
123.25,0.99901,-0.01378,-0.0022806,4,-61.5,5.0821,921.25,3
123.5,0.99901,-0.01378,-0.0022806,3,-50.5,5.8721,920.25,3
124,1.0107,-0.0022966,-0.0022806,4,-62.5,5.3521,924.25,3
124.1,1.0107,-0.0022966,-0.0022806,4,-62,5.5776,920.75,3
124.25,1.0107,-0.0022966,-0.0022806,1,-65,0.99862,923.25,3
124.5,0.9521,-0.025263,-0.025087,4,-62,4.1709,922.25,3
125.5,1.2804,-0.15158,0.12315,3,-51.5,1.2364,922.75,3
125.6,1.2804,-0.15158,0.12315,4,-62.5,0.53843,922.75,3
125.75,0.9052,-0.01378,-0.03649,3,-50.5,5.2585,921.25,3
126,0.99901,-0.01378,-0.013684,4,-62.5,6.0991,920.25,3
126.5,1.2335,-0.14009,0.11175,3,-50.5,5.5453,920.75,3
126.6,1.2335,-0.14009,0.11175,3,-50.5,5.5545,920.75,3
126.75,0.9521,-0.01378,-0.025087,4,-62.5,0.036816,923.25,3
127,0.9521,-0.01378,-0.025087,3,-50.5,4.6602,922.25,3
127.08,0.92865,-0.025263,-0.03649,4,-64,4.5252,925.25,3
127.25,0.92865,-0.025263,-0.03649,4,-63,2.7044,923.75,3
127.5,0.92865,-0.025263,-0.03649,3,-50.5,4.9655,921.75,3
127.75,0.98728,-0.01378,-0.025087,4,-64.5,0.98635,925.75,3
128,0.98728,-0.01378,-0.025087,1,-66.5,4.5621,922.75,3
128.25,0.98728,-0.01378,-0.025087,4,-61.5,5.099,921.25,3
128.33,0.98728,-0.01378,-0.025087,3,-50.5,5.869,920.25,3
128.5,1.2218,-0.15158,0.10035,3,-53,0.041417,924.75,3
128.75,1.2218,-0.15158,0.10035,3,-53,0.30526,924.25,3
129,1.257,-0.14009,0.11175,4,-61.5,5.5791,920.75,3
129.75,1.0225,-0.036746,0.0091224,4,-62.5,5.8015,923.75,3
130,1.0225,-0.036746,0.0091224,4,-61.5,4.6602,921.75,3
130.5,0.91693,-0.025263,-0.03649,3,-50.5,5.2324,921.25,3
130.6,0.91693,-0.025263,-0.03649,4,-61,5.1634,921.25,3
130.75,0.89348,-0.01378,-0.047893,4,-61.5,6.1911,920.25,3
131,0.89348,-0.01378,-0.047893,4,-62.5,1.8699,924.75,3
131.25,0.89348,-0.01378,-0.047893,4,-62.5,2.2994,924.25,3
131.75,0.92865,-0.025263,-0.03649,3,-50.5,4.6434,922.25,3
131.85,0.92865,-0.025263,-0.03649,4,-61.5,4.0973,922.25,3
132.75,1.128,-0.082679,0.043332,4,-62,3.677,922.75,3
133,0.91693,-0.01378,-0.03649,3,-50.5,5.1925,921.25,3
133.5,1.128,-0.082679,0.031928,1,-62.5,6.0516,924.75,3
134.25,1.2335,-0.14009,0.10035,3,-50.5,4.6434,922.25,3
134.35,1.2335,-0.14009,0.10035,4,-61.5,4.1602,922.25,3
135.25,1.1163,-0.082679,0.031928,4,-62,0.53229,922.75,3
135.35,1.1163,-0.082679,0.031928,3,-51,4.3274,922.75,3
135.5,1.0107,-0.048229,-0.0022806,4,-62,5.1388,921.25,3
136,0.9521,-0.025263,-0.025087,4,-63,1.8607,924.75,3
136.25,0.96383,-0.01378,-0.013684,4,-62.5,5.6251,920.75,3
136.5,0.96383,-0.01378,-0.013684,4,-62.5,0.10738,923.25,3
136.6,0.96383,-0.01378,-0.013684,4,-62,4.2415,922.25,3
137.25,0.9521,-0.025263,-0.047893,3,-52,0.59058,923.75,3
137.33,0.9521,-0.025263,-0.047893,4,-61.5,1.5892,921.75,3
137.5,1.0811,-0.048229,0.020525,4,-64,1.0109,925.75,3
137.75,1.0811,-0.048229,0.020525,4,-62,3.7583,922.75,3
138,1.0811,-0.048229,0.020525,3,-50.5,5.2247,921.25,3
138.08,0.92865,-0.025263,-0.025087,3,-50,5.8797,920.25,3
138.13,0.92865,-0.025263,-0.025087,4,-63,6.1681,920.25,3
139,1.1163,-0.071196,0.054735,4,-62,0.069029,923.25,3
139.5,1.2335,-0.12861,0.10035,4,-63,4.5283,925.25,3
139.75,0.94038,-0.025263,-0.03649,4,-61.5,4.6924,921.75,3
139.83,0.94038,-0.025263,-0.03649,4,-63.5,4.1249,925.75,3
140.5,1.1163,-0.071196,0.031928,4,-61.5,5.1526,921.25,3
140.75,0.94038,-0.01378,-0.03649,4,-63,4.9317,924.75,3
141.25,1.0811,-0.036746,0.031928,4,-62,5.5975,920.75,3
141.5,1.1514,-0.094162,0.054735,3,-50.5,4.6265,922.25,3
141.6,1.1514,-0.094162,0.054735,3,-50.5,4.6204,922.25,3
142,1.0694,-0.048229,0.031928,3,-50.5,4.9057,921.75,3
142.25,1.0694,-0.048229,0.031928,4,-61.5,4.6909,921.75,3
142.75,1.3039,-0.15158,0.13456,3,-50,5.2217,921.25,3
143,0.92865,-0.01378,-0.03649,4,-62.5,6.1022,920.25,3
143.25,1.0225,-0.01378,-0.0022806,4,-62,2.2841,924.25,3
143.5,1.0225,-0.01378,-0.0022806,3,-50.5,5.7555,920.75,3
143.63,1.0225,-0.01378,-0.0022806,4,-61,5.6527,920.75,3
143.75,1.0342,-0.025263,-0.0022806,4,-61,0.018408,923.25,3
144.25,0.94038,-0.036746,-0.047893,4,-62.5,1.2793,925.25,3
144.75,0.99901,-0.01378,-0.03649,4,-60.5,4.6388,921.75,3
145,0.94038,-0.025263,-0.070699,1,-63,1.2579,922.75,3
145.5,1.2218,-0.15158,0.066138,4,-61,6.1037,920.25,3
145.6,1.2218,-0.15158,0.066138,1,-63.5,2.7673,924.75,3
146,0.91693,-0.025263,-0.059296,4,-61.5,6.185,923.25,3
146.25,0.91693,-0.025263,-0.059296,3,-51,4.8873,922.25,3
146.35,0.91693,-0.025263,-0.059296,4,-60.5,4.0666,922.25,3
146.75,1.2687,-0.15158,0.10035,1,-63.5,0.42491,923.75,3
147,1.2687,-0.15158,0.10035,4,-60.5,4.5437,921.75,3
147.08,1.2687,-0.15158,0.10035,4,-60.5,4.5452,921.75,3
147.5,1.0225,-0.01378,-0.025087,4,-61,3.5818,922.75,3
147.6,1.0225,-0.01378,-0.025087,4,-60.5,5.0284,921.25,3
147.75,1.0225,-0.01378,-0.025087,3,-51,6.208,920.25,3
148.25,1.0811,-0.071196,-0.013684,4,-62,2.143,924.25,3
148.5,1.0811,-0.071196,-0.013684,4,-61,5.5545,920.75,3
148.75,0.91693,-0.025263,-0.059296,4,-61,4.1141,922.25,3
149.5,1.1045,-0.071196,0.020525,4,-60.5,4.605,921.75,3
150,0.94038,-0.01378,-0.047893,4,-60.5,5.0299,921.25,3
150.25,0.96383,-0.01378,-0.03649,4,-61.5,6.0147,920.25,3
150.5,0.96383,-0.01378,-0.03649,4,-62,1.6751,924.75,3
151,1.257,-0.16306,0.088944,4,-61.5,6.1758,923.25,3
151.25,1.257,-0.16306,0.088944,4,-61,4.0758,922.25,3
151.75,1.1163,-0.094162,0.031928,4,-61.5,2.5924,923.75,3
152,1.128,-0.082679,0.043332,4,-63,0.82835,925.75,3
152.25,1.128,-0.082679,0.043332,3,-51,4.5912,922.75,3
152.5,1.2335,-0.11713,0.088944,3,-51,5.5131,921.25,3
152.6,1.2335,-0.11713,0.088944,4,-60,5.0223,921.25,3
153,0.91693,-0.025263,-0.047893,4,-61.5,1.6935,924.75,3
154.5,1.2687,-0.16306,0.088944,4,-60.5,1.4573,921.75,3
154.75,1.2687,-0.16306,0.088944,4,-61,3.6018,922.75,3
155,0.96383,-0.01378,-0.025087,4,-60.5,5.0759,921.25,3
155.5,1.0694,-0.059712,0.0091224,1,-62.5,2.8348,924.75,3
155.58,1.0694,-0.059712,0.0091224,4,-62,5.3904,924.25,3
155.75,1.0694,-0.059712,0.0091224,4,-61.5,5.6052,920.75,3
156,1.1749,-0.12861,0.066138,3,-50.5,4.6786,922.25,3
156.25,1.1749,-0.12861,0.066138,4,-61.5,4.1279,922.25,3
156.75,0.9052,-0.01378,-0.03649,4,-61.5,4.5881,921.75,3
157.25,1.2335,-0.15158,0.077541,3,-50,5.28,921.25,3
157.5,0.9052,-0.036746,-0.047893,3,-50.5,5.9411,920.25,3
157.58,0.9052,-0.036746,-0.047893,3,-50.5,5.9227,920.25,3
157.75,0.94038,-0.025263,-0.047893,3,-50.5,5.9304,920.25,3
158,1.0928,-0.059712,0.020525,4,-62.5,2.2074,924.25,3
158.5,1.1983,-0.12861,0.066138,3,-50.5,4.6863,922.25,3
158.6,1.1983,-0.12861,0.066138,3,-50.5,4.6878,922.25,3
158.75,0.96383,-0.025263,-0.03649,4,-63,1.3361,925.25,3
159.25,1.1983,-0.14009,0.088944,3,-53.5,5.7785,925.75,3
159.35,1.1983,-0.14009,0.088944,4,-63.5,0.91118,925.75,3
159.75,1.1045,-0.071196,0.020525,4,-61.5,5.0944,921.25,3
160,1.1045,-0.071196,0.020525,1,-63.5,3.5604,920.25,3
160.25,1.1045,-0.071196,0.020525,4,-63,4.875,924.75,3
160.75,1.0811,-0.059712,0.031928,1,-62,1.0293,923.25,3
161,1.0811,-0.059712,0.031928,3,-50.5,4.7032,922.25,3
161.1,1.0811,-0.059712,0.031928,3,-50.5,4.6955,922.25,3
161.15,1.0811,-0.059712,0.031928,4,-61.5,4.1586,922.25,3
161.25,1.2687,-0.16306,0.12315,4,-62,2.6737,923.75,3
161.75,0.91693,-0.025263,-0.059296,4,-61.5,4.6449,921.75,3
162.25,1.1397,-0.094162,0.054735,3,-50.5,5.8966,920.25,3
162.75,0.94038,-0.036746,-0.059296,4,-62.5,2.235,924.25,3
163.25,1.1632,-0.10565,0.066138,3,-51,4.0697,923.25,3
163.75,1.0694,-0.059712,0.020525,3,-52,3.769,923.75,3
164.25,1.1514,-0.10565,0.043332,3,-51,4.3841,922.75,3
164.5,0.98728,-0.025263,-0.025087,4,-62,0.5461,922.75,3
165,1.1514,-0.11713,0.054735,4,-62.5,1.8132,924.75,3
165.5,1.1514,-0.10565,0.054735,3,-51,4.0789,923.25,3
165.75,1.1514,-0.10565,0.054735,3,-51,4.0727,923.25,3
165.83,0.94038,-0.025263,-0.03649,4,-61.5,4.1709,922.25,3
166,0.94038,-0.025263,-0.03649,4,-61.5,4.1556,922.25,3
166.25,0.99901,-0.0022966,-0.025087,1,-62,2.2902,921.75,3
166.75,1.1866,-0.10565,0.077541,3,-50.5,4.3764,922.75,3
166.85,1.1866,-0.10565,0.077541,3,-50.5,4.3718,922.75,3
167,1.1866,-0.10565,0.077541,1,-61.5,1.4696,922.75,3
167.25,1.0107,-0.036746,-0.03649,4,-62.5,6.1344,920.25,3
167.5,1.0107,-0.036746,-0.03649,4,-63,4.9394,924.75,3
167.75,1.0107,-0.036746,-0.03649,3,-50.5,5.5929,920.75,3
168.25,1.2687,-0.15158,0.10035,3,-50.5,4.7109,922.25,3
168.5,1.2687,-0.15158,0.10035,1,-60.5,1.7763,922.25,3
168.58,1.2687,-0.15158,0.10035,4,-62,5.7217,923.75,3
169,0.92865,0.0091865,-0.03649,4,-60.5,4.559,921.75,3
169.75,1.1749,-0.12861,0.054735,4,-60,6.0377,920.25,3
169.88,1.1749,-0.12861,0.054735,4,-60.5,6.0792,920.25,3
170,1.1749,-0.12861,0.054735,4,-61,1.7533,924.75,3
170.75,0.92865,-0.036746,-0.03649,4,-59.5,0.92346,922.25,3
171,1.257,-0.12861,0.11175,3,-52.5,3.9531,923.75,3
171.13,1.257,-0.12861,0.11175,4,-61,2.5648,923.75,3
171.5,0.94038,-0.036746,-0.047893,4,-63.5,0.90812,925.75,3
172,1.2804,-0.17454,0.10035,4,-60,5.079,921.25,3
172.5,1.2335,-0.15158,0.077541,4,-61,2.0356,924.25,3
173,1.0811,-0.059712,0.0091224,4,-61,6.1375,923.25,3
173.5,1.2921,-0.17454,0.11175,4,-63,1.2088,925.25,3
173.75,1.2921,-0.17454,0.11175,4,-60.5,4.4624,921.75,3
174.25,1.0576,-0.036746,-0.0022806,4,-60.5,4.9808,921.25,3
174.75,0.99901,-0.025263,-0.025087,4,-61.5,6.0163,920.25,3
174.85,0.99901,-0.025263,-0.025087,3,-52,3.8089,924.75,3
175,1.4094,-0.0022966,0.066138,1,-59.5,1.2548,920.75,3
175.75,1.0342,0.43406,0.54506,3,-58.5,0.58291,922.25,1
178.25,1.0342,0.43406,0.54506,1,-67.5,0.23777,925.25,1
178.75,1.0342,0.43406,0.54506,4,-57,6.251,921.75,1
179,1.0342,0.43406,0.54506,1,-59,5.349,922.75,1
180,0.31893,1.0427,0.054735,3,-66,0.056757,924.25,1
180.5,0.31893,1.0427,0.054735,4,-58.5,0.13652,922.25,1
181,0.31893,1.0427,0.054735,1,-60.5,0.59518,921.75,1
181.75,0.31893,1.0427,0.054735,4,-57.5,5.7448,920.25,1
182.5,0.31893,1.0427,0.054735,4,-57.5,1.8331,920.75,1
183.25,0.31893,1.0427,0.054735,1,-64.5,2.64,923.75,1
184.25,0.23685,0.97377,0.043332,4,-55.5,0.48934,920.25,1
184.5,0.23685,0.97377,0.043332,3,-61.5,0.029146,924.75,1
184.75,0.23685,0.97377,0.043332,1,-59.5,5.8797,924.25,1
185,0.23685,0.97377,0.043332,1,-59,0.19482,923.25,1
185.25,0.23685,0.97377,0.043332,1,-58.5,0.76085,922.25,1
185.75,0.33066,0.93932,0.14596,1,-62.5,6.0101,923.75,1
186.25,0.33066,0.93932,0.14596,4,-59,0.13039,925.75,1
186.35,0.33066,0.93932,0.14596,1,-58.5,0.2301,922.75,1
186.5,0.33066,0.93932,0.14596,1,-58,1.2778,921.25,1
187,0.51826,0.90487,0.20297,4,-57,0.26998,924.75,1
187.1,0.51826,0.90487,0.20297,1,-57,4.7339,924.75,1
187.25,0.51826,0.90487,0.20297,1,-58,5.1174,924.25,1
187.5,0.51826,0.90487,0.20297,1,-58,1.5033,920.75,1
187.75,0.10787,0.99674,0.031928,1,-57.5,0.20862,922.25,1
188,0.10787,0.99674,0.031928,4,-58.5,5.9135,925.25,1
188.25,0.10787,0.99674,0.031928,1,-56.5,5.6865,923.75,1
188.65,0.31893,0.93932,0.11175,1,-57,0.96794,921.75,1
188.75,0.31893,0.93932,0.11175,3,-61.5,0.40344,922.75,1
189,0.31893,0.93932,0.11175,1,-57.5,0.076699,922.75,1
189.1,0.31893,0.93932,0.11175,4,-57,0.56911,921.25,1
189.25,0.31893,0.93932,0.11175,4,-58,1.0017,920.25,1
190,0.43619,0.97377,-0.03649,1,-59.5,6.1068,923.25,1
190.75,0.29548,0.85894,0.14596,1,-58.5,5.484,923.75,1
191,0.29548,0.85894,0.14596,1,-60,4.0144,925.75,1
191.5,0.29548,0.85894,0.14596,3,-68.5,5.3244,921.25,1
192,0.29548,0.85894,0.14596,1,-59.5,5.2247,924.25,1
192.5,0.29548,0.85894,0.14596,1,-59.5,6.0163,923.25,1
193,0.29548,0.85894,0.14596,3,-68.5,2.4636,925.25,1
193.5,0.29548,0.85894,0.14596,1,-59.5,0.32981,922.75,1
194,0.29548,0.85894,0.14596,4,-58,0.67955,921.25,1
194.75,0.29548,0.96229,0.077541,1,-58,1.7242,920.75,1
195,0.29548,0.96229,0.077541,4,-59.5,5.7846,922.25,1
195.75,0.29548,0.96229,0.077541,3,-68.5,1.4603,921.75,1
196.25,0.29548,0.96229,0.077541,1,-58.5,1.1766,921.25,1
196.75,0.29548,0.96229,0.077541,4,-61.5,0.12272,924.75,1
197.25,0.29548,0.96229,0.077541,1,-57.5,1.534,920.75,1
198.25,0.29548,0.97377,0.12315,3,-64,6.1927,921.75,1
198.75,0.29548,0.97377,0.12315,1,-57.5,0.5507,921.25,1
199,0.29548,0.97377,0.12315,1,-57.5,1.5156,920.25,1
199.25,0.29548,0.97377,0.12315,3,-64.5,4.513,924.25,1
199.75,0.15478,1.0427,0.066138,4,-57,1.0048,923.25,1
200,0.15478,1.0427,0.066138,3,-63.5,5.2938,922.25,1
200.25,0.15478,1.0427,0.066138,1,-58,0.48934,925.25,1
201,0.2603,0.98526,0.13456,1,-57.5,5.4963,922.75,1
201.25,0.2603,0.98526,0.13456,3,-68,6.254,921.25,1
201.75,0.2603,0.98526,0.13456,1,-58.5,1.1965,924.75,1
202,0.2603,0.98526,0.13456,1,-57.5,1.1934,920.75,1
202.25,0.2603,0.98526,0.13456,1,-58,5.372,923.25,1
202.5,0.2603,0.98526,0.13456,1,-58,0.072097,922.25,1
203,0.28376,0.95081,0.14596,1,-61.5,0.3835,925.75,1
203.5,0.28376,0.95081,0.14596,1,-59,0.78386,921.25,1
203.75,0.28376,0.95081,0.14596,4,-57,4.4225,920.25,1
204.25,0.28376,0.95081,0.14596,1,-59,4.7293,924.25,1
204.5,0.28376,0.95081,0.14596,4,-56.5,0.78847,920.75,1
204.75,0.28376,0.95081,0.14596,4,-57.5,4.3995,923.25,1
205.5,0.17823,1.0082,0.054735,4,-57.5,5.7141,921.75,1
205.6,0.17823,1.0082,0.054735,1,-57.5,0.76392,925.75,1
206,0.24858,0.97377,0.12315,1,-56,1.3223,921.25,1
206.25,0.24858,0.97377,0.12315,1,-56,5.2385,920.25,1
206.5,0.24858,0.97377,0.12315,3,-67,0.23777,924.75,1
206.75,0.24858,0.97377,0.12315,1,-56,1.4481,920.75,1
207,0.24858,0.97377,0.12315,4,-56,0.31293,920.75,1
207.75,0.28376,0.92784,0.25999,1,-63,5.8,921.75,1
208.75,0.23685,1.0312,0.20297,1,-64,4.7385,920.25,1
209,0.23685,1.0312,0.20297,1,-60,4.8658,924.25,1
209.75,0.1196,1.0656,0.12315,1,-57.5,1.2855,922.25,1
210,0.1196,1.0656,0.12315,3,-64.5,4.7661,925.25,1
210.25,0.1196,1.0656,0.12315,4,-56.5,0.43565,921.75,1
210.75,0.2134,0.91636,0.077541,1,-57.5,2.169,921.25,1
211,0.2134,0.91636,0.077541,1,-58,0.049087,920.25,1
211.25,0.2134,0.91636,0.077541,1,-58.5,5.7018,924.75,1
211.5,0.2134,0.91636,0.077541,1,-57.5,0.092039,924.25,1
212.25,0.17823,1.0197,0.031928,1,-56.5,5.2677,925.25,1
212.5,0.17823,1.0197,0.031928,3,-66.5,4.9164,923.75,1
212.75,0.17823,1.0197,0.031928,1,-56.5,4.6878,921.75,1
213,0.17823,1.0197,0.031928,1,-58,0.4065,922.75,1
213.25,0.17823,1.0197,0.031928,1,-56.5,1.7012,921.25,1
213.5,0.24858,0.98526,0.11175,3,-67.5,0.17334,920.25,1
214,0.24858,0.98526,0.11175,1,-57.5,5.4963,924.25,1
214.25,0.24858,0.98526,0.11175,4,-57,1.0953,920.75,1
214.5,0.24858,0.98526,0.11175,1,-58,6.1651,923.25,1
214.75,0.24858,0.98526,0.11175,4,-57,5.7033,922.25,1
215,0.24858,0.98526,0.11175,1,-58.5,5.7478,923.75,1
216.25,0.20168,0.98526,0.10035,3,-69.5,5.9841,924.75,1
216.75,0.20168,0.98526,0.10035,4,-57,1.0416,920.75,1
216.88,0.20168,0.98526,0.10035,1,-58,6.1083,923.25,1
217,0.20168,0.98526,0.10035,1,-57.5,0.70563,922.25,1
217.75,0.20168,0.98526,0.066138,1,-57,1.083,921.75,1
218,0.20168,0.98526,0.066138,3,-68,0.94647,922.75,1
218.5,0.20168,0.98526,0.066138,1,-57,5.3306,920.25,1
218.75,0.20168,0.98526,0.066138,1,-58.5,4.8274,924.75,1
219.25,0.20168,1.0082,0.066138,1,-57.5,5.9933,923.25,1
219.5,0.20168,1.0082,0.066138,3,-65,4.559,922.25,1
219.75,0.20168,1.0082,0.066138,4,-58,0.7992,923.75,1
220,0.20168,1.0082,0.066138,4,-57.5,6.1144,921.75,1
220.25,0.20168,1.0082,0.066138,1,-58,0.061359,925.75,1
220.5,0.20168,1.0082,0.066138,4,-59,4.7737,922.75,1
220.75,0.20168,1.0082,0.066138,4,-59,0.03068,921.25,1
221.25,0.31893,0.96229,0.10035,3,-62,0.97715,924.25,1
221.5,0.31893,0.96229,0.10035,4,-59.5,0.72097,920.75,1
221.75,0.31893,0.96229,0.10035,4,-60,4.3504,923.25,1
222.25,0.27203,0.97377,0.088944,3,-62.5,4.7063,923.75,1
222.75,0.27203,0.97377,0.088944,1,-58.5,0.2347,925.75,1
223,0.27203,0.97377,0.088944,1,-56.5,0.8575,921.25,1
223.75,0.27203,1.0197,0.11175,1,-58.5,1.2671,924.25,1
224,0.27203,1.0197,0.11175,1,-57,0.84522,920.75,1
224.25,0.27203,1.0197,0.11175,4,-60,3.9837,923.25,1
224.75,0.27203,1.0197,0.11175,4,-59,5.6512,921.75,1
225.25,0.27203,1.0197,0.11175,4,-57.5,4.7339,922.75,1
225.75,0.2134,0.97377,0.066138,3,-63.5,5.8951,920.25,1
226.25,0.2134,0.97377,0.066138,1,-58.5,4.4301,924.25,1
226.5,0.2134,0.97377,0.066138,4,-56.5,0.59672,920.75,1
226.6,0.2134,0.97377,0.066138,3,-62.5,4.0451,923.25,1
227.5,0.45964,0.90487,0.14596,1,-57,0.20862,925.75,1
227.75,0.45964,0.90487,0.14596,4,-57,0.91272,922.75,1
228,0.45964,0.90487,0.14596,1,-55,1.0293,921.25,1
228.25,0.48309,0.88191,0.19157,4,-58.5,4.9778,924.75,1
228.75,0.48309,0.88191,0.19157,1,-56.5,1.3422,924.25,1
228.85,0.48309,0.88191,0.19157,1,-56,1.1582,920.75,1
229,0.48309,0.88191,0.19157,1,-56.5,5.349,923.25,1
229.25,0.23685,0.96229,0.11175,4,-60,4.8735,925.25,1
229.75,0.23685,0.96229,0.11175,1,-57.5,4.8244,923.75,1
229.85,0.23685,0.96229,0.11175,3,-62.5,5.0023,921.75,1
230.25,0.23685,0.96229,0.11175,3,-62.5,4.513,922.75,1
230.5,0.23685,0.96229,0.11175,3,-62.5,5.3229,921.25,1
230.75,0.23685,0.96229,0.11175,1,-57,4.8075,920.25,1
231.25,0.29548,0.97377,0.13456,1,-57,4.4777,920.75,1
231.5,0.29548,0.97377,0.13456,1,-58,5.461,923.25,1
231.6,0.29548,0.97377,0.13456,1,-58,0.03068,922.25,1
232,0.29548,0.97377,0.13456,1,-58,5.1097,923.75,1
232.25,0.29548,0.97377,0.13456,1,-57.5,0.34208,921.75,1
232.5,0.29548,0.97377,0.13456,1,-58,5.8399,922.75,1
232.75,0.29548,0.97377,0.13456,4,-58,5.9979,921.25,1
233.5,0.31893,0.97377,0.12315,1,-58.5,4.9808,924.25,1
233.75,0.31893,0.97377,0.12315,1,-57,1.4404,920.75,1
234,0.31893,0.97377,0.12315,1,-58,5.5822,923.25,1
234.1,0.31893,0.97377,0.12315,1,-58,0.033748,922.25,1
234.5,0.31893,0.97377,0.12315,4,-58,5.5423,921.75,1
235,0.31893,0.97377,0.12315,4,-59,4.5007,922.75,1
235.25,0.31893,0.97377,0.12315,3,-64.5,4.6955,921.25,1
235.75,0.31893,0.97377,0.12315,1,-59.5,4.7814,924.25,1
236.25,0.31893,0.97377,0.12315,3,-64,5.3183,920.75,1
237,0.33066,0.93932,0.11175,1,-58.5,0.32674,921.75,1
237.5,0.33066,0.93932,0.11175,3,-64.5,0.6412,922.75,1
238,0.33066,0.93932,0.11175,1,-58,1.468,920.25,1
238.5,0.33066,0.93932,0.11175,4,-58.5,0.3114,920.75,1
238.75,0.33066,0.93932,0.11175,1,-58.5,5.5423,923.25,1
239,0.33066,0.93932,0.11175,1,-58.5,6.2433,922.25,1
240,0.37756,0.92784,0.12315,3,-64,1.5923,921.25,1
240.5,0.37756,0.92784,0.12315,1,-58,1.4435,920.25,1
241,0.37756,0.92784,0.12315,3,-64,5.0667,920.75,1
241.25,0.37756,0.92784,0.12315,1,-58.5,0.018408,922.25,1
241.75,0.37756,0.92784,0.12315,1,-59,4.0221,925.25,1
241.85,0.37756,0.92784,0.12315,3,-61.5,0.9434,923.75,1
242,0.37756,0.92784,0.12315,4,-58,5.0422,921.75,1
242.5,0.24858,0.98526,0.066138,4,-57.5,5.4625,921.25,1
242.75,0.24858,0.98526,0.066138,1,-56.5,4.4378,920.25,1
243,0.24858,0.98526,0.066138,1,-58.5,0.80381,924.75,1
243.25,0.24858,0.98526,0.066138,4,-60,5.7908,924.25,1
243.53,0.24858,0.98526,0.066138,3,-62.5,5.803,920.75,1
244,0.47136,0.88191,0.18017,4,-60.5,2.0571,925.25,1
244.25,0.47136,0.88191,0.18017,1,-57,0.47553,921.75,1
244.5,0.47136,0.88191,0.18017,4,-61.5,1.6782,925.75,1
245,0.47136,0.88191,0.18017,1,-58,4.2046,921.25,1
245.25,0.47136,0.88191,0.18017,4,-57,1.172,920.25,1
245.5,0.47136,0.88191,0.18017,1,-60,4.3949,924.75,1
245.75,0.47136,0.88191,0.18017,3,-65.5,4.9946,920.75,1
246.5,0.29548,0.98526,0.043332,3,-62.5,1.1106,923.75,1
246.75,0.29548,0.98526,0.043332,1,-56.5,0.041417,921.75,1
247,0.29548,0.98526,0.043332,1,-58.5,6.119,925.75,1
247.5,0.2134,1.0197,0.031928,3,-62.5,6.0454,920.25,1
248,0.2134,1.0197,0.031928,1,-58,3.7782,924.75,1
248.25,0.2134,1.0197,0.031928,1,-57.5,1.0723,924.25,1
248.35,0.2134,1.0197,0.031928,3,-62.5,5.4855,920.75,1
249,0.34238,0.93932,0.21438,3,-64,0.001534,923.75,1
249.5,0.34238,0.93932,0.21438,1,-59,5.326,922.75,1
249.75,0.34238,0.93932,0.21438,4,-57.5,5.8629,921.25,1
250,0.34238,0.93932,0.21438,3,-62,5.5116,920.25,1
250.5,0.34238,0.93932,0.21438,3,-63,0.17794,924.25,1
250.75,0.34238,0.93932,0.21438,4,-57.5,6.2556,920.75,1
251.25,0.29548,0.96229,0.12315,1,-58.5,5.8046,922.25,1
251.5,0.29548,0.96229,0.12315,1,-59,1.4834,923.75,1
251.75,0.29548,0.96229,0.12315,4,-57.5,5.4334,921.75,1
252.25,0.29548,0.96229,0.12315,1,-58,5.168,922.75,1
252.5,0.29548,0.96229,0.12315,1,-59,6.1467,921.25,1
253,0.34238,0.92784,0.16876,4,-57.5,5.7217,924.25,1
253.13,0.34238,0.92784,0.16876,1,-58,0.62126,920.75,1
253.25,0.34238,0.92784,0.16876,1,-58,5.1695,923.25,1
253.75,0.41273,0.90487,0.317,3,-63.5,0.90812,925.25,1
254,0.41273,0.90487,0.317,1,-58.5,0.27458,921.75,1
255.25,0.35411,0.91636,0.32841,1,-62.5,4.5099,924.75,1
256.25,0.34238,0.88191,0.36262,4,-58,5.9979,925.25,1
256.5,0.34238,0.88191,0.36262,1,-59.5,0.36969,921.75,1
257.25,0.27203,0.93932,0.32841,4,-56,0.7133,921.25,1
257.5,0.27203,0.93932,0.32841,3,-65.5,0.70103,920.25,1
257.75,0.27203,0.93932,0.32841,1,-58.5,5.7494,924.25,1
258,0.27203,0.93932,0.32841,1,-57.5,2.2457,920.75,1
258.25,0.27203,0.93932,0.32841,4,-56.5,4.8351,923.25,1
258.5,0.23685,0.99674,0.13456,4,-59,5.6926,925.25,1
258.75,0.23685,0.99674,0.13456,1,-56.5,5.6865,923.75,1
259,0.23685,0.99674,0.13456,1,-55.5,4.5973,921.75,1
259.25,0.23685,0.99674,0.13456,1,-57,1.5815,925.75,1
259.75,0.47136,0.88191,0.12315,1,-57,5.8966,920.25,1
260,0.47136,0.88191,0.12315,1,-58,4.9962,924.75,1
260.25,0.47136,0.88191,0.12315,1,-57.5,1.6797,920.75,1
260.5,0.47136,0.88191,0.12315,1,-58.5,5.8767,923.25,1
261.25,0.47136,0.88191,0.12315,1,-59.5,5.5469,923.75,1
261.53,0.47136,0.88191,0.12315,1,-61.5,4.065,925.75,1
262,0.47136,0.88191,0.12315,1,-58,1.5217,921.25,1
262.25,0.47136,0.88191,0.12315,3,-68,6.0439,920.25,1
263,0.22513,0.99674,0.12315,3,-65.5,4.3903,923.25,1
263.5,0.22513,0.99674,0.12315,4,-59.5,3.8442,923.75,1
264,0.22513,0.99674,0.12315,1,-58,0.92346,921.75,1
264.25,0.22513,0.99674,0.12315,1,-59,6.0562,922.75,1
264.75,0.22513,0.99674,0.12315,1,-58,1.6904,920.25,1
265,0.22513,0.99674,0.12315,1,-60,4.5943,924.25,1
265.75,0.17823,0.97377,0.14596,1,-58,0.3927,922.25,1
266,0.17823,0.97377,0.14596,4,-59.5,5.8997,925.25,1
266.25,0.17823,0.97377,0.14596,1,-57,5.5392,923.75,1
266.32,0.17823,0.97377,0.14596,3,-59,1.8546,921.75,1
266.5,0.17823,0.97377,0.14596,3,-60.5,0.99095,922.75,1
266.75,0.17823,0.97377,0.14596,4,-56.5,0.77313,921.25,1
267.25,0.28376,0.96229,0.11175,3,-63,5.6987,924.75,1
267.5,0.28376,0.96229,0.11175,3,-63.5,5.9626,924.25,1
268,0.42446,0.89339,0.12315,4,-57,4.6019,923.25,1
269.5,0.2603,0.96229,0.066138,4,-57,1.8669,920.25,1
270,0.48309,0.89339,0.15736,3,-65,5.53,924.25,1
270.25,0.48309,0.89339,0.15736,4,-57,4.6725,923.25,1
270.75,0.2603,0.95081,0.10035,3,-65,4.6986,925.25,1
271,0.2603,0.95081,0.10035,4,-57,0.029146,921.75,1
271.5,0.29548,0.96229,0.10035,3,-66,0.40497,922.75,1
271.75,0.29548,0.96229,0.10035,4,-56.5,0.9434,921.25,1
272,0.29548,0.96229,0.10035,4,-56.5,2.0448,920.25,1
272.5,0.24858,0.99674,0.088944,3,-63.5,5.4073,924.25,1
272.6,0.24858,0.99674,0.088944,1,-56.5,5.7954,920.75,1
272.75,0.24858,0.99674,0.088944,1,-57,0.5507,923.25,1
273,0.24858,0.99674,0.088944,1,-56.5,1.5064,922.25,1
273.25,0.24858,0.99674,0.088944,1,-58,5.0391,925.25,1
274,0.23685,0.95081,0.16876,4,-57.5,5.1174,922.75,1
274.25,0.23685,0.95081,0.16876,1,-57.5,1.2793,921.25,1
274.35,0.23685,0.95081,0.16876,4,-57.5,4.6019,920.25,1
274.75,0.23685,0.95081,0.16876,1,-58.5,4.9287,924.75,1
275,0.23685,0.95081,0.16876,1,-57.5,1.9251,920.75,1
275.25,0.23685,0.95081,0.16876,1,-58,6.0362,923.25,1
275.5,0.23685,0.95081,0.16876,3,-66,5.0008,922.25,1
276.5,0.34238,0.92784,0.15736,3,-67.5,1.2134,922.75,1
276.75,0.34238,0.92784,0.15736,1,-58,5.2324,920.25,1
277.25,0.34238,0.92784,0.15736,1,-59,5.1542,924.25,1
277.5,0.34238,0.92784,0.15736,1,-58.5,5.9718,923.25,1
277.75,0.34238,0.92784,0.15736,1,-58.5,0.52769,922.25,1
280,-0.079733,0.81301,-0.10491,1,-48.5,6.185,923.25,4
280.25,-0.18526,0.97377,0.14596,1,-47.5,5.1281,923.25,4
280.35,-0.091458,0.89339,0.12315,1,-47,1.7763,922.25,4
280.5,0.025796,0.97377,0.066138,1,-44,5.4702,922.25,4
280.63,0.084423,1.0082,0.11175,1,-46.5,6.2817,925.25,4
280.75,0.0023451,1.1805,0.24859,1,-45.5,3.703,923.75,4
280.85,-0.068007,1.2264,0.088944,2,-59.5,4.4117,923.75,4
281,-0.068007,1.2264,0.088944,1,-59,0.67188,921.75,4
282.5,0.072698,1.0656,0.12315,2,-57,4.0344,923.25,4
283.25,0.072698,1.0656,0.12315,2,-59,4.9992,921.75,4
287,-0.091458,1.0427,0.031928,2,-56.5,1.3376,924.75,2
287.25,-0.044557,1.0427,0.020525,2,-54.5,4.9394,923.25,2
290.25,0.037521,1.0427,0.043332,2,-57.5,1.1858,925.25,2
295.75,0.30721,0.91636,0.20297,2,-57,0.67035,925.75,2
303,-0.021106,1.0542,0.031928,2,-56.5,0.58751,925.75,2
304.5,0.18995,0.93932,0.16876,2,-54,4.8888,923.25,2
307.25,0.1665,0.96229,0.13456,2,-56.5,0.77619,925.25,2
320,0.57689,0.85894,0.27139,2,-51.5,5.4334,921.75,2
322.75,0.55344,0.87042,0.21438,2,-52,5.9334,921.25,2
326.75,0.48309,0.89339,0.22578,2,-56.5,1.4312,925.25,2
329.75,0.30721,0.98526,0.12315,2,-58,1.0385,925.75,2
330.75,0.44791,0.92784,0.20297,2,-56,1.8377,924.25,2
332.25,0.29548,0.98526,0.10035,2,-57,1.3039,925.75,2
333.5,0.43619,0.92784,0.18017,2,-57,0.087437,920.75,2
333.75,0.43619,0.92784,0.18017,2,-56,5.6911,922.25,2
334.25,0.43619,0.92784,0.18017,2,-57,4.6418,925.25,2
341,0.61207,0.91636,0.066138,2,-56,4.8627,923.25,2
342,0.51826,0.91636,0.13456,2,-58,0.86517,925.75,2
342.5,0.51826,0.91636,0.13456,2,-57,0.029146,920.25,2
347.5,0.0023451,1.0197,0.054735,2,-53,5.1757,924.75,2
351.75,0.0023451,1.0427,-0.013684,2,-56.5,1.1551,925.75,2
354.25,0.096148,1.0197,0.031928,2,-56.5,1.1858,925.75,2
367.25,0.23685,0.95081,0.19157,2,-55,1.445,924.25,2
371.25,0.15478,0.98526,0.11175,2,-57.5,0.74398,925.75,2
373,0.27203,0.96229,0.13456,2,-57.5,1.2103,925.25,2
373.5,0.27203,0.96229,0.13456,2,-57,5.8751,921.75,2
374.5,0.31893,0.95081,0.12315,2,-57.5,4.6326,924.75,2
375,0.31893,0.95081,0.12315,2,-56.5,0.11965,920.75,2
375.25,0.31893,0.95081,0.12315,2,-57,5.599,922.25,2
377.25,0.10787,0.66373,0.13456,2,-48.5,4.0037,920.75,4
377.5,0.34238,0.95081,0.077541,2,-49,2.8885,923.25,4
377.6,0.34238,0.95081,0.077541,2,-49,6.0669,923.25,4
377.75,0.096148,1.0082,-0.013684,2,-48.5,3.7122,922.25,4
377.85,0.10787,1.0197,-0.013684,2,-48,3.9822,922.25,4
378,0.15478,1.0197,-0.025087,2,-48,0.7225,923.75,4
378.25,0.13132,1.0082,0.0091224,2,-48,4.0681,923.75,4
378.4,0.13132,1.0082,0.0091224,2,-48,4.1126,923.75,4
378.48,0.10787,1.0427,0.031928,2,-47,5.1204,921.75,4
378.53,0.096148,1.0312,0.0091224,2,-50,0.2255,925.75,4
378.75,0.13132,1.0197,0.0091224,2,-47.5,4.5866,922.75,4
378.83,0.13132,1.0197,0.0091224,2,-47,4.5943,922.75,4
378.9,0.13132,1.0197,0.0091224,2,-47.5,4.5759,922.75,4
378.93,0.084423,1.0427,0.020525,2,-47.5,5.2585,921.25,4
379,0.096148,1.0197,-0.0022806,2,-47.5,5.2431,921.25,4
379.05,0.096148,1.0197,-0.0022806,2,-47.5,5.26,921.25,4
379.25,0.41273,0.88191,0.11175,2,-48,6.1973,920.25,4
379.33,0.41273,0.88191,0.11175,2,-48,0.067495,920.25,4
379.35,0.30721,0.83597,0.16876,2,-48,5.6052,924.75,4
379.4,0.30721,0.83597,0.16876,2,-48,5.7708,924.75,4
379.5,0.30721,0.83597,0.16876,2,-48,6.1651,924.75,4
379.6,0.10787,1.0312,0.054735,2,-48,0.81915,924.25,4
379.65,0.0023451,0.95081,0.14596,2,-48.5,1.3622,924.25,4
379.75,0.13132,1.0771,0.16876,2,-47,4.1801,920.75,4
379.85,0.13132,1.0771,0.16876,2,-47,4.4439,920.75,4
379.88,0.014071,1.0656,0.088944,2,-46.5,4.7047,923.25,4
380,-0.044557,1.2034,0.043332,2,-46.5,5.5208,923.25,4
380.25,0.13132,1.0312,0.043332,2,-49,1.0707,922.25,4
380.35,0.20168,0.95081,-0.10491,2,-52,1.1152,925.25,4
383.75,0.14305,1.1001,-0.11631,1,-57,4.7661,922.75,4
384.25,0.14305,1.1001,-0.11631,4,-65.5,1.2118,924.25,4
385,0.14305,1.1001,-0.11631,1,-58,0.52769,922.25,1
385.25,0.14305,1.1001,-0.11631,4,-58,4.4393,925.25,1
385.5,0.14305,1.1001,-0.11631,1,-58.5,4.4915,921.75,1
386.25,0.14305,1.1001,-0.11631,1,-61.5,5.7785,921.25,1
387,0.60034,0.65224,0.43103,1,-62,5.125,920.75,1
387.5,0.42446,0.50296,0.48805,1,-61,0.97561,922.25,1
387.75,0.42446,0.50296,0.48805,4,-63,0.036816,925.25,1
388,0.42446,0.50296,0.48805,4,-62.5,1.0446,923.75,1
388.75,1.0107,0.19292,0.0091224,3,-50,5.8598,921.25,3
388.88,1.0107,0.19292,0.0091224,3,-49.5,6.2632,920.25,3
389,0.91693,-0.048229,0.054735,3,-49.5,6.1037,920.25,3
389.1,1.1866,-0.082679,0.13456,4,-61.5,6.0393,924.75,3
389.25,1.1866,-0.082679,0.13456,3,-50.5,0.22703,924.25,3
389.33,1.1866,-0.082679,0.13456,4,-62.5,0.158,924.25,3
389.75,1.0225,-0.15158,-0.0022806,4,-61,4.3949,923.25,3
390.25,1.2921,-0.14009,0.088944,4,-62,3.7966,923.75,3
390.5,1.2921,-0.14009,0.088944,3,-49.5,4.7538,921.75,3
391,1.0342,0.1355,0.11175,4,-61.5,4.8658,922.75,3
391.13,1.0342,0.1355,0.11175,3,-49.5,5.2708,921.25,3
391.25,1.0342,0.1355,0.11175,4,-61.5,6.0239,921.25,3
391.5,1.1045,-0.17454,-0.03649,4,-62,1.0109,920.25,3
392,0.97555,-0.071196,-0.047893,3,-49.5,5.5699,920.75,3
392.25,0.98728,-0.10565,0.020525,3,-51,0.7946,923.25,3
392.5,1.1514,-0.14009,0.0091224,4,-63.5,5.2708,925.25,3
393,0.91693,-0.059712,-0.059296,3,-49.5,4.7109,921.75,3
393.25,1.0694,-0.071196,-0.025087,3,-50.5,4.0957,922.75,3
393.5,1.0694,-0.082679,-0.013684,4,-62,5.8966,921.25,3
393.75,1.0694,-0.082679,-0.013684,3,-49,5.6711,920.25,3
394,0.9052,-0.071196,-0.070699,4,-63.5,5.6972,924.75,3
394.25,0.91693,-0.048229,-0.059296,3,-49.5,5.3505,920.75,3
394.35,0.91693,-0.048229,-0.059296,4,-62,0.11812,920.75,3
394.75,0.96383,-0.048229,-0.047893,4,-62,4.0006,923.25,3
394.85,0.96383,-0.048229,-0.047893,4,-62,4.9118,922.25,3
395.25,1.1163,-0.11713,0.031928,4,-62.5,0.36969,923.75,3
395.75,0.9521,-0.048229,-0.059296,4,-63,1.7012,925.75,3
396,1.0576,-0.059712,-0.013684,4,-62,5.9426,921.25,3
396.25,1.0576,-0.059712,-0.013684,3,-49.5,5.6865,920.25,3
396.35,0.92865,-0.036746,-0.047893,4,-63,5.6205,924.75,3
396.5,0.92865,-0.036746,-0.047893,4,-62.5,6.0884,924.25,3
397,0.96383,-0.025263,-0.03649,4,-62.5,3.8549,923.25,3
397.25,0.94038,-0.036746,-0.03649,3,-50,4.47,922.25,3
397.4,0.94038,-0.036746,-0.03649,3,-50,4.4624,922.25,3
397.75,0.91693,-0.025263,-0.03649,4,-62.5,0.23777,923.75,3
397.85,0.91693,-0.025263,-0.03649,3,-49.5,4.8934,921.75,3
398.5,0.91693,-0.036746,-0.047893,4,-61.5,5.7586,921.25,3
398.6,0.91693,-0.036746,-0.047893,4,-62,0.5415,920.25,3
398.75,0.91693,-0.036746,-0.047893,4,-63.5,5.5622,924.75,3
399.25,0.91693,-0.036746,-0.03649,4,-62,0.052155,920.75,3
399.35,0.91693,-0.036746,-0.03649,4,-62,0.049087,920.75,3
399.75,0.96383,-0.036746,-0.047893,4,-61.5,4.8428,922.25,3
400,0.96383,-0.036746,-0.047893,4,-63.5,2.0264,925.25,3
400.25,0.96383,-0.036746,-0.03649,4,-61.5,5.3444,921.75,3
400.5,0.96383,-0.036746,-0.03649,3,-50.5,4.1678,922.75,3
400.75,1.1397,-0.11713,0.031928,3,-49.5,5.0744,921.25,3
401.25,1.0107,-0.036746,-0.025087,4,-63.5,5.5622,924.75,3
401.75,0.91693,-0.036746,-0.047893,3,-51,0.82528,923.25,3
401.85,0.91693,-0.036746,-0.047893,4,-62.5,0.69796,923.25,3
402,0.91693,-0.036746,-0.047893,3,-50,4.5789,922.25,3
402.25,1.1749,-0.12861,0.077541,4,-64.5,1.9037,925.25,3
402.5,1.1749,-0.12861,0.077541,4,-63.5,0.14113,923.75,3
402.75,1.1749,-0.12861,0.077541,4,-62,5.2217,921.75,3
403,0.96383,-0.036746,-0.025087,3,-50.5,4.2982,922.75,3
403.25,0.96383,-0.036746,-0.025087,4,-62,4.2921,922.75,3
403.5,0.94038,-0.048229,-0.03649,3,-49.5,5.889,920.25,3
403.6,1.3156,-0.20899,0.10035,3,-49.5,5.8797,920.25,3
403.75,1.3156,-0.20899,0.10035,4,-64,5.5484,924.75,3
404,1.3156,-0.20899,0.10035,4,-63.5,6.0101,924.25,3
404.5,0.98728,-0.036746,-0.047893,4,-63,0.70256,923.25,3
404.6,0.98728,-0.036746,-0.047893,4,-62,4.8014,922.25,3
405,0.9521,-0.036746,-0.03649,4,-63,0.23317,923.75,3
405.25,0.9521,-0.036746,-0.03649,3,-50,4.8443,921.75,3
405.5,0.94038,-0.036746,-0.082102,3,-50.5,4.2292,922.75,3
405.75,0.94038,-0.036746,-0.082102,4,-62.5,5.7494,921.25,3
407,0.91693,-0.036746,-0.059296,3,-50.5,4.5452,922.25,3
407.1,0.91693,-0.036746,-0.059296,4,-61.5,4.7737,922.25,3
407.25,0.91693,-0.036746,-0.059296,4,-64,5.0836,925.25,3
408,1.2804,-0.16306,0.10035,3,-49.5,5.2554,921.25,3
408.5,1.0107,-0.025263,-0.025087,3,-49.5,5.9196,920.25,3
408.6,1.0107,-0.025263,-0.025087,3,-53,0.026078,924.75,3
409,0.91693,-0.025263,-0.070699,4,-62,6.2004,920.75,3
409.5,0.9521,-0.059712,-0.03649,3,-50,4.5452,922.25,3
409.75,1.0107,-0.048229,-0.013684,3,-51.5,0.46633,923.75,3
410.25,1.0225,-0.036746,-0.013684,4,-65.5,4.7415,925.75,3
410.5,1.0225,-0.036746,-0.013684,4,-63.5,4.3151,922.75,3
410.75,1.2101,-0.15158,0.088944,3,-49,5.7233,920.25,3
411,1.2101,-0.15158,0.077541,4,-65,5.5653,924.75,3
411.5,1.3859,-0.22048,0.13456,3,-49,5.372,920.75,3
411.63,1.3859,-0.22048,0.13456,3,-49,5.3797,920.75,3
411.68,1.3859,-0.22048,0.13456,4,-63.5,6.254,920.75,3
412,1.1397,-0.15158,0.043332,4,-65,5.1772,925.25,3
412.5,0.99901,-0.048229,-0.03649,4,-63.5,5.2784,921.75,3
412.75,0.99901,-0.048229,-0.03649,4,-63.5,4.3703,922.75,3
413,0.99901,-0.048229,-0.03649,3,-49.5,5.0468,921.25,3
413.25,1.1163,-0.10565,0.031928,4,-63.5,0.51695,920.25,3
414,1.0459,-0.048229,0.0091224,4,-63.5,0.03068,920.75,3
414.5,1.1045,-0.071196,0.043332,3,-51.5,0.41417,923.75,3
414.75,0.92865,-0.01378,-0.025087,3,-49.5,4.7968,921.75,3
414.85,0.92865,-0.01378,-0.025087,4,-62.5,5.2508,921.75,3
415.25,1.0459,-0.036746,-0.013684,4,-63.5,1.1735,922.75,3
415.5,1.0459,-0.036746,-0.013684,4,-63,5.7693,921.25,3
415.75,0.9052,-0.036746,-0.047893,3,-49.5,5.7509,920.25,3
416.25,1.2452,-0.17454,0.10035,3,-49.5,5.3766,920.75,3
416.5,1.2452,-0.17454,0.088944,4,-63.5,0.79767,923.25,3
416.75,0.92865,-0.036746,-0.03649,4,-63,4.852,922.25,3
417,0.92865,-0.036746,-0.03649,4,-64.5,0.32214,923.75,3
417.25,1.2452,-0.18603,0.088944,3,-50,4.7538,921.75,3
417.5,1.2452,-0.18603,0.088944,4,-65,4.9072,925.75,3
417.75,1.2452,-0.18603,0.088944,3,-50.5,4.1034,922.75,3
418,1.0576,-0.082679,0.0091224,4,-63.5,5.9074,921.25,3
418.25,1.0576,-0.082679,0.0091224,3,-50,5.6803,920.25,3
418.5,1.0928,-0.059712,0.043332,4,-64.5,6.0761,924.25,3
418.75,1.0928,-0.059712,0.043332,4,-63,0.084369,920.75,3
419,1.0928,-0.059712,0.043332,3,-51,0.6366,923.25,3
419.1,0.9521,-0.036746,-0.03649,4,-63,4.9471,922.25,3
419.25,0.9521,-0.036746,-0.03649,4,-64,5.2186,925.25,3
419.75,1.1749,-0.17454,0.10035,3,-49.5,4.6802,921.75,3
419.85,1.1749,-0.17454,0.10035,4,-63,2.2856,921.75,3
420.5,1.1163,-0.10565,0.043332,3,-49.5,5.0207,921.25,3
420.6,1.2804,-0.17454,0.11175,3,-49.5,5.6497,920.25,3
421.25,1.4328,-0.24344,0.15736,3,-49.5,5.326,920.75,3
421.5,1.0225,-0.048229,-0.0022806,3,-51,0.66115,923.25,3
421.6,1.0225,-0.048229,-0.0022806,4,-63.5,0.81148,923.25,3
421.75,1.0225,-0.048229,-0.0022806,3,-50.5,4.3872,922.25,3
422,1.1397,-0.12861,0.043332,4,-64.5,0.28839,923.75,3
422.25,1.2101,-0.16306,0.088944,4,-65,1.7242,925.75,3
422.5,1.2101,-0.16306,0.088944,4,-63.5,1.2441,922.75,3
422.75,1.2101,-0.16306,0.088944,4,-63,5.7647,921.25,3
423,1.2101,-0.16306,0.088944,3,-49.5,5.6803,920.25,3
423.1,0.91693,-0.025263,-0.047893,3,-49,5.6957,920.25,3
423.15,0.91693,-0.025263,-0.047893,4,-63.5,3.6984,920.25,3
423.5,1.2687,-0.17454,0.10035,3,-49.5,5.3444,920.75,3
423.75,1.2101,-0.15158,0.077541,3,-51,0.66115,923.25,3
424,0.96383,-0.036746,-0.059296,3,-50.5,4.4271,922.25,3
424.13,0.96383,-0.036746,-0.059296,3,-50.5,4.4225,922.25,3
424.18,0.96383,-0.036746,-0.059296,4,-62.5,5.0422,922.25,3
424.75,0.96383,-0.025263,0.0091224,4,-62.5,5.349,921.75,3
425,0.96383,-0.025263,0.0091224,4,-63,4.4531,922.75,3
425.25,0.96383,-0.025263,0.0091224,4,-63,5.8184,921.25,3
425.5,0.92865,-0.036746,-0.047893,3,-49.5,5.6635,920.25,3
425.75,0.9521,-0.036746,-0.025087,4,-64.5,5.6527,924.75,3
426,1.3273,-0.17454,0.14596,3,-49.5,5.3827,920.75,3
426.25,1.2335,-0.16306,0.088944,4,-63.5,3.8948,923.25,3
426.5,1.2335,-0.16306,0.088944,3,-50.5,4.4209,922.25,3
427,1.3625,-0.19751,0.15736,3,-49.5,4.7431,921.75,3
427.1,1.3625,-0.19751,0.15736,3,-49.5,4.7185,921.75,3
427.25,0.92865,-0.036746,-0.059296,4,-65.5,1.5999,925.75,3
427.53,0.92865,-0.036746,-0.059296,4,-63,4.3427,922.75,3
427.63,0.92865,-0.036746,-0.059296,3,-49.5,5.0146,921.25,3
427.75,0.96383,-0.048229,-0.025087,4,-62.5,5.7678,921.25,3
428,0.97555,-0.025263,-0.013684,4,-64.5,5.5975,924.75,3
428.25,0.97555,-0.025263,-0.013684,3,-52,0.041417,924.25,3
428.5,0.97555,-0.025263,-0.013684,3,-49.5,5.3398,920.75,3
428.63,0.91693,-0.036746,-0.047893,3,-49,5.349,920.75,3
428.75,0.96383,-0.036746,-0.03649,4,-63.5,3.8626,923.25,3
429,0.92865,-0.036746,-0.03649,4,-64.5,5.1695,925.25,3
429.5,1.1983,-0.14009,0.088944,3,-49.5,4.8121,921.75,3
429.65,1.1983,-0.14009,0.088944,4,-62.5,2.1522,921.75,3
430,0.94038,-0.01378,-0.013684,3,-50.5,4.1402,922.75,3
430.25,0.98728,-0.036746,-0.013684,3,-49.5,5.7248,920.25,3
430.75,0.97555,-0.036746,-0.03649,4,-64.5,6.05,924.25,3
431,0.94038,-0.036746,-0.03649,3,-51,0.67495,923.25,3
431.08,0.94038,-0.036746,-0.03649,4,-63.5,0.73784,923.25,3
431.25,0.96383,-0.036746,-0.03649,4,-62.5,4.7814,922.25,3
432.25,1.0107,-0.048229,-0.025087,3,-50,1.0799,922.75,3
432.5,0.91693,-0.036746,-0.03649,4,-62.5,5.7264,921.25,3
433,0.94038,-0.048229,-0.025087,4,-64.5,6.0147,924.25,3
433.25,0.94038,-0.048229,-0.025087,3,-49.5,5.418,920.75,3
433.5,0.94038,-0.025263,-0.047893,4,-63.5,0.7225,923.25,3
433.75,1.339,-0.19751,0.13456,4,-65.5,2.0295,925.25,3
434.25,1.339,-0.19751,0.13456,4,-64,0.2485,923.75,3
434.38,1.339,-0.19751,0.13456,4,-63,5.2984,921.75,3
434.75,0.96383,-0.036746,-0.03649,3,-50.5,4.1341,922.75,3
434.88,0.96383,-0.036746,-0.03649,3,-49,5.0667,921.25,3
435,0.91693,-0.025263,-0.059296,4,-63,5.757,921.25,3
435.5,1.2687,-0.17454,0.10035,4,-64,5.981,924.25,3
435.75,1.2687,-0.17454,0.10035,4,-63,3.0894,920.75,3
436,1.2687,-0.17454,0.10035,3,-51,0.69183,923.25,3
436.1,0.96383,-0.025263,-0.025087,4,-62.5,1.6582,922.25,3
436.25,0.96383,-0.025263,-0.025087,3,-53,5.8153,925.25,3
436.75,1.0225,-0.048229,-0.013684,3,-51.5,0.36049,923.75,3
436.88,0.91693,-0.036746,-0.047893,3,-49.5,4.7262,921.75,3
437.25,1.0811,-0.071196,0.0091224,3,-50.5,4.1341,922.75,3
437.35,1.0811,-0.071196,0.0091224,4,-63,4.3565,922.75,3
437.5,0.9052,-0.036746,-0.047893,4,-63,5.7647,921.25,3
437.75,0.92865,-0.036746,-0.047893,3,-49.5,5.7095,920.25,3
438,1.0107,-0.025263,-0.025087,4,-64,6.004,924.25,3
438.25,1.0107,-0.025263,-0.025087,4,-63,6.2111,920.75,3
438.35,1.0107,-0.025263,-0.025087,3,-51.5,3.792,923.25,3
438.75,1.1163,-0.082679,0.043332,4,-64.5,5.1496,925.25,3
439,0.9521,-0.01378,-0.03649,4,-64,0.25464,923.75,3
439.5,1.1397,-0.11713,0.031928,3,-50.5,4.1141,922.75,3
439.75,1.1866,-0.14009,0.077541,3,-49.5,5.0407,921.25,3
440,1.2452,-0.15158,0.088944,3,-49,5.711,920.25,3
440.08,1.2452,-0.15158,0.088944,3,-49,5.7217,920.25,3
440.13,1.2452,-0.15158,0.088944,4,-63,0.5507,920.25,3
440.75,1.3859,-0.20899,0.14596,3,-49,5.4027,920.75,3
441,1.3859,-0.24344,0.14596,3,-51,0.68262,923.25,3
441.08,1.3859,-0.24344,0.14596,3,-50,4.4271,922.25,3
441.25,0.92865,-0.036746,-0.03649,4,-63,4.8351,922.25,3
441.75,0.98728,-0.025263,-0.03649,4,-63,2.1399,921.75,3
442,0.98728,-0.025263,-0.03649,4,-65,4.8029,925.75,3
442.5,1.0225,-0.048229,-0.03649,4,-63.5,0.50468,920.25,3
443,0.94038,-0.036746,-0.047893,3,-49,5.3628,920.75,3
443.25,1.0694,-0.059712,-0.0022806,4,-63.5,3.8917,923.25,3
443.5,1.0694,-0.059712,-0.0022806,4,-63,4.8044,922.25,3
443.6,1.0694,-0.059712,-0.0022806,4,-65,5.1956,925.25,3
444,1.4328,-0.22048,0.16876,4,-63,5.2861,921.75,3
444.5,1.0225,-0.036746,-0.013684,3,-50.5,4.0927,922.75,3
444.6,1.0225,-0.036746,-0.013684,4,-63,4.3764,922.75,3
444.75,1.2101,-0.14009,0.077541,3,-49,5.0545,921.25,3
445.25,0.94038,-0.048229,-0.03649,4,-64,2.5219,924.75,3
445.5,0.94038,-0.048229,-0.03649,4,-64,6.0976,924.25,3
445.75,0.89348,-0.036746,-0.070699,3,-51,3.8012,923.25,3
445.85,0.89348,-0.036746,-0.070699,4,-63,3.9024,923.25,3
445.93,0.89348,-0.036746,-0.070699,4,-62.5,1.7165,922.25,3
446.5,1.3273,-0.19751,0.11175,3,-49.5,4.7492,921.75,3
446.6,1.3273,-0.19751,0.11175,4,-62.5,2.1353,921.75,3
447,1.0342,-0.036746,-0.0022806,4,-63,4.309,922.75,3
447.1,1.0342,-0.036746,-0.0022806,3,-49.5,5.0529,921.25,3
447.25,1.1983,-0.14009,0.077541,3,-49,5.7325,920.25,3
447.75,1.2921,-0.18603,0.12315,4,-64,6.0623,924.25,3
448,1.2921,-0.18603,0.12315,4,-63.5,6.2786,920.75,3
448.25,0.9052,-0.025263,-0.059296,3,-51,0.66268,923.25,3
448.5,0.92865,-0.048229,-0.047893,3,-50,4.4194,922.25,3
448.75,1.0694,-0.059712,-0.013684,3,-49,4.783,921.75,3
449,0.97555,-0.025263,-0.03649,3,-49.5,4.7615,921.75,3
449.13,0.97555,-0.025263,-0.03649,3,-53,5.5714,925.75,3
449.25,0.97555,-0.025263,-0.03649,4,-65,1.5892,925.75,3
449.5,0.92865,-0.025263,-0.03649,3,-50.5,4.1325,922.75,3
449.63,0.92865,-0.025263,-0.03649,3,-49,5.0913,921.25,3
449.68,0.92865,-0.025263,-0.03649,4,-63,5.7125,921.25,3
449.75,0.92865,-0.025263,-0.03649,3,-49,5.7402,920.25,3
449.8,0.9052,-0.036746,-0.047893,3,-49.5,5.7402,920.25,3
450,0.96383,-0.048229,-0.03649,4,-64.5,5.5776,924.75,3
450.5,0.92865,-0.036746,-0.059296,4,-63.5,6.2663,920.75,3
450.58,0.92865,-0.036746,-0.059296,4,-63.5,0.74551,923.25,3
450.75,0.9521,-0.036746,-0.059296,3,-49.5,4.4378,922.25,3
451.25,0.94038,-0.036746,-0.047893,4,-63.5,0.2347,923.75,3
451.5,0.91693,-0.025263,-0.059296,4,-62.5,5.2477,921.75,3
451.75,1.2687,-0.15158,0.088944,3,-50.5,4.1356,922.75,3
452,1.2687,-0.15158,0.088944,4,-63,2.5771,921.25,3
452.25,0.94038,-0.036746,-0.047893,3,-49.5,5.777,920.25,3
452.35,0.94038,-0.036746,-0.047893,4,-63.5,3.6064,920.25,3
452.75,1.1632,-0.15158,0.054735,4,-64.5,6.0669,924.25,3
452.85,1.1632,-0.15158,0.054735,4,-63.5,6.2632,920.75,3
453.25,0.98728,-0.036746,-0.047893,3,-49.5,4.4501,922.25,3
453.35,0.98728,-0.036746,-0.047893,4,-63,4.8121,922.25,3
453.5,0.99901,-0.036746,-0.03649,4,-64.5,0.26078,923.75,3
454.5,0.96383,-0.048229,-0.047893,3,-49.5,5.0713,921.25,3
454.75,1.1045,-0.082679,0.020525,4,-63.5,0.52769,920.25,3
455.25,0.99901,-0.036746,-0.03649,3,-49.5,5.4057,920.75,3
455.5,1.1514,-0.11713,0.054735,3,-51,3.8165,923.25,3
455.6,1.1514,-0.11713,0.054735,3,-50.5,0.67495,923.25,3
455.63,1.1514,-0.11713,0.054735,4,-63.5,3.8902,923.25,3
456,0.9521,-0.048229,-0.059296,4,-64.5,5.1925,925.25,3
456.25,0.91693,-0.036746,-0.059296,3,-49.5,4.7461,921.75,3
456.5,1.0342,-0.059712,-0.025087,4,-63,4.3872,922.75,3
456.75,1.0342,-0.059712,-0.025087,4,-63,4.4102,922.75,3
457,0.94038,-0.036746,-0.047893,3,-49.5,5.7371,920.25,3
457.1,0.94038,-0.036746,-0.047893,4,-63.5,3.6862,920.25,3
457.5,1.1749,-0.11713,0.043332,4,-64.5,6.0807,924.25,3
457.75,1.0342,-0.036746,-0.025087,4,-63.5,3.8871,923.25,3
458,1.0342,-0.036746,-0.025087,4,-63,4.8014,922.25,3
458.25,1.0342,-0.036746,-0.025087,4,-65,5.1419,925.25,3
459.25,1.0576,-0.048229,-0.0022806,4,-63,5.7141,921.25,3
459.5,1.0576,-0.048229,-0.0022806,3,-49.5,5.8169,920.25,3
459.75,0.96383,-0.036746,-0.03649,4,-64.5,2.4176,924.75,3
460,0.91693,-0.036746,-0.047893,3,-49.5,5.4579,920.75,3
460.25,0.94038,-0.036746,-0.047893,3,-49.5,5.4456,920.75,3
460.35,0.94038,-0.036746,-0.047893,3,-51,3.8748,923.25,3
460.5,0.94038,-0.048229,-0.047893,4,-63.5,4.8198,922.25,3
461,0.92865,-0.036746,-0.047893,4,-64,0.24697,923.75,3
462,1.0225,-0.048229,-0.025087,3,-49.5,5.7724,920.25,3
462.1,1.0225,-0.048229,-0.025087,3,-49,5.7908,920.25,3
462.25,0.9052,-0.036746,-0.059296,4,-64.5,5.6052,924.75,3
462.5,1.2921,-0.17454,0.11175,3,-49.5,5.418,920.75,3
462.75,1.0107,-0.025263,-0.03649,3,-51,3.8442,923.25,3
463,0.92865,-0.036746,-0.047893,3,-50,4.4731,922.25,3
463.25,0.9521,-0.036746,-0.047893,4,-64,3.3379,923.75,3
463.75,1.1045,-0.094162,0.031928,3,-49.5,4.8152,921.75,3
463.83,1.1045,-0.094162,0.031928,3,-53.5,5.6282,925.75,3
463.88,1.1045,-0.094162,0.031928,4,-65.5,4.7262,925.75,3
464.5,0.96383,-0.036746,-0.047893,3,-49.5,5.754,920.25,3
464.75,0.98728,-0.036746,-0.03649,4,-64.5,6.0239,924.25,3
465,0.98728,-0.036746,-0.03649,4,-63,6.274,920.75,3
465.25,0.98728,-0.036746,-0.03649,3,-51,3.8549,923.25,3
465.35,0.9052,-0.025263,-0.059296,4,-63.5,0.73478,923.25,3
465.5,0.9052,-0.025263,-0.059296,3,-50,4.4393,922.25,3
466.25,1.0459,-0.048229,-0.013684,4,-65,4.7569,925.75,3
466.5,1.0459,-0.048229,-0.013684,4,-63.5,1.1766,922.75,3
466.75,1.0107,-0.036746,-0.013684,4,-64,0.43258,920.25,3
467,1.0107,-0.036746,-0.013684,4,-64.5,2.4007,924.75,3
467.25,1.0107,-0.036746,-0.013684,4,-64,6.0086,924.25,3
467.35,1.0107,-0.036746,-0.013684,4,-63,3.0833,920.75,3
467.5,0.92865,-0.036746,-0.03649,4,-64,0.67802,923.25,3
468.25,1.0342,-0.048229,-0.013684,3,-51.5,0.39884,923.75,3
468.35,1.0342,-0.048229,-0.013684,4,-63.5,0.2347,923.75,3
468.5,1.0342,-0.048229,-0.013684,3,-49.5,4.809,921.75,3
468.75,1.0811,-0.048229,0.0091224,4,-65,1.6168,925.75,3
469,1.0811,-0.048229,0.0091224,3,-50,4.1479,922.75,3
469.13,1.1514,-0.10565,0.043332,4,-63,5.7616,921.25,3
469.25,1.1514,-0.10565,0.043332,3,-49,5.7693,920.25,3
469.5,1.0576,-0.059712,0.043332,3,-52,6.2004,924.75,3
469.75,1.1163,-0.059712,0.0091224,4,-64.5,6.0163,924.25,3
469.85,1.1163,-0.059712,0.0091224,3,-50,0.74858,920.75,3
470,0.99901,0.21588,-0.070699,1,-61.5,5.4855,923.25,3
470.25,0.99901,0.21588,-0.070699,1,-58,1.0078,922.25,3
470.75,0.98728,0.37665,0.43103,3,-58.5,0.99862,923.75,1
471.25,0.98728,0.37665,0.43103,1,-61,2.7872,922.75,1
471.75,0.98728,0.37665,0.43103,4,-64.5,4.832,924.75,1
