0,0.29548,0.97377,0.088944,1,-61,5.6527,923.75,1
0.5,0.29548,0.97377,0.088944,1,-60,1.4297,921.75,1
1.25,0.17823,1.0542,0.031928,1,-61,6.1221,920.25,1
1.5,0.17823,1.0542,0.031928,1,-62,5.6128,924.25,1
1.75,0.17823,1.0542,0.031928,1,-60.5,2.3976,920.75,1
3.25,0.22513,0.99674,0.054735,3,-64,5.3597,922.75,1
3.5,0.22513,0.99674,0.054735,4,-56,5.2631,921.25,1
3.75,0.22513,0.99674,0.054735,4,-56.5,6.2586,920.25,1
4.25,0.33066,1.0082,0.054735,4,-57,5.8767,920.75,1
4.5,0.33066,1.0082,0.054735,4,-57,0.25157,923.25,1
4.75,0.33066,1.0082,0.054735,1,-60.5,1.8607,922.25,1
5,0.33066,1.0082,0.054735,1,-61.5,0.7087,923.75,1
5.75,0.33066,1.0082,0.054735,4,-56.5,5.438,921.25,1
6.25,0.31893,0.97377,0.12315,4,-57,1.784,924.75,1
6.5,0.31893,0.97377,0.12315,1,-61.5,5.958,920.75,1
7.25,0.31893,0.97377,0.12315,1,-65.5,1.5033,925.25,1
8.25,0.18995,1.0427,0.043332,1,-61,5.2232,921.25,1
9.5,0.37756,0.93932,0.15736,4,-57,0.24697,923.25,1
9.75,0.37756,0.93932,0.15736,1,-65.5,1.5417,925.25,1
10,0.37756,0.93932,0.15736,1,-61.5,1.5156,921.75,1
11,0.22513,1.0082,0.077541,1,-62,6.0669,920.25,1
12.25,0.36583,0.96229,0.11175,1,-64,4.4884,925.25,1
12.75,0.36583,0.96229,0.11175,1,-66,1.0815,925.75,1
13.25,0.36583,0.96229,0.11175,4,-57,5.2861,921.25,1
13.5,0.36583,0.96229,0.11175,4,-58,2.0126,924.75,1
13.75,0.36583,0.96229,0.11175,4,-57.5,5.9994,920.75,1
14.75,0.52999,0.88191,0.20297,4,-57.5,5.9963,923.75,1
15,0.52999,0.88191,0.20297,1,-60.5,1.6812,921.75,1
15.5,0.52999,0.88191,0.20297,1,-60.5,1.9926,921.25,1
16,0.52999,0.88191,0.20297,4,-59,4.9916,924.75,1
16.5,0.52999,0.88191,0.20297,4,-57.5,5.8276,920.75,1
16.75,0.52999,0.88191,0.20297,4,-57,4.3642,922.25,1
17.25,0.52999,0.88191,0.20297,4,-57.5,6.0009,923.75,1
18,0.2603,0.98526,0.077541,1,-61,0.92039,922.75,1
18.25,0.2603,0.98526,0.077541,4,-57.5,0.088971,920.25,1
18.75,0.2603,0.98526,0.077541,1,-62.5,5.7923,924.25,1
19,0.2603,0.98526,0.077541,4,-57.5,0.14266,923.25,1
19.25,0.2603,0.98526,0.077541,1,-65,4.8903,925.25,1
20,0.2603,0.98526,0.077541,4,-59.5,0.95874,925.75,1
20.5,0.2603,0.98526,0.077541,1,-60.5,1.9804,921.25,1
21.25,0.29548,0.98526,0.11175,4,-57.5,5.8123,920.75,1
22,0.29548,0.98526,0.11175,1,-64.5,1.7702,925.25,1
22.25,0.29548,0.98526,0.11175,4,-57,1.7104,921.75,1
22.75,0.29548,0.98526,0.11175,4,-57.5,0.74091,922.75,1
23,0.29548,0.98526,0.11175,1,-61,6.0669,920.25,1
24,0.27203,0.97377,0.10035,4,-57.5,1.198,922.25,1
24.5,0.27203,0.97377,0.10035,4,-58,5.9641,923.75,1
24.75,0.27203,0.97377,0.10035,1,-61,1.5969,921.75,1
25.25,0.27203,0.97377,0.10035,1,-60.5,2.0341,921.25,1
25.75,0.27203,0.97377,0.10035,4,-58.5,5.0913,924.75,1
26.25,0.27203,0.97377,0.10035,4,-57.5,5.9442,920.75,1
26.5,0.27203,0.97377,0.10035,4,-57.5,0.33134,923.25,1
26.6,0.27203,0.97377,0.10035,1,-61,1.3929,922.25,1
27.5,0.28376,0.95081,0.10035,1,-61,0.76392,922.75,1
28,0.28376,0.95081,0.10035,1,-60.5,2.7949,920.25,1
28.5,0.28376,0.95081,0.10035,4,-57.5,2.1614,924.25,1
28.75,0.28376,0.95081,0.10035,2,-67.5,5.5791,920.75,1
29.25,0.28376,0.95081,0.10035,4,-58.5,1.3821,925.25,1
30,0.24858,0.98526,0.088944,1,-60.5,1.1152,922.75,1
30.25,0.24858,0.98526,0.088944,4,-57.5,0.22856,920.25,1
30.75,0.24858,0.98526,0.088944,4,-58,1.9911,924.75,1
31,0.24858,0.98526,0.088944,4,-57.5,5.7647,920.75,1
31.25,0.24858,0.98526,0.088944,4,-57,1.149,922.25,1
32,0.31893,0.95081,0.11175,3,-63.5,5.2431,921.75,1
32.5,0.31893,0.95081,0.11175,1,-60,2.1399,921.25,1
32.75,0.31893,0.95081,0.11175,1,-60.5,6.1068,920.25,1
33.25,0.31893,0.95081,0.11175,4,-57.5,5.4702,924.25,1
34,0.27203,0.97377,0.088944,1,-65,1.8883,925.25,1
34.5,0.27203,0.97377,0.088944,4,-57,1.5493,921.75,1
35,0.27203,0.97377,0.088944,4,-57,5.1588,921.25,1
35.75,0.30721,0.98526,0.11175,4,-57,5.4027,924.25,1
36,0.30721,0.98526,0.11175,1,-61,2.4145,920.75,1
36.25,0.30721,0.98526,0.11175,4,-56.5,1.2333,922.25,1
36.5,0.30721,0.98526,0.11175,4,-57.5,6.0163,923.75,1
37,0.30721,0.98526,0.11175,4,-56.5,1.7288,921.75,1
37.75,0.29548,0.98526,0.10035,4,-57.5,6.2387,920.25,1
38,0.29548,0.98526,0.10035,4,-58,1.7395,924.75,1
38.275,0.29548,0.98526,0.10035,4,-57,5.7003,920.75,1
38.5,0.29548,0.98526,0.10035,1,-62.5,0.3114,923.25,1
38.75,0.29548,0.98526,0.10035,4,-58,1.3821,925.25,1
39.25,0.29548,0.98526,0.10035,1,-62,6.2709,923.75,1
40,0.24858,0.97377,0.10035,4,-57,0.27458,920.25,1
40.25,0.24858,0.97377,0.10035,4,-57.5,2.0402,924.75,1
40.75,0.24858,0.97377,0.10035,4,-57,5.9426,920.75,1
41,0.24858,0.97377,0.10035,1,-61.5,0.40344,923.25,1
41.25,0.24858,0.97377,0.10035,4,-57,4.4317,922.25,1
41.5,0.24858,0.97377,0.10035,4,-57.5,6.0301,923.75,1
42.25,0.2134,0.99674,0.088944,4,-57.5,0.77159,922.75,1
42.5,0.2134,0.99674,0.088944,1,-60.5,2.0939,921.25,1
42.75,0.2134,0.99674,0.088944,1,-64,5.3244,924.75,1
43.25,0.2134,0.99674,0.088944,1,-60,2.4176,920.75,1
43.75,0.37756,0.93932,0.11175,1,-61.5,4.3734,925.25,1
44.75,0.35411,0.98526,0.11175,1,-60,1.195,921.25,1
45,0.35411,0.98526,0.11175,1,-59,1.3392,920.25,1
45.5,0.35411,0.98526,0.11175,4,-57.5,5.3873,924.25,1
45.6,0.35411,0.98526,0.11175,1,-60.5,0.62126,920.75,1
46.5,0.23685,0.97377,0.18017,4,-64.5,2.0034,923.75,1
47.25,0.23685,0.97377,0.18017,1,-56.5,5.645,921.25,1
47.5,0.23685,0.97377,0.18017,4,-58,2.2074,920.25,1
48.25,0.51826,0.82449,0.43103,4,-61,1.1321,920.75,1
48.5,0.51826,0.82449,0.43103,3,-53.5,5.5591,922.25,1
48.75,0.69414,0.82449,0.27139,3,-57,4.964,923.75,1
49.5,0.54171,0.70966,-0.093505,3,-50.5,5.7524,922.75,1
49.75,0.8114,0.52593,0.11175,3,-49.5,5.7033,921.25,1
49.85,1.2335,1.0542,0.088944,3,-49.5,5.0192,921.25,1
50,0.61207,0.75559,-0.15052,3,-51,4.7799,920.25,1
50.75,0.97555,0.22737,0.066138,4,-62,3.3533,923.25,3
51,0.97555,0.22737,0.066138,4,-62,0.81454,922.25,3
51.25,1.1045,0.078086,0.11175,3,-51,0.11198,923.75,3
51.5,0.98728,-0.10565,-0.070699,4,-61.5,4.5452,921.75,3
51.575,0.98728,-0.10565,-0.070699,4,-62,4.0083,921.75,3
51.75,0.98728,-0.10565,-0.070699,4,-62.5,6.1881,922.75,3
52,0.98728,-0.10565,-0.070699,4,-64.5,0.85289,921.25,3
52.5,0.94038,-0.036746,-0.11631,4,-66.5,3.6325,924.75,3
53,0.98728,0.066602,-0.070699,4,-63.5,1.1551,920.75,3
53.25,1.1866,-0.082679,0.0091224,4,-63.5,5.8138,922.25,3
53.75,0.99901,0.066602,-0.059296,4,-64.5,0.082835,921.75,3
54,0.99901,0.066602,-0.059296,4,-68,5.7586,925.75,3
54.5,1.1866,-0.059712,0.043332,4,-64,0.65961,921.25,3
54.75,1.1866,-0.059712,0.043332,4,-63.5,1.6429,920.25,3
55.75,0.94038,0.066602,-0.070699,4,-63.5,5.8491,922.25,3
56,0.94038,0.066602,-0.070699,4,-67,6.0746,925.25,3
57,0.9521,0.055119,-0.059296,4,-63,0.66728,921.25,3
57.25,0.9052,0.043636,-0.10491,4,-66,0.27918,924.75,3
57.75,1.1163,-0.0022966,0.0091224,4,-63.5,4.3396,920.75,3
58.25,1.0694,0.02067,-0.03649,4,-63.5,5.9365,922.25,3
58.5,1.0694,0.02067,-0.03649,4,-66.5,6.1497,925.25,3
58.75,0.94038,0.055119,-0.082102,3,-51,4.4654,921.75,3
59,0.94038,0.055119,-0.082102,4,-63.5,0.088971,921.75,3
59.25,0.94038,0.055119,-0.082102,4,-64,2.1767,922.75,3
59.5,1.2687,-0.082679,0.066138,4,-64,4.7201,920.25,3
60,0.9521,0.055119,-0.082102,4,-66.5,0.21783,924.75,3
60.25,0.9521,0.055119,-0.082102,3,-51,5.0775,920.75,3
60.325,0.9052,0.055119,-0.082102,4,-63,1.0646,920.75,3
60.75,1.0107,0.055119,-0.082102,3,-51,1.0477,922.25,3
60.825,1.0107,0.055119,-0.082102,4,-67,6.0393,925.25,3
61.25,0.94038,0.066602,-0.070699,3,-51,4.4547,921.75,3
61.325,0.94038,0.066602,-0.070699,4,-63,0.013806,921.75,3
61.5,0.94038,0.066602,-0.070699,4,-63,5.2692,922.75,3
62,0.91693,0.066602,-0.082102,4,-63,3.68,921.25,3
62.1,0.91693,0.066602,-0.082102,4,-63.5,1.5647,920.25,3
62.75,1.2804,-0.082679,0.066138,3,-51,5.0361,920.75,3
62.825,1.2804,-0.082679,0.066138,3,-51,5.0514,920.75,3
62.875,1.2804,-0.082679,0.066138,3,-50.5,5.0483,920.75,3
63,1.0928,0.02067,-0.025087,4,-63.5,1.5662,923.25,3
63.5,1.0342,0.055119,-0.059296,4,-64,4.2568,923.75,3
64.25,0.91693,0.055119,-0.082102,4,-63.5,2.0923,922.75,3
64.35,0.91693,0.055119,-0.082102,4,-63.5,0.5415,921.25,3
64.5,0.91693,0.055119,-0.082102,4,-63.5,1.5386,920.25,3
64.75,0.91693,0.055119,-0.082102,4,-66.5,0.19788,924.75,3
65.25,1.2218,-0.059712,0.043332,3,-51,5.0606,920.75,3
65.375,1.2218,-0.059712,0.043332,4,-63.5,1.0845,920.75,3
65.5,0.92865,0.055119,-0.082102,4,-63,2.6384,922.25,3
66.75,1.2804,-0.082679,0.054735,3,-51,4.7308,921.25,3
66.825,1.2804,-0.082679,0.054735,3,-50.5,4.7369,921.25,3
66.875,1.2804,-0.082679,0.054735,4,-62.5,3.6708,921.25,3
67.5,1.2804,-0.082679,0.054735,4,-64.5,0.60132,924.25,3
67.75,1.2804,-0.082679,0.054735,4,-62.5,1.0431,920.75,3
67.825,1.2804,-0.082679,0.054735,4,-63,1.5739,923.25,3
68,1.2804,-0.082679,0.054735,4,-63,2.5694,922.25,3
68.5,1.2101,-0.071196,0.043332,3,-51,1.2901,921.75,3
68.6,1.2101,-0.071196,0.043332,4,-63,6.2387,921.75,3
68.75,1.2101,-0.071196,0.043332,4,-67.5,5.5545,925.75,3
69.25,1.0459,0.043636,-0.047893,3,-51,4.7446,921.25,3
69.325,1.0459,0.043636,-0.047893,3,-51,5.3244,920.25,3
69.5,1.0459,0.032153,-0.070699,4,-66,0.14266,924.75,3
70,1.2452,-0.082679,0.043332,3,-51,5.0115,920.75,3
70.5,0.91693,0.055119,-0.082102,4,-62.5,5.6604,922.25,3
70.75,0.91693,0.055119,-0.082102,4,-64,4.1724,923.75,3
71.5,1.2804,-0.10565,0.054735,4,-63,2.0586,922.75,3
71.75,1.1866,-0.059712,0.031928,4,-63,1.5309,920.25,3
72,0.96383,0.055119,-0.070699,4,-66,0.18254,924.75,3
72.75,1.128,-0.036746,-0.013684,4,-63.5,5.7938,922.25,3
73.25,0.92865,0.055119,-0.093505,4,-64.5,4.3151,923.75,3
73.5,0.92865,0.055119,-0.093505,3,-51,1.2747,921.75,3
74.25,1.1983,-0.048229,0.031928,4,-63,3.6892,921.25,3
74.35,1.1983,-0.048229,0.031928,3,-51,5.3674,920.25,3
74.5,0.97555,0.055119,-0.070699,4,-65.5,0.15493,924.75,3
75,0.97555,0.055119,-0.070699,3,-50.5,5.145,920.75,3
75.1,0.97555,0.055119,-0.070699,4,-63,4.7523,923.25,3
75.25,0.9521,0.055119,-0.082102,4,-63,5.7601,922.25,3
76.25,0.97555,0.032153,-0.082102,4,-67.5,2.4436,925.75,3
76.5,0.96383,0.055119,-0.082102,4,-63.5,0.53229,921.25,3
77.5,1.2804,-0.082679,0.066138,4,-63.5,1.6076,923.25,3
78,0.99901,0.055119,-0.082102,4,-66.5,2.8179,925.25,3
78.5,1.2921,-0.10565,0.066138,4,-67,5.5346,925.75,3
78.75,1.1045,-0.0022966,-0.013684,4,-63,5.2155,922.75,3
79.25,1.0459,0.043636,-0.070699,3,-52.5,5.7816,924.75,3
79.5,1.1866,-0.036746,0.020525,4,-65,3.7705,924.25,3
80.25,1.128,-0.0022966,-0.013684,4,-63,5.7632,922.25,3
80.75,1.0576,0.02067,-0.059296,4,-63,0.013806,921.75,3
81,1.0576,0.02067,-0.059296,4,-64,5.1941,922.75,3
81.5,1.1632,-0.025263,0.0091224,4,-64,4.6142,920.25,3
81.75,1.1632,-0.025263,0.0091224,4,-66.5,0.098175,924.75,3
82,0.94038,0.055119,-0.082102,4,-63,4.1694,920.75,3
82.5,1.0694,0.02067,-0.025087,4,-63,5.7279,922.25,3
82.75,1.0694,0.02067,-0.025087,4,-67,5.9334,925.25,3
83.25,1.0576,0.02067,-0.059296,4,-67.5,5.5315,925.75,3
83.5,1.0576,0.02067,-0.059296,4,-63,5.2155,922.75,3
83.75,1.0576,0.02067,-0.059296,4,-63.5,0.54763,921.25,3
84,1.0576,0.02067,-0.059296,4,-63.5,4.7109,920.25,3
84.5,1.0107,0.032153,-0.059296,3,-51,5.0177,920.75,3
84.6,1.0107,0.032153,-0.059296,4,-63.5,4.1908,920.75,3
85,0.92865,0.055119,-0.093505,3,-51,0.96334,922.25,3
85.25,1.0342,0.055119,-0.070699,4,-64,4.2184,923.75,3
86,1.0225,0.055119,-0.070699,4,-63,2.0678,922.75,3
86.25,1.0225,0.055119,-0.070699,3,-50.5,4.6495,921.25,3
86.75,1.1983,-0.094162,-0.025087,4,-64,4.2092,924.75,3
86.825,1.1983,-0.094162,-0.025087,3,-50.5,4.3243,924.25,3
86.875,1.1983,-0.094162,-0.025087,1,-57,6.1467,924.25,3
87,1.1983,-0.094162,-0.025087,3,-49.5,0.10738,920.75,3
87.25,1.0459,0.26182,-0.059296,3,-50,5.1803,923.25,3
87.35,1.0459,0.26182,-0.059296,4,-62,5.7984,923.25,3
87.5,1.0576,0.22737,-0.082102,1,-58.5,4.7661,922.25,3
88,0.82312,0.57186,0.14596,4,-68,5.7969,923.75,1
89.75,0.82312,0.57186,0.14596,4,-61.5,4.5667,922.25,1
90,0.82312,0.57186,0.14596,3,-57,4.8704,925.25,1
90.75,0.47136,0.66373,0.51086,1,-60,0.24237,925.75,1
91,0.47136,0.66373,0.51086,1,-62,5.6865,922.75,1
91.75,0.47136,0.66373,0.51086,1,-58.5,5.7264,920.75,1
93,0.47136,0.66373,0.51086,1,-61.5,5.6174,921.75,1
93.25,0.47136,0.66373,0.51086,4,-57.5,0.49701,922.75,1
93.75,0.51826,0.92784,0.088944,1,-59.5,6.0147,920.25,1
94.25,0.51826,0.92784,0.088944,4,-57,5.9242,920.75,1
94.5,0.51826,0.92784,0.088944,4,-58,0.29146,923.25,1
94.75,0.51826,0.92784,0.088944,4,-57.5,1.1198,922.25,1
95,0.51826,0.92784,0.088944,1,-63.5,5.4426,925.25,1
95.75,0.38928,0.95081,0.14596,1,-60.5,5.01,922.75,1
96,0.38928,0.95081,0.14596,4,-56,0.73631,920.25,1
96.5,0.38928,0.95081,0.14596,4,-57.5,5.7079,924.75,1
96.75,0.38928,0.95081,0.14596,4,-56.5,0.1488,920.75,1
97.25,0.2134,1.0312,0.043332,1,-61,5.5361,922.25,1
97.5,0.2134,1.0312,0.043332,4,-58,5.2938,925.25,1
97.75,0.2134,1.0312,0.043332,1,-60.5,5.9227,921.75,1
98.5,0.23685,0.99674,0.088944,4,-56.5,0.65501,920.25,1
98.75,0.23685,0.99674,0.088944,1,-63.5,6.277,924.75,1
99.25,0.23685,0.99674,0.088944,4,-56.5,0.13499,920.75,1
99.5,0.37756,0.92784,0.14596,4,-56.5,4.898,922.25,1
99.75,0.37756,0.92784,0.14596,4,-58,5.2385,925.25,1
100.75,0.36583,0.93932,0.13456,1,-61,0.19635,921.25,1
101,0.36583,0.93932,0.13456,1,-60.5,1.0845,920.25,1
102,0.48309,0.90487,0.18017,1,-61,5.441,922.25,1
102.5,0.48309,0.90487,0.18017,1,-62.5,4.0497,923.75,1
102.75,0.48309,0.90487,0.18017,4,-56.5,5.4303,921.75,1
103.5,0.24858,0.98526,0.088944,4,-56.5,0.75165,920.25,1
103.6,0.24858,0.98526,0.088944,4,-57.5,5.7049,924.75,1
103.75,0.24858,0.98526,0.088944,1,-62,0.62126,924.25,1
104.25,0.24858,0.98526,0.088944,4,-56.5,0.2347,920.75,1
104.75,0.55344,0.89339,0.18017,4,-57.5,5.0821,925.25,1
105,0.55344,0.89339,0.18017,4,-57,0.21783,923.75,1
105.25,0.55344,0.89339,0.18017,4,-56,5.3398,921.75,1
105.5,0.55344,0.89339,0.18017,1,-60,5.0483,922.75,1
106,0.34238,0.97377,0.12315,4,-56.5,0.68262,920.25,1
106.25,0.34238,0.97377,0.12315,4,-57.5,5.6098,924.75,1
106.5,0.34238,0.97377,0.12315,4,-57.5,6.07,924.25,1
106.6,0.34238,0.97377,0.12315,4,-56.5,0.16414,920.75,1
106.75,0.34238,0.97377,0.12315,1,-60.5,4.6725,923.25,1
107,0.34238,0.97377,0.12315,4,-56.5,4.9133,922.25,1
107.5,0.52999,0.89339,0.20297,4,-56.5,5.4334,921.75,1
108,0.52999,0.89339,0.20297,1,-59.5,5.2247,922.75,1
108.1,0.52999,0.89339,0.20297,1,-59.5,0.31447,921.25,1
108.25,0.52999,0.89339,0.20297,1,-59.5,1.1428,920.25,1
108.5,0.52999,0.89339,0.20297,4,-57.5,5.5269,924.75,1
108.75,0.52999,0.89339,0.20297,4,-57.5,6.0163,924.25,1
109.03,0.52999,0.89339,0.20297,4,-56.5,0.15186,920.75,1
109.5,0.27203,1.0082,0.077541,1,-60,5.7233,922.25,1
109.75,0.27203,1.0082,0.077541,1,-61,4.4455,923.75,1
110.25,0.27203,1.0082,0.077541,4,-58,4.7277,925.75,1
110.75,0.23685,1.0197,0.031928,1,-60,1.0937,920.25,1
111,0.23685,1.0197,0.031928,4,-57,5.5085,924.75,1
111.25,0.23685,1.0197,0.031928,4,-57.5,5.9549,924.25,1
111.5,0.23685,1.0197,0.031928,1,-59.5,0.57678,920.75,1
111.75,0.23685,1.0197,0.031928,3,-60.5,5.1726,923.25,1
112,0.23685,1.0197,0.031928,4,-57.5,5.0269,925.25,1
112.5,0.27203,1.0082,0.077541,4,-56,5.3413,921.75,1
112.75,0.27203,1.0082,0.077541,1,-60.5,5.2171,922.75,1
113.5,0.34238,0.95081,0.11175,4,-57.5,5.6236,924.75,1
113.75,0.34238,0.95081,0.11175,1,-60,0.64734,920.75,1
114,0.34238,0.95081,0.11175,1,-60.5,4.648,923.25,1
114.75,0.2603,1.0082,0.066138,4,-57,0.16107,923.75,1
114.85,0.2603,1.0082,0.066138,4,-56,5.2754,921.75,1
115,0.2603,1.0082,0.066138,4,-58,4.5927,925.75,1
115.75,0.28376,0.98526,0.077541,4,-56.5,0.54763,920.25,1
116,0.28376,0.98526,0.077541,4,-57.5,2.3516,924.75,1
116.25,0.28376,0.98526,0.077541,4,-56.5,0.053689,920.75,1
116.33,0.28376,0.98526,0.077541,1,-60.5,4.6372,923.25,1
117,0.51826,0.90487,0.18017,4,-57.5,5.1787,925.25,1
117.13,0.51826,0.90487,0.18017,1,-61.5,4.2,923.75,1
117.5,0.51826,0.90487,0.18017,4,-58.5,1.5539,925.75,1
118.25,0.28376,0.99674,0.088944,4,-56.5,0.53383,920.25,1
118.5,0.28376,0.99674,0.088944,4,-57.5,5.9595,924.25,1
118.6,0.28376,0.99674,0.088944,4,-56.5,0.029146,920.75,1
118.75,0.28376,0.99674,0.088944,1,-59.5,0.39577,920.75,1
119.25,0.2134,1.0312,0.043332,4,-57.5,5.0146,925.25,1
119.5,0.2134,1.0312,0.043332,1,-60.5,3.9991,923.75,1
119.75,0.2134,1.0312,0.043332,1,-59.5,5.757,921.75,1
120.25,0.2134,1.0312,0.043332,4,-56.5,1.1582,922.75,1
120.75,0.50654,0.89339,0.19157,4,-57.5,5.5515,924.75,1
121,0.50654,0.89339,0.19157,4,-57.5,6.0086,924.25,1
121.25,0.50654,0.89339,0.19157,1,-60,0.51082,920.75,1
121.5,0.50654,0.89339,0.19157,4,-57,0.66728,923.25,1
122,0.52999,0.89339,0.18017,4,-57,0.19328,923.75,1
122.25,0.52999,0.89339,0.18017,4,-56,5.2769,921.75,1
122.5,0.52999,0.89339,0.18017,4,-56,1.1827,922.75,1
122.75,0.52999,0.89339,0.18017,1,-60,6.208,921.25,1
123.25,0.33066,0.96229,0.13456,1,-62,6.1589,924.75,1
123.5,0.33066,0.96229,0.13456,4,-56,6.2617,920.75,1
123.6,0.33066,0.96229,0.13456,4,-56.5,6.2786,920.75,1
123.75,0.33066,0.96229,0.13456,4,-56.5,0.64427,923.25,1
124,0.33066,0.96229,0.13456,1,-59.5,5.303,922.25,1
124.25,0.33066,0.96229,0.13456,1,-63,5.8153,925.25,1
124.75,0.36583,0.95081,0.15736,1,-64.5,5.5116,925.75,1
125.25,0.36583,0.95081,0.15736,4,-56,5.8429,921.25,1
125.35,0.36583,0.95081,0.15736,4,-56,0.60132,920.25,1
125.5,0.36583,0.95081,0.15736,4,-57.5,5.5499,924.75,1
126,0.33066,0.97377,0.12315,1,-60,0.42951,920.75,1
126.25,0.33066,0.97377,0.12315,4,-56,1.7135,922.25,1
126.5,0.33066,0.97377,0.12315,4,-57,5.0928,922.25,1
127.5,0.33066,0.97377,0.12315,4,-56.5,5.4963,922.75,4
127.6,0.33066,0.97377,0.12315,4,-57.5,0.69796,921.25,4
128,0.1196,0.90487,0.066138,1,-57,5.1266,924.75,4
128.25,0.1196,0.90487,0.066138,1,-57,0.65654,924.25,4
130,0.014071,0.97377,0.25999,1,-58.5,2.2565,922.75,4
130.75,0.38928,0.79004,0.066138,2,-57,0.57064,924.25,4
131.03,0.38928,0.79004,0.066138,2,-57.5,6.1375,920.75,4
132.25,-0.22044,0.96229,-0.16192,2,-51,0.87284,922.75,4
132.5,-0.32597,0.95081,0.11175,2,-51,6.0347,921.25,4
132.75,-0.4784,0.81301,0.088944,2,-58,2.2335,924.75,2
134.75,0.23685,0.92784,0.14596,2,-50.5,1.2548,921.25,2
136.5,0.1196,1.0082,0.054735,2,-50.5,5.9979,925.25,2
140,0.28376,0.99674,0.13456,2,-56,5.0038,920.25,2
141.25,0.42446,0.89339,0.19157,2,-57.5,5.5975,925.25,2
145.75,0.27203,0.97377,0.13456,2,-57,5.9749,923.25,2
146.25,0.27203,0.97377,0.13456,2,-57.5,5.2692,925.25,2
148,0.10787,1.0197,0.11175,2,-56,4.697,920.75,2
148.25,0.10787,1.0197,0.11175,2,-55.5,4.5513,922.25,2
149,0.10787,1.0197,0.11175,2,-56.5,1.3131,921.75,2
149.5,0.10787,1.0197,0.11175,2,-55.5,1.3606,921.25,2
153,0.1665,0.99674,0.13456,2,-56,5.9166,923.25,2
153.25,0.1665,0.99674,0.13456,2,-56,0.31447,922.25,2
153.75,0.1665,0.99674,0.13456,2,-56.5,5.9043,923.75,2
154.25,0.1665,0.99674,0.13456,2,-57,5.013,925.75,2
156.75,0.27203,0.98526,0.13456,2,-56,0.97408,921.25,2
157,0.27203,0.98526,0.13456,2,-55.5,4.7922,920.25,2
157.25,0.27203,0.98526,0.13456,2,-55,5.4487,924.75,2
164.5,0.29548,1.0312,0.16876,2,-55,4.9793,920.25,2
165.5,0.23685,0.97377,0.12315,2,-56,5.0207,925.25,2
166.75,0.23685,0.98526,0.12315,2,-55,0.78386,921.25,2
167,0.23685,0.98526,0.12315,2,-56,5.1434,924.75,2
170,0.45964,0.90487,0.23718,2,-56,0.99402,920.75,2
170.25,0.45964,0.90487,0.23718,2,-55.5,0.1534,922.25,2
171,0.23685,0.98526,0.14596,2,-57,4.7906,925.75,2
173.5,0.44791,0.90487,0.24859,2,-57,4.7983,925.75,2
174,0.44791,0.90487,0.24859,2,-55.5,0.84369,921.25,2
174.5,0.44791,0.90487,0.24859,2,-56.5,5.7601,924.25,2
174.75,0.44791,0.90487,0.24859,2,-56,4.493,920.75,2
175.75,0.23685,0.98526,0.14596,2,-57,0.83142,921.75,2
176.25,0.23685,0.98526,0.14596,2,-56,4.3059,921.25,2
176.75,0.23685,0.98526,0.14596,2,-57,5.7003,924.75,2
177.25,0.23685,0.98526,0.14596,2,-57,0.18408,923.25,2
177.75,0.23685,0.98526,0.14596,2,-57.5,2.3163,925.25,2
179,0.2134,0.96229,0.15736,2,-56,4.7814,920.25,2
179.25,0.2134,0.96229,0.15736,2,-57,5.8721,924.25,2
179.75,0.2134,0.96229,0.15736,2,-56.5,6.2111,923.25,2
181,0.22513,0.97377,0.14596,2,-57,0.18254,922.75,2
181.75,0.22513,0.97377,0.14596,2,-58,5.4963,924.75,2
182.25,0.22513,0.97377,0.14596,2,-57.5,6.1605,923.25,2
183.25,0.22513,0.97377,0.14596,2,-57.5,0.74551,921.75,2
183.75,0.22513,0.97377,0.14596,2,-57,4.7109,920.25,2
185.25,0.2603,0.99674,0.16876,2,-58,5.1987,925.25,2
185.75,0.2603,0.99674,0.16876,2,-57,0.17181,922.75,2
186.5,0.2603,0.99674,0.16876,2,-57,4.5559,920.25,2
187,0.2603,0.99674,0.16876,2,-56.5,4.3596,920.75,2
187.5,0.2603,0.99674,0.16876,2,-56.5,0.57678,922.25,2
188.75,0.22513,0.97377,0.15736,2,-56.5,4.7078,920.25,2
189.75,0.22513,0.97377,0.15736,2,-57.5,0.52616,922.25,2
190.5,0.22513,0.97377,0.15736,2,-57.5,0.76852,921.75,2
191.25,0.22513,0.97377,0.15736,2,-56.5,4.6679,920.25,2
193,0.40101,0.91636,0.25999,2,-57,5.2002,925.75,2
194.25,0.31893,0.95081,0.20297,2,-55,4.5897,920.75,2
194.5,0.31893,0.95081,0.20297,2,-56.5,0.62893,922.25,2
195,0.31893,0.95081,0.20297,2,-56.5,5.8506,923.75,2
196,0.1665,1.0197,0.11175,2,-55.5,4.9824,920.25,2
196.75,0.1665,1.0197,0.11175,2,-55,4.8612,920.75,2
197.75,0.24858,0.95081,0.16876,2,-56,1.0769,921.75,2
198,0.24858,0.95081,0.16876,2,-56,0.51388,922.75,2
199,0.2134,0.98526,0.14596,2,-55.5,1.5616,920.75,2
199.5,0.2134,0.98526,0.14596,2,-56,0.75625,922.25,2
200.5,0.1665,1.0082,0.12315,2,-55.5,1.2011,921.25,2
201,0.1665,1.0082,0.12315,2,-55.5,4.9103,920.25,2
201.25,0.1665,1.0082,0.12315,2,-56.5,5.8567,924.25,2
202.75,0.34238,0.90487,0.22578,2,-57,2.255,925.75,2
203.5,0.2603,0.92784,0.13456,2,-56.5,5.5162,924.75,2
203.75,0.2603,0.92784,0.13456,2,-56.5,5.757,924.25,2
204,0.2603,0.92784,0.13456,2,-56.5,6.2817,923.25,2
204.5,0.2603,0.92784,0.13456,2,-57.5,5.5914,925.25,2
205.5,0.17823,1.0427,0.13456,2,-55.5,4.559,921.25,2
205.75,0.17823,1.0427,0.13456,2,-55.5,5.0207,920.25,2
206.5,0.17823,1.0427,0.13456,2,-56,4.5513,920.75,2
207.75,0.20168,0.98526,0.14596,2,-57.5,5.2155,925.75,2
208,0.20168,0.98526,0.14596,2,-56,4.2,921.25,2
208.25,0.20168,0.98526,0.14596,2,-56.5,5.6665,924.75,2
209,0.20168,0.98526,0.14596,2,-56.5,0.57831,923.25,2
210,0.23685,0.95081,0.14596,2,-57.5,5.4073,925.75,2
211,0.23685,0.95081,0.14596,2,-57,5.9963,924.25,2
211.5,0.23685,0.95081,0.14596,2,-56,4.0528,922.25,2
212.5,0.22513,0.96229,0.15736,2,-57.5,5.5806,925.75,2
213,0.22513,0.96229,0.15736,2,-56,5.2217,920.25,2
213.75,0.22513,0.96229,0.15736,2,-56.5,4.8228,920.75,2
214.75,0.22513,0.98526,0.15736,2,-56.5,4.2476,921.75,2
215.5,0.22513,0.98526,0.15736,2,-56.5,5.1634,920.25,2
216,0.22513,0.98526,0.15736,2,-57,6.185,924.25,2
217.5,-0.40804,0.83597,0.077541,2,-48,1.1536,922.75,4
217.75,-0.40804,0.83597,0.077541,2,-47.5,1.3852,922.75,4
217.85,0.40101,0.70966,0.14596,2,-48.5,5.9887,920.25,4
218,0.40101,0.70966,0.14596,2,-48.5,5.9994,920.25,4
218.08,0.42446,0.88191,0.14596,2,-51.5,4.7645,924.75,4
218.5,0.47136,0.92784,0.19157,2,-51,2.1,924.25,4
218.6,0.17823,0.99674,0.031928,2,-49,3.6294,920.75,4
219,0.20168,1.0312,0.031928,2,-48.5,6.1405,922.25,4
219.1,0.15478,1.0082,0.0091224,2,-49,6.1727,922.25,4
219.5,0.15478,0.99674,0.0091224,2,-48.5,3.703,921.75,4
219.58,0.15478,0.99674,0.0091224,2,-48.5,3.723,921.75,4
219.75,0.15478,0.99674,0.0091224,2,-48.5,3.726,921.75,4
220,0.56517,0.88191,0.20297,2,-49,0.13346,922.75,4
220.1,0.56517,0.88191,0.20297,2,-49,0.14726,922.75,4
220.25,0.1196,1.0197,0.020525,2,-48.5,1.0017,921.25,4
220.33,0.1196,1.0197,0.020525,2,-48,4.174,921.25,4
220.38,0.10787,1.0197,0.0091224,2,-48,4.2721,921.25,4
220.43,0.10787,1.0197,0.0091224,2,-48,4.2783,921.25,4
220.75,0.13132,1.0197,-0.025087,2,-50.5,0.60592,924.75,4
221,0.17823,0.96229,0.15736,2,-48.5,5.2524,924.25,4
221.08,0.17823,0.96229,0.15736,2,-47.5,0.94953,920.75,4
221.13,0.072698,0.95081,0.14596,2,-48,1.8331,920.75,4
221.25,0.072698,0.95081,0.14596,2,-48,0.76085,923.25,4
221.38,0.072698,0.95081,0.14596,2,-48.5,1.0354,923.25,4
222.25,0.41273,0.87042,0.020525,2,-56.5,5.2079,921.75,4
224.75,0.41273,0.87042,0.020525,1,-58,5.4502,925.75,4
225,0.41273,0.87042,0.020525,4,-58.5,0.66882,922.75,4
226.5,-0.32597,1.0082,0.18017,1,-57.5,0.31753,925.25,1
227,-0.32597,1.0082,0.18017,1,-58,2.0479,921.75,1
227.25,-0.32597,1.0082,0.18017,4,-65.5,5.3689,922.75,1
227.75,0.61207,0.79004,0.36262,4,-66,4.8274,920.25,1
228.25,0.61207,0.79004,0.36262,4,-68.5,6.2479,924.25,1
228.75,0.78795,0.72114,0.15736,1,-61,0.71023,922.25,1
229.25,0.78795,0.51445,-0.059296,4,-61,2.0571,923.75,1
229.5,0.77622,0.51445,0.14596,4,-64,3.8396,925.75,1
229.75,0.77622,0.51445,0.14596,3,-50.5,4.8458,922.75,1
230,0.98728,0.078086,0.043332,3,-50,4.8351,921.25,3
230.08,0.98728,0.078086,0.043332,4,-60,5.1649,921.25,3
230.25,1.0576,0.21588,0.10035,4,-63,1.491,924.75,3
230.75,1.4094,0.0091865,0.14596,4,-61,5.1204,920.75,3
230.85,1.4094,0.0091865,0.14596,4,-61,5.1174,920.75,3
231.25,0.96383,0.14698,0.043332,3,-51,0.78386,922.25,3
231.35,0.96383,0.14698,0.043332,4,-61.5,3.4116,922.25,3
231.5,0.96383,0.14698,0.043332,4,-66,0.62586,925.25,3
231.75,0.9521,0.032153,-0.03649,4,-62,4.1494,921.75,3
232.78,1.0107,-0.18603,-0.17333,4,-62.5,5.3843,920.25,3
232.85,1.0107,-0.18603,-0.17333,4,-65,4.4194,924.75,3
233.25,0.89348,0.032153,-0.16192,3,-50,4.7385,920.75,3
233.38,0.89348,0.032153,-0.16192,4,-61.5,4.9471,920.75,3
233.75,1.0342,0.032153,-0.082102,3,-51,3.8932,922.25,3
233.85,1.0342,0.032153,-0.082102,3,-51,0.72711,922.25,3
233.88,1.0342,0.032153,-0.082102,4,-62,3.5236,922.25,3
234.25,1.3625,-0.11713,0.077541,4,-61,4.0037,921.75,3
234.75,1.0459,0.032153,-0.047893,3,-50.5,4.3964,921.25,3
235.25,1.2101,-0.071196,0.020525,4,-64,1.2517,924.75,3
235.75,1.2687,-0.094162,0.031928,4,-61,4.9778,920.75,3
236,1.2687,-0.094162,0.031928,4,-62.5,5.6512,923.25,3
236.08,1.2687,-0.094162,0.031928,3,-51.5,3.7721,922.25,3
236.25,0.96383,0.055119,-0.093505,4,-64,0.74551,925.25,3
236.5,0.96383,0.055119,-0.093505,4,-62,2.0356,923.75,3
237,1.2101,-0.048229,0.031928,4,-61.5,6.1175,922.75,3
237.25,1.2101,-0.048229,0.031928,3,-50.5,4.493,921.25,3
237.35,0.89348,0.055119,-0.082102,3,-50,4.5007,921.25,3
237.5,0.89348,0.055119,-0.082102,4,-61,4.5007,921.25,3
237.75,0.97555,0.055119,-0.070699,3,-52.5,5.6036,924.75,3
238,1.0576,0.055119,-0.059296,4,-62.5,4.7155,924.25,3
238.25,1.0576,0.055119,-0.059296,3,-50.5,4.7492,920.75,3
238.5,1.1514,-0.025263,-0.0022806,3,-51,3.8549,922.25,3
238.6,1.1514,-0.025263,-0.0022806,3,-51,0.7133,922.25,3
238.75,1.1514,-0.025263,-0.0022806,4,-64.5,3.9224,925.25,3
239,1.2101,-0.059712,0.043332,4,-61,4.0697,921.75,3
240,0.91693,0.055119,-0.10491,4,-61.5,5.5269,920.25,3
240.1,0.91693,0.055119,-0.10491,4,-63.5,1.2072,924.75,3
240.5,0.96383,0.055119,-0.082102,3,-50,4.7492,920.75,3
240.58,0.96383,0.055119,-0.082102,4,-61,5.01,920.75,3
241,0.98728,0.055119,-0.070699,4,-61.5,3.5481,922.25,3
241.1,0.98728,0.055119,-0.070699,3,-51,3.8564,922.25,3
241.15,0.98728,0.055119,-0.070699,4,-64.5,0.74858,925.25,3
241.5,1.2452,-0.071196,0.031928,4,-61.5,4.0267,921.75,3
241.75,1.2452,-0.071196,0.031928,4,-65,3.4699,925.75,3
242,1.2452,-0.071196,0.031928,3,-51,0.44025,922.75,3
242.25,1.1749,-0.036746,0.0091224,3,-50,4.4808,921.25,3
242.35,1.1749,-0.036746,0.0091224,4,-61,4.5206,921.25,3
242.5,0.92865,0.055119,-0.093505,4,-61.5,5.4702,920.25,3
242.75,0.96383,0.055119,-0.093505,4,-63,1.6245,924.25,3
243,0.96383,0.055119,-0.093505,3,-50,4.7661,920.75,3
243.25,1.128,-0.01378,-0.013684,4,-61.5,3.5711,922.25,3
243.5,1.128,-0.01378,-0.013684,4,-65,0.78847,925.25,3
244,0.96383,0.055119,-0.093505,3,-50.5,1.0048,921.75,3
244.25,0.94038,0.055119,-0.082102,4,-65,3.4607,925.75,3
244.5,0.94038,0.055119,-0.082102,4,-62,6.1436,922.75,3
244.75,1.1397,-0.036746,0.0091224,3,-50,5.0575,920.25,3
245,0.94038,0.055119,-0.082102,4,-61,5.4686,920.25,3
245.25,0.94038,0.055119,-0.082102,4,-63,1.5923,924.25,3
245.35,0.94038,0.055119,-0.082102,4,-61,4.987,920.75,3
245.75,0.96383,0.043636,-0.070699,4,-62,2.5019,923.25,3
245.83,0.96383,0.043636,-0.070699,3,-51,0.73017,922.25,3
246,0.97555,0.055119,-0.082102,4,-64.5,3.8871,925.25,3
246.5,0.96383,0.043636,-0.093505,4,-61.5,4.039,921.75,3
246.75,0.96383,0.043636,-0.093505,4,-65,3.4929,925.75,3
247,0.9521,0.055119,-0.082102,4,-61,4.516,921.25,3
247.25,0.9521,0.055119,-0.082102,4,-61.5,5.4855,920.25,3
247.5,0.9521,0.055119,-0.082102,4,-63.5,1.1796,924.75,3
247.75,0.97555,0.055119,-0.082102,4,-61.5,5.0023,920.75,3
248,0.97555,0.055119,-0.082102,4,-62,5.6328,923.25,3
248.5,1.3859,-0.12861,0.088944,4,-62,2.0095,923.75,3
249,0.99901,0.055119,-0.059296,3,-53.5,5.0913,925.75,3
249.5,1.0459,0.02067,-0.059296,3,-50.5,4.4332,921.25,3
249.58,1.0459,0.02067,-0.059296,4,-61,4.5038,921.25,3
249.75,1.0459,0.02067,-0.059296,3,-50,5.0422,920.25,3
249.85,0.92865,0.055119,-0.10491,3,-53,5.5591,924.75,3
249.88,0.92865,0.055119,-0.10491,4,-63.5,1.1612,924.75,3
250.25,0.94038,0.055119,-0.10491,3,-50.5,4.7431,920.75,3
250.5,0.91693,0.055119,-0.10491,4,-62,2.5142,923.25,3
251.25,1.1749,-0.071196,0.020525,4,-62.5,5.1956,923.75,3
251.35,1.1749,-0.071196,0.020525,4,-61.5,0.87437,921.75,3
251.75,1.1749,-0.071196,0.020525,3,-51.5,0.36509,922.75,3
251.83,1.1749,-0.071196,0.020525,3,-51.5,0.36049,922.75,3
252.25,0.9521,0.032153,-0.093505,4,-61.5,5.4963,920.25,3
252.33,0.9521,0.032153,-0.093505,4,-63.5,1.195,924.75,3
252.75,0.9521,0.032153,-0.093505,3,-50.5,4.7339,920.75,3
252.85,0.94038,0.055119,-0.082102,3,-50.5,4.763,920.75,3
252.88,0.94038,0.055119,-0.082102,4,-62.5,5.7156,923.25,3
253.5,1.1163,-0.0022966,-0.03649,3,-52.5,6.0531,923.75,3
254.25,1.2687,-0.094162,0.043332,3,-50.5,4.3964,921.25,3
254.35,1.2687,-0.094162,0.043332,4,-61,4.5237,921.25,3
254.5,0.97555,0.055119,-0.082102,4,-61,5.4686,920.25,3
254.75,0.97555,0.055119,-0.082102,4,-63.5,1.1704,924.75,3
255.25,1.1514,-0.036746,-0.0022806,3,-50,4.7063,920.75,3
255.33,1.1514,-0.036746,-0.0022806,4,-61,4.9977,920.75,3
255.5,0.96383,0.043636,-0.082102,3,-51,0.65501,922.25,3
255.75,0.96383,0.043636,-0.082102,3,-51,0.66421,922.25,3
256,1.3625,-0.11713,0.077541,3,-52.5,6.047,923.75,3
256.25,1.0107,0.055119,-0.093505,3,-51,0.95107,921.75,3
257,1.3273,-0.14009,0.043332,4,-61.5,5.4778,920.25,3
257.5,1.0225,0.032153,-0.059296,3,-50.5,4.7185,920.75,3
257.57,1.0225,0.032153,-0.059296,4,-61.5,5.0161,920.75,3
257.75,1.0225,0.032153,-0.059296,3,-52,0.041417,923.25,3
258.25,1.2335,-0.071196,0.043332,4,-63,2.0203,923.75,3
258.75,1.1983,-0.071196,0.054735,3,-50,4.2108,921.75,3
259,1.339,-0.11713,0.077541,4,-62,2.9621,922.75,3
259.25,1.339,-0.11713,0.077541,3,-50,4.5943,921.25,3
259.35,1.339,-0.11713,0.077541,3,-50,4.5958,921.25,3
259.4,1.339,-0.11713,0.077541,4,-61,4.4716,921.25,3
259.75,0.9521,0.043636,-0.082102,4,-63,1.5815,924.25,3
260,0.9521,0.043636,-0.082102,3,-50,4.7768,920.75,3
260.25,0.98728,0.055119,-0.082102,4,-62.5,2.5035,923.25,3
260.35,0.98728,0.055119,-0.082102,4,-62,0.37276,922.25,3
260.75,1.0225,0.02067,-0.047893,4,-63,5.2017,923.75,3
261,1.0225,0.02067,-0.047893,3,-50.5,4.1724,921.75,3
261.5,1.0342,0.043636,-0.070699,4,-61.5,1.376,921.25,3
261.75,1.0342,0.043636,-0.070699,4,-61.5,4.5145,921.25,3
262.25,0.97555,0.055119,-0.082102,4,-63,1.623,924.25,3
262.75,1.0225,0.055119,-0.070699,3,-51,0.20095,923.25,3
262.85,1.0225,0.055119,-0.070699,4,-61.5,0.37276,922.25,3
263.25,1.1632,-0.036746,0.0091224,4,-64.5,3.9024,925.25,3
263.5,0.94038,0.055119,-0.082102,4,-62,4.016,921.75,3
264,1.0928,0.02067,-0.025087,1,-66,3.8442,922.75,3
264.1,1.0928,0.02067,-0.025087,4,-61.5,1.3668,921.25,3
264.25,1.0928,0.02067,-0.025087,3,-50,5.0345,920.25,3
264.75,1.0342,0.032153,-0.070699,4,-63.5,1.6598,924.25,3
265,1.0342,0.032153,-0.070699,3,-50,4.7691,920.75,3
265.1,1.0342,0.032153,-0.070699,4,-61.5,5.0054,920.75,3
265.5,1.1632,-0.01378,0.0091224,4,-64.5,3.9101,925.25,3
265.75,1.1632,-0.01378,0.0091224,4,-62.5,2.0617,923.75,3
266,0.91693,0.055119,-0.093505,4,-65.5,0.32981,925.75,3
266.5,0.97555,0.043636,-0.070699,3,-50,4.5544,921.25,3
266.75,1.257,-0.082679,0.054735,3,-50,5.1312,920.25,3
266.85,1.257,-0.082679,0.054735,4,-61.5,5.4073,920.25,3
267,1.257,-0.082679,0.054735,4,-64,1.1781,924.75,3
267.25,1.0811,0.0091865,-0.025087,4,-62,4.9486,920.75,3
267.5,1.0811,0.0091865,-0.025087,4,-62.5,5.6389,923.25,3
268.5,1.3508,-0.094162,0.066138,4,-61.5,4.0267,921.75,3
268.75,1.3508,-0.094162,0.066138,4,-62.5,6.1405,922.75,3
269,1.3508,-0.094162,0.066138,4,-61.5,4.513,921.25,3
269.75,0.94038,0.055119,-0.082102,3,-52,5.8506,924.25,3
269.85,0.94038,0.055119,-0.082102,4,-61,4.9701,920.75,3
269.9,0.94038,0.055119,-0.082102,4,-62.5,5.6297,923.25,3
270.25,0.91693,0.032153,-0.093505,4,-62,0.35742,922.25,3
270.5,0.91693,0.032153,-0.093505,4,-64.5,3.8948,925.25,3
270.75,1.0107,0.055119,-0.070699,3,-51,4.1724,921.75,3
270.85,1.0107,0.055119,-0.070699,4,-62,3.996,921.75,3
271.25,1.1866,-0.048229,0.020525,3,-50.5,1.3438,921.25,3
271.5,1.128,-0.01378,-0.025087,4,-62,5.4579,920.25,3
271.75,1.128,-0.01378,-0.025087,4,-64.5,1.2042,924.75,3
272,0.96383,0.055119,-0.082102,4,-61.5,5.0161,920.75,3
272.5,0.96383,0.055119,-0.082102,3,-51,0.72557,922.25,3
272.57,0.96383,0.055119,-0.082102,4,-61.5,0.42184,922.25,3
273,0.94038,0.055119,-0.093505,4,-62.5,2.0525,923.75,3
273.25,0.94038,0.055119,-0.093505,3,-50.5,4.1924,921.75,3
273.32,0.94038,0.055119,-0.093505,4,-61.5,4.019,921.75,3
273.75,1.257,-0.082679,0.054735,4,-61.5,4.4792,921.25,3
274,1.257,-0.082679,0.054735,3,-50,5.079,920.25,3
274.1,1.0107,0.055119,-0.070699,4,-61.5,5.4717,920.25,3
274.25,1.0107,0.055119,-0.070699,4,-64,4.312,924.75,3
274.5,1.0107,0.055119,-0.070699,4,-61.5,5.0084,920.75,3
274.75,0.9521,0.055119,-0.082102,4,-62.5,2.5541,923.25,3
275,0.9521,0.055119,-0.082102,4,-62.5,0.3973,922.25,3
275.25,0.9521,0.055119,-0.082102,4,-64.5,0.76852,925.25,3
275.5,0.9521,0.055119,-0.082102,4,-62,0.91732,921.75,3
276,1.0225,0.032153,-0.047893,4,-62,6.1375,922.75,3
276.75,1.1163,-0.01378,-0.013684,4,-64,1.1582,924.75,3
277,0.9521,0.055119,-0.082102,3,-50,4.7722,920.75,3
277.1,0.9521,0.055119,-0.082102,4,-61.5,4.9977,920.75,3
277.25,0.9521,0.055119,-0.082102,4,-62.5,5.6604,923.25,3
278.25,1.2101,-0.071196,0.031928,4,-61.5,4.0466,921.75,3
278.5,1.2335,-0.059712,0.043332,1,-66.5,3.8595,922.75,3
279.75,0.99901,0.055119,-0.070699,4,-62,2.5019,923.25,3
280,0.96383,0.043636,-0.070699,4,-61.5,3.5005,922.25,3
280.1,0.96383,0.043636,-0.070699,4,-64.5,3.8794,925.25,3
280.5,1.0459,0.032153,-0.047893,3,-50.5,4.1816,921.75,3
280.75,0.91693,0.055119,-0.10491,4,-62.5,6.1344,922.75,3
281.25,0.91693,0.055119,-0.10491,3,-50.5,4.4639,921.25,3
281.35,0.91693,0.055119,-0.10491,4,-61.5,4.5206,921.25,3
281.5,0.92865,0.055119,-0.082102,4,-63.5,4.3243,924.75,3
281.75,0.92865,0.055119,-0.082102,4,-63,4.7308,924.25,3
282.25,1.1749,-0.036746,0.020525,3,-51,3.8518,922.25,3
282.38,1.1749,-0.036746,0.020525,4,-62,0.36816,922.25,3
282.5,1.1749,-0.036746,0.020525,4,-64.5,0.70563,925.25,3
282.75,1.1749,-0.036746,0.020525,4,-62.5,2.0187,923.75,3
283.25,0.97555,0.066602,-0.082102,4,-65,3.4392,925.75,3
283.5,0.97555,0.066602,-0.082102,3,-51,0.60899,922.75,3
283.6,0.92865,0.055119,-0.082102,4,-61.5,4.5038,921.25,3
283.75,0.92865,0.055119,-0.082102,3,-50,5.2708,920.25,3
284.25,0.9052,0.055119,-0.10491,4,-61.5,4.9793,920.75,3
284.5,0.9052,0.055119,-0.10491,3,-51.5,0.2347,923.25,3
284.57,0.9052,0.055119,-0.10491,4,-62,5.6297,923.25,3
284.75,0.94038,0.055119,-0.11631,4,-62,0.36816,922.25,3
285.25,1.1163,-0.0022966,-0.025087,4,-62.5,5.191,923.75,3
285.75,1.0928,0.032153,-0.03649,4,-62.5,6.1651,922.75,3
286,1.0928,0.032153,-0.03649,4,-62,4.5329,921.25,3
286.07,1.0928,0.032153,-0.03649,3,-50,5.1358,920.25,3
286.25,1.2101,-0.059712,0.031928,4,-64,1.1689,924.75,3
286.75,0.99901,0.066602,-0.070699,4,-61.5,4.9747,920.75,3
287,0.99901,0.066602,-0.070699,3,-51,0.19021,923.25,3
287.07,0.9521,0.055119,-0.082102,4,-62,2.4897,923.25,3
287.75,1.1397,-0.01378,-0.0022806,3,-50.5,4.2522,921.75,3
288,0.9052,0.032153,-0.10491,4,-65.5,0.28685,925.75,3
288.5,1.0928,-0.025263,-0.025087,3,-50.5,4.536,921.25,3
288.57,1.0928,-0.025263,-0.025087,4,-61.5,4.5068,921.25,3
288.75,0.92865,0.055119,-0.10491,4,-64,4.3304,924.75,3
289.25,1.1045,-0.01378,-0.025087,3,-50,4.8259,920.75,3
289.75,1.0342,0.055119,-0.082102,4,-64.5,3.884,925.25,3
290.5,1.2218,-0.071196,0.043332,4,-65,0.28532,925.75,3
290.75,1.2218,-0.071196,0.043332,4,-62,6.1221,922.75,3
290.82,1.2218,-0.071196,0.043332,3,-50.5,4.5206,921.25,3
291.5,0.99901,0.055119,-0.093505,4,-63,1.5877,924.25,3
292.25,1.0459,0.032153,-0.070699,3,-51,0.74091,922.25,3
292.5,1.2452,-0.071196,0.043332,4,-62.5,2.0417,923.75,3
293,0.94038,0.055119,-0.10491,4,-62,3.0127,922.75,3
293.25,0.99901,0.066602,-0.070699,4,-61.5,4.5237,921.25,3
293.5,0.99901,0.066602,-0.070699,3,-50,5.0591,920.25,3
293.75,1.1514,-0.036746,0.0091224,4,-63.5,4.2967,924.75,3
294,1.1514,-0.036746,0.0091224,3,-50,4.8044,920.75,3
294.1,1.1514,-0.036746,0.0091224,4,-61.5,4.9716,920.75,3
294.5,1.1514,-0.036746,0.0091224,4,-62,5.6144,923.25,3
294.6,1.1514,-0.036746,0.0091224,3,-51,3.8932,922.25,3
295.75,1.1045,-0.025263,-0.03649,3,-50.5,4.493,921.25,3
296.25,0.9521,0.055119,-0.082102,3,-53,5.5637,924.75,3
296.35,0.9521,0.055119,-0.082102,4,-63.5,1.5999,924.25,3
296.5,0.9521,0.055119,-0.082102,4,-62,4.9977,920.75,3
297,1.2101,-0.071196,0.020525,3,-51,0.73017,922.25,3
297.1,0.92865,0.055119,-0.093505,3,-53,5.3122,925.25,3
297.25,0.92865,0.055119,-0.093505,4,-65,0.73784,925.25,3
297.5,0.98728,0.055119,-0.070699,3,-51,4.1448,921.75,3
297.6,0.98728,0.055119,-0.070699,4,-61.5,0.8805,921.75,3
297.75,0.98728,0.055119,-0.070699,4,-65,3.4146,925.75,3
299,0.9521,0.032153,-0.093505,3,-50,4.7983,920.75,3
299.1,0.9521,0.032153,-0.093505,3,-50.5,4.8014,920.75,3
299.18,0.94038,0.055119,-0.093505,4,-62.5,5.6098,923.25,3
299.25,0.94038,0.055119,-0.093505,3,-51,0.75165,922.25,3
299.5,0.91693,0.055119,-0.10491,4,-65,0.70256,925.25,3
299.75,0.91693,0.055119,-0.10491,4,-62.5,2.0218,923.75,3
300,0.91693,0.055119,-0.10491,4,-61.5,0.8759,921.75,3
300.5,1.0342,0.043636,-0.070699,4,-62,3.0081,922.75,3
300.75,1.2335,-0.059712,0.031928,3,-50.5,5.0683,920.25,3
301,1.1866,-0.048229,0.020525,4,-64,1.1796,924.75,3
301.5,1.1983,-0.048229,0.0091224,4,-62.5,5.6312,923.25,3
302,0.96383,0.055119,-0.082102,4,-64.5,0.71023,925.25,3
302.25,0.92865,0.055119,-0.093505,3,-50,4.2338,921.75,3
302.5,0.92865,0.032153,-0.10491,3,-53,5.1189,925.75,3
302.75,0.96383,0.032153,-0.093505,3,-51,0.48474,922.75,3
303,0.96383,0.032153,-0.093505,3,-51,0.47707,922.75,3
303.25,0.96383,0.043636,-0.10491,4,-62,5.4303,920.25,3
303.5,0.96383,0.043636,-0.10491,4,-63.5,1.1551,924.75,3
303.75,1.257,-0.071196,0.043332,3,-50,4.7814,920.75,3
303.85,1.257,-0.071196,0.043332,4,-61.5,4.9578,920.75,3
304.25,0.92865,0.032153,-0.11631,3,-51,0.71484,922.25,3
304.32,0.92865,0.032153,-0.11631,4,-61.5,0.36816,922.25,3
304.5,0.92865,0.032153,-0.11631,4,-62.5,5.1649,923.75,3
305,1.2804,-0.10565,0.054735,3,-50.5,4.1801,921.75,3
305.1,1.2804,-0.10565,0.054735,4,-65,3.4729,925.75,3
305.25,1.2804,-0.10565,0.054735,4,-61.5,6.1467,922.75,3
305.75,1.257,-0.071196,0.031928,3,-50,5.0775,920.25,3
305.85,1.257,-0.071196,0.031928,4,-61.5,5.5131,920.25,3
306,1.257,-0.071196,0.031928,4,-63,1.5846,924.25,3
306.25,1.3273,-0.11713,0.066138,4,-61.5,5.0054,920.75,3
306.75,0.98728,0.043636,-0.082102,4,-61.5,3.5389,922.25,3
307.5,1.2804,-0.082679,0.054735,4,-64.5,0.34054,925.75,3
307.75,1.2452,-0.094162,0.031928,4,-61.5,4.516,921.25,3
308,1.2452,-0.094162,0.031928,3,-50,5.0514,920.25,3
308.25,1.0928,0.0091865,-0.025087,4,-64,1.1443,924.75,3
308.75,1.2687,-0.059712,0.054735,4,-61,4.941,920.75,3
308.85,1.2687,-0.059712,0.054735,3,-52,0.065961,923.25,3
309,1.2687,-0.059712,0.054735,3,-52,0.079767,923.25,3
309.1,0.91693,0.055119,-0.082102,4,-62,3.4852,922.25,3
309.25,0.91693,0.055119,-0.082102,4,-64.5,0.79614,925.25,3
310,1.2335,-0.071196,0.031928,4,-65,3.5435,925.75,3
310.25,1.2335,-0.071196,0.031928,4,-62,6.1957,922.75,3
310.5,0.98728,0.055119,-0.093505,4,-62,5.5116,920.25,3
311,0.99901,0.078086,-0.082102,4,-62.5,1.6858,924.25,3
311.25,0.99901,0.078086,-0.082102,3,-50,4.763,920.75,3
311.75,1.0576,0.02067,-0.070699,4,-64,3.9607,925.25,3
312,0.91693,0.0091865,-0.12771,4,-62.5,4.3626,921.75,3
312.25,0.91693,0.0091865,-0.12771,4,-65,0.92499,925.75,3
312.75,0.84658,0.37665,0.54506,1,-58,4.6909,921.25,4
313,0.84658,0.37665,0.54506,3,-63.5,6.1098,920.25,4
313.5,0.84658,0.37665,0.54506,1,-57.5,4.9456,920.75,4
313.75,0.84658,0.37665,0.54506,1,-58.5,4.5866,923.25,4
315.25,0.84658,0.37665,0.54506,1,-57,0.58751,921.25,4
316,0.84658,0.37665,0.54506,1,-58,0.31293,920.75,4
