0,0.13132,1.0197,0.11175,4,-56,5.1987,921.25,1
0.025,0.13132,1.0197,0.11175,4,-56.5,6.2203,920.25,1
0.75,0.13132,1.0197,0.11175,4,-56,5.5315,920.75,1
1,0.13132,1.0197,0.11175,4,-57,6.0638,923.25,1
1.025,0.13132,1.0197,0.11175,1,-60.5,0.76392,922.25,1
1.5,0.13132,1.0197,0.11175,4,-57.5,5.642,923.75,1
2.25,0.1665,0.99674,0.11175,4,-57,0.26231,922.75,1
2.3,0.1665,0.99674,0.11175,4,-56.5,4.9517,921.25,1
2.5,0.1665,0.99674,0.11175,4,-56.5,5.9212,920.25,1
3,0.1665,0.99674,0.11175,4,-57.5,4.8888,924.25,1
3.25,0.1665,0.99674,0.11175,4,-56,5.372,920.75,1
3.325,0.1665,0.99674,0.11175,4,-57.5,5.8552,923.25,1
3.5,0.1665,0.99674,0.11175,4,-57,0.64427,922.25,1
4.25,0.2134,0.99674,0.14596,1,-61,0.93113,921.75,1
4.75,0.2134,0.99674,0.14596,1,-61.5,4.381,921.25,1
5,0.2134,0.99674,0.14596,1,-62,4.559,924.75,1
5.5,0.2134,0.99674,0.14596,4,-56.5,5.2447,920.75,1
6.25,0.31893,0.92784,0.19157,1,-63,0.6995,925.25,1
6.5,0.31893,0.92784,0.19157,4,-57,4.1924,921.75,1
7,0.31893,0.92784,0.19157,1,-61,5.9703,922.75,1
7.25,0.31893,0.92784,0.19157,1,-61.5,0.96641,921.25,1
8,0.35411,0.91636,0.21438,4,-57.5,5.7923,923.25,1
8.25,0.35411,0.91636,0.21438,4,-57,0.65194,922.25,1
8.75,0.35411,0.91636,0.21438,4,-58,5.2662,923.75,1
9,0.35411,0.91636,0.21438,4,-57,0.63507,921.75,1
9.25,0.35411,0.91636,0.21438,1,-62,6.1957,925.75,1
9.5,0.35411,0.91636,0.21438,4,-57,1.287,921.25,1
9.75,0.35411,0.91636,0.21438,4,-56.5,5.5898,920.25,1
10.5,0.22513,0.98526,0.19157,1,-61,5.4809,920.75,1
11,0.22513,0.98526,0.19157,1,-62.5,4.6372,925.25,1
12,0.22513,0.98526,0.19157,4,-57.5,5.8506,921.25,1
13,0.22513,0.98526,0.19157,1,-63.5,6.0638,920.75,1
13.75,0.22513,0.98526,0.19157,1,-63,1.1674,923.75,1
14.5,0.22513,0.98526,0.19157,4,-58,0.43718,921.25,1
15.75,0.17823,0.93932,0.33981,1,-64.5,4.5437,922.25,1
16.75,0.17823,0.93932,0.33981,4,-56.5,1.1873,922.75,1
17,0.17823,0.93932,0.33981,4,-57,6.2786,921.25,1
17.5,0.17823,0.93932,0.33981,1,-64.5,0.20555,924.75,1
18,0.17823,0.93932,0.33981,1,-63,0.50775,923.25,1
18.75,0.17823,0.93932,0.33981,1,-60,1.6659,921.75,1
20,0.20168,0.97377,0.12315,1,-62,6.0117,924.25,1
21.25,0.20168,0.97377,0.12315,4,-58,0.73631,921.75,1
22,0.20168,0.97377,0.12315,4,-57.5,5.3045,920.25,1
23,0.2134,0.97377,0.11175,4,-57.5,0.36816,922.25,1
23.5,0.2134,0.97377,0.11175,4,-57.5,4.0482,921.75,1
24.5,0.2134,0.97377,0.11175,3,-62,0.15493,920.25,1
25,0.2134,0.97377,0.11175,1,-58.5,1.1137,920.75,1
25.5,0.28376,0.97377,0.22578,4,-59.5,0.050621,925.25,1
26,0.28376,0.97377,0.22578,1,-59.5,1.3913,921.75,1
26.725,0.28376,0.97377,0.22578,4,-58.5,0.53076,921.25,1
27,0.28376,0.97377,0.22578,1,-59.5,2.2734,920.25,1
27.5,0.28376,0.97377,0.22578,4,-58,1.1536,920.75,1
28,0.28376,0.97377,0.22578,4,-58.5,5.8429,922.25,1
29.25,0.34238,0.93932,0.20297,4,-58,0.56911,921.25,1
29.75,0.34238,0.93932,0.20297,1,-61,5.2094,924.25,1
30.25,0.34238,0.93932,0.20297,1,-60.5,6.1114,923.25,1
30.75,0.34238,0.93932,0.20297,4,-58.5,0.26384,921.75,1
31.5,0.34238,0.93932,0.20297,3,-68,0.95874,922.75,1
31.75,0.34238,0.93932,0.20297,4,-57.5,1.7395,920.25,1
32.5,0.34238,0.93932,0.20297,4,-58,1.1259,920.75,1
32.75,0.34238,0.93932,0.20297,3,-69,5.4548,925.25,1
34.25,0.15478,0.98526,0.12315,3,-68,5.0821,920.25,1
35,0.15478,0.98526,0.12315,4,-59,4.7661,923.25,1
35.5,0.15478,0.98526,0.12315,1,-62,5.6527,923.75,1
36.25,0.15478,0.98526,0.12315,1,-60,1.781,921.25,1
37.25,0.29548,0.92784,0.19157,4,-57.5,1.3453,920.75,1
37.75,0.29548,0.92784,0.19157,1,-61.5,0.71023,922.25,1
38.75,0.29548,0.92784,0.19157,4,-58,3.7935,921.25,1
39,0.29548,0.92784,0.19157,1,-60.5,2.4022,920.25,1
41,0.1665,0.99674,0.12315,4,-59,5.5239,922.75,1
42,0.1665,0.99674,0.12315,4,-57,1.4343,920.75,1
43,0.33066,0.92784,0.23718,1,-61,1.4665,921.75,1
43.75,0.33066,0.92784,0.23718,4,-57,1.2855,921.25,1
44,0.33066,0.92784,0.23718,4,-59.5,4.3964,924.75,1
44.75,0.33066,0.92784,0.23718,4,-58.5,5.3306,923.25,1
45.5,0.33066,0.92784,0.23718,4,-58,0.49548,921.75,1
46,0.33066,0.92784,0.23718,1,-61.5,0.68109,922.75,1
48,0.35411,0.88191,0.22578,4,-58.5,0.37276,921.75,1
48.75,0.35411,0.88191,0.22578,4,-57.5,5.1649,920.25,1
49.5,0.35411,0.88191,0.22578,1,-61,5.3091,920.75,1
50.25,0.35411,0.88191,0.22578,4,-59.5,4.6081,923.75,1
51.75,0.27203,0.91636,0.19157,4,-57.5,1.491,920.75,1
52.25,0.27203,0.91636,0.19157,1,-62,6.2433,923.25,1
53,0.27203,0.91636,0.19157,1,-61,1.0937,921.75,1
53.5,0.27203,0.91636,0.19157,4,-57.5,5.1803,920.25,1
54.25,0.27203,0.91636,0.19157,1,-60.5,2.0586,920.75,1
54.75,0.27203,0.91636,0.19157,4,-58.5,6.162,922.25,1
55.25,0.27203,0.91636,0.19157,3,-69,1.06,921.75,1
56,0.27203,0.91636,0.19157,1,-60,2.1798,920.25,1
56.75,0.27203,0.91636,0.19157,4,-58,1.4327,920.75,1
58.25,0.18995,0.97377,0.13456,1,-61,6.1497,922.75,1
59,0.18995,0.97377,0.13456,1,-59.5,1.7211,920.75,1
59.5,0.18995,0.97377,0.13456,1,-60.5,0.39577,922.25,1
60.5,0.18995,0.97377,0.13456,1,-61,0.099709,922.75,1
61,0.18995,0.97377,0.13456,1,-59,5.8797,920.25,1
62,0.28376,0.97377,0.13456,3,-61.5,4.8919,922.25,1
62.5,0.28376,0.97377,0.13456,1,-58.5,1.4189,923.75,1
62.75,0.28376,0.97377,0.13456,1,-57.5,6.0638,921.75,1
63,0.28376,0.97377,0.13456,1,-59.5,0.89278,921.25,1
63.75,0.28376,0.97377,0.13456,3,-69,6.0086,924.25,1
64.5,0.28376,0.97377,0.13456,1,-60.5,0.69489,922.25,1
66.25,0.27203,0.95081,0.16876,1,-62,4.8075,924.25,1
66.75,0.27203,0.95081,0.16876,4,-59.5,1.4834,923.25,1
67.5,0.27203,0.95081,0.16876,3,-68,0.97101,921.75,1
68.25,0.27203,0.95081,0.16876,4,-57.5,1.3514,920.25,1
68.75,0.27203,0.95081,0.16876,3,-66.5,4.8121,920.75,1
69.25,0.27203,0.95081,0.16876,3,-66.5,0.90505,922.25,1
71.25,0.28376,0.93932,0.19157,1,-62,1.4527,924.25,1
72.25,0.28376,0.93932,0.19157,1,-61.5,5.0744,923.75,1
73,0.28376,0.93932,0.19157,4,-58.5,0.4019,921.25,1
73.25,0.28376,0.93932,0.19157,1,-60.5,1.4542,920.25,1
74,0.28376,0.93932,0.19157,4,-59.5,4.9486,923.25,1
74.5,0.28376,0.93932,0.19157,1,-67,1.8623,923.75,1
75.75,0.28376,0.93932,0.19157,4,-56.5,5.0744,920.25,1
77,0.29548,0.95081,0.21438,4,-57.5,1.3131,923.75,1
77.5,0.29548,0.95081,0.21438,4,-59.5,5.5653,925.75,1
78.25,0.29548,0.95081,0.21438,4,-58,0.39884,924.75,1
79.25,0.29548,0.96229,0.22578,4,-58,6.2786,925.25,1
80.25,0.43619,0.91636,0.27139,3,-59,0.98635,921.25,1
80.35,0.43619,0.91636,0.27139,1,-56,2.3945,920.25,1
80.5,0.43619,0.91636,0.27139,4,-57.5,6.2464,920.25,1
80.575,0.43619,0.91636,0.27139,4,-59.5,1.3545,924.75,1
81.75,0.31893,1.0197,0.0091224,1,-57.5,0.88664,925.25,1
81.85,0.31893,1.0197,0.0091224,4,-61,1.9988,923.75,1
82,0.31893,1.0197,0.0091224,3,-56.5,6.231,921.75,1
82.5,0.31893,1.0197,0.0091224,3,-57.5,6.1052,922.75,1
82.6,0.31893,1.0197,0.0091224,1,-58,0.35742,921.25,1
82.75,0.31893,1.0197,0.0091224,4,-61,5.0683,920.25,1
83.5,0.68242,0.82449,0.12315,3,-56.5,4.1295,920.75,1
83.75,0.68242,0.82449,0.12315,3,-59.5,5.4809,923.25,1
84,0.68242,0.82449,0.12315,4,-59,5.4288,922.25,1
84.5,0.34238,0.99674,-0.013684,3,-59,2.1997,921.75,1
85,0.14305,1.0656,-0.10491,3,-61.5,1.0861,921.25,1
85.5,0.2134,0.95081,0.10035,1,-57.5,5.3475,924.75,1
86,0.2134,0.95081,0.10035,1,-61.5,5.4456,920.75,1
86.25,0.2134,0.95081,0.10035,4,-59.5,5.5852,922.25,1
87,0.2134,0.95081,0.10035,1,-58.5,1.333,921.75,1
87.5,0.2134,0.95081,0.10035,1,-58,1.4189,921.25,1
88.25,0.0023451,0.97377,0.16876,1,-57.5,1.784,920.75,1
88.5,0.0023451,0.97377,0.16876,1,-58,5.935,923.25,1
88.75,0.0023451,0.97377,0.16876,4,-59,5.3106,922.25,1
89.25,0.0023451,0.97377,0.16876,1,-58,0.34821,921.75,1
89.75,0.0023451,0.97377,0.16876,1,-57.5,5.8383,922.75,1
90,0.0023451,0.97377,0.16876,4,-58.5,6.2203,921.25,1
90.75,0.0023451,0.97377,0.16876,1,-58,1.8853,920.75,1
91,0.0023451,0.97377,0.16876,1,-59,6.1911,923.25,1
92.25,0.14305,1.0197,0.11175,1,-57.5,5.8261,922.75,1
92.75,0.23685,0.98526,0.16876,3,-68,6.0638,924.75,1
93.25,0.23685,0.98526,0.16876,3,-67.5,5.1312,920.75,1
94,0.23685,0.98526,0.16876,1,-59.5,5.415,923.75,1
94.5,0.23685,0.98526,0.16876,1,-59,6.2188,922.75,1
95,0.23685,0.98526,0.16876,1,-58,1.152,921.25,1
95.5,0.31893,0.96229,0.19157,1,-57,5.8567,924.25,1
95.6,0.31893,0.96229,0.19157,1,-56.5,5.2631,920.75,1
95.75,0.31893,0.96229,0.19157,1,-57,5.9564,923.25,1
96,0.31893,0.96229,0.19157,4,-58,5.2293,922.25,1
96.25,0.31893,0.96229,0.19157,1,-58.5,0.7225,925.25,1
97.25,0.2603,0.99674,0.20297,1,-58,6.1528,922.75,1
97.35,0.2603,0.99674,0.20297,1,-57.5,1.2548,921.25,1
97.5,0.2603,0.99674,0.20297,1,-57.5,5.3014,920.25,1
98,0.2603,0.99674,0.20297,1,-58,5.1971,924.25,1
98.25,0.2603,0.99674,0.20297,4,-57.5,1.1305,920.75,1
98.5,0.2603,0.99674,0.20297,3,-64,1.6858,922.25,1
99.5,0.65897,0.85894,0.2828,4,-57,0.91272,922.75,1
99.75,0.65897,0.85894,0.2828,1,-56.5,0.70256,921.25,1
100,0.40101,0.84746,0.11175,4,-57,0.19328,920.25,1
100.25,0.40101,0.84746,0.11175,1,-57.5,0.8621,924.75,1
100.33,0.40101,0.84746,0.11175,1,-56,1.2916,924.25,1
100.5,0.40101,0.84746,0.11175,1,-56.5,0.89584,920.75,1
100.75,0.40101,0.84746,0.11175,1,-55.5,5.1879,923.25,1
101,0.54171,0.85894,0.21438,4,-57,0.58598,922.25,1
101.28,0.54171,0.85894,0.21438,4,-59,0.31447,925.25,1
101.38,0.54171,0.85894,0.21438,3,-61,4.9057,923.75,1
101.75,0.17823,1.0771,-0.03649,3,-64,0.33134,925.75,1
102,0.17823,1.0771,-0.03649,1,-57.5,0.6995,922.75,1
102.25,0.17823,1.0771,-0.03649,1,-58.5,1.9834,921.25,1
102.5,0.17823,1.0771,-0.03649,4,-61,4.0881,924.75,1
103.5,0.17823,1.0771,-0.03649,1,-58.5,0.17794,922.25,1
104.5,-0.56048,1.0197,0.031928,3,-67,5.7647,921.25,1
104.75,-0.56048,1.0197,0.031928,1,-57.5,4.8704,920.25,1
105.5,0.74105,0.76708,0.33981,4,-60,1.0446,920.75,1
105.75,0.74105,0.76708,0.33981,4,-60.5,0.2485,922.25,1
106,0.74105,0.76708,0.33981,4,-67,6.2142,925.25,1
106.25,0.72932,0.81301,0.077541,4,-64.5,6.0608,921.75,1
107,0.87003,0.066602,0.0091224,3,-50,6.1927,921.25,3
107.5,1.1514,-0.25493,0.11175,4,-63.5,5.8736,924.75,3
108,1.1749,-0.41569,-0.0022806,4,-62.5,0.53996,920.75,3
109,0.92865,-0.048229,-0.047893,4,-63.5,5.5745,921.75,3
109.5,0.92865,-0.036746,-0.093505,4,-63.5,6.0914,921.25,3
109.75,1.3742,-0.22048,0.16876,4,-65,6.1758,924.75,3
110.5,1.3156,-0.14009,0.317,4,-67.5,2.7213,922.25,3
111.25,1.3156,-0.14009,0.317,4,-68.5,0.041417,921.75,3
112.25,0.92865,-0.036746,-0.047893,4,-67.5,4.5713,920.25,3
113.5,1.0811,-0.048229,0.0091224,4,-67,1.4603,923.75,3
114,1.0811,-0.048229,0.0091224,3,-57,5.9887,925.75,3
114.1,1.0811,-0.048229,0.0091224,4,-67.5,2.2534,922.75,3
114.25,1.0811,-0.048229,0.0091224,4,-68,0.52769,921.25,3
114.75,1.0811,-0.048229,0.0091224,4,-68.5,0.65194,924.75,3
115.5,1.1749,-0.048229,0.088944,3,-53.5,5.1649,922.25,3
116,1.1866,-0.025263,0.10035,4,-67.5,1.0002,923.75,3
116.25,1.1866,-0.025263,0.10035,4,-68,5.438,925.75,3
117,1.1397,-0.025263,0.066138,4,-66,1.0983,920.25,3
118,1.3273,-0.15158,0.21438,4,-68,5.846,922.25,3
118.5,1.3273,-0.15158,0.21438,4,-68,6.1804,921.75,3
119.75,1.1632,-0.094162,0.11175,4,-68.5,1.129,924.25,3
121.53,1.0928,-0.082679,0.054735,1,-64,0.33748,922.75,3
122,1.1514,-0.11713,0.16876,1,-64,5.0115,924.75,3
122.5,1.1514,-0.11713,0.16876,4,-66,4.3182,920.75,3
123.5,1.1749,-0.10565,0.10035,3,-57,5.5469,921.75,3
124.25,1.1749,-0.10565,0.10035,1,-61,5.7509,920.25,3
125.25,1.3039,-0.16306,0.12315,4,-67.5,2.7336,922.25,3
125.75,1.3039,-0.16306,0.12315,4,-67,1.4603,923.75,3
127.5,1.1983,-0.0022966,0.15736,1,-61.5,0.099709,923.25,3
127.75,1.1983,-0.0022966,0.15736,1,-61,4.243,922.25,3
128.25,0.96383,0.1355,0.066138,4,-68,0.55837,921.75,3
129,1.3508,-0.059712,0.21438,3,-57,0.474,920.25,3
129.75,1.2452,-0.0022966,0.22578,4,-68,4.0114,920.75,3
130.5,1.2101,0.032153,0.24859,4,-65,4.4884,923.75,3
131.25,1.0107,0.12402,0.066138,4,-64.5,5.7171,922.75,3
131.75,1.0107,0.11254,0.077541,4,-65.5,1.2993,920.25,3
132.5,0.94038,0.12402,0.054735,1,-67.5,1.0554,923.25,3
133.5,1.1749,0.078086,0.15736,1,-66.5,1.5064,922.75,3
134,1.1163,-0.036746,0.066138,1,-67,0.33134,920.25,3
134.25,1.1163,-0.036746,0.066138,1,-67,5.9334,924.75,3
134.5,1.1163,-0.036746,0.066138,3,-51,6.0531,920.75,3
134.75,1.2452,-0.15158,0.22578,4,-67,5.2708,923.25,3
135.25,1.2452,-0.15158,0.22578,3,-58,0.78386,925.25,3
137,1.4211,-0.16306,0.14596,4,-66,5.8905,924.25,3
139.5,1.1632,-0.094162,0.077541,3,-52,5.8291,920.75,3
142.5,0.92865,-0.048229,-0.025087,3,-52,4.8857,922.25,3
143.5,0.92865,-0.0022966,-0.047893,4,-68.5,0.34975,921.25,3
144,1.0928,-0.11713,0.0091224,3,-54.5,0.56604,924.25,3
144.75,1.0225,-0.01378,0.0091224,4,-68.5,2.7167,922.25,3
145.25,1.0225,-0.01378,0.0091224,4,-68,1.3744,923.75,3
145.5,1.0225,-0.01378,0.0091224,4,-68.5,6.1559,921.75,3
145.75,1.0225,-0.01378,0.0091224,4,-68,2.1353,922.75,3
147,1.2452,-0.01378,0.11175,4,-68,1.1305,923.25,3
147.5,1.2452,-0.01378,0.11175,4,-68.5,5.6512,925.25,3
147.75,1.2452,-0.01378,0.11175,4,-66.5,2.436,921.75,3
148,1.2452,-0.01378,0.11175,4,-68,5.1465,925.75,3
148.5,1.1632,-0.01378,0.077541,4,-67.5,0.13346,921.25,3
149.75,0.96383,-0.0022966,0.0091224,4,-68,2.6078,922.25,3
150,0.96383,-0.0022966,0.0091224,4,-68.5,1.2579,923.75,3
150.25,0.96383,-0.0022966,0.0091224,4,-68,6.1528,921.75,3
150.75,0.96383,-0.0022966,0.0091224,4,-68,2.1169,922.75,3
151.25,1.1632,-0.094162,0.054735,4,-68,4.335,920.25,3
151.75,0.92865,-0.025263,-0.03649,3,-53,1.2195,923.25,3
152,0.92865,-0.025263,-0.03649,4,-68,1.534,923.25,3
153,0.97555,-0.036746,-0.025087,4,-67.5,2.1,922.75,3
153.5,1.3625,-0.20899,0.11175,1,-67.5,2.1292,920.25,3
154,1.3625,-0.20899,0.11175,1,-68.5,1.8147,924.25,3
155.5,1.2335,-0.12861,0.11175,1,-67.5,5.9626,922.75,3
156,1.2335,-0.12861,0.11175,3,-52.5,6.0715,920.25,3
156.75,1.0225,-0.025263,-0.0022806,1,-65.5,1.5616,920.75,3
157,1.0225,-0.025263,-0.0022806,1,-66,0.14573,922.25,3
157.25,1.0225,-0.025263,-0.0022806,1,-67.5,5.1465,923.75,3
158,1.2804,-0.18603,0.11175,4,-68.5,1.5923,922.75,3
159,1.1163,-0.025263,0.12315,1,-64.5,6.116,920.75,3
159.1,1.1163,-0.025263,0.12315,3,-49.5,4.3857,923.25,3
159.25,0.94038,0.02067,0.020525,3,-50,4.4716,923.25,3
159.5,1.4211,-0.17454,0.20297,1,-68,1.5493,922.25,3
161,0.96383,-0.01378,-0.0022806,1,-63.5,4.9317,924.75,3
163,1.1514,-0.059712,0.088944,1,-63,4.7201,921.25,3
163.5,0.94038,-0.01378,0.0091224,1,-64.5,5.1833,924.25,3
166.5,0.99901,-0.0022966,-0.03649,3,-51.5,5.8245,920.75,3
166.75,1.1397,-0.094162,0.043332,3,-52,4.9103,922.25,3
167,1.1397,-0.094162,0.043332,1,-66,0.8667,925.25,3
170.5,1.257,-0.16306,0.088944,1,-64.5,1.8484,920.25,3
171.25,1.0928,-0.048229,-0.0022806,1,-64,1.4696,920.75,3
171.75,0.99901,-0.01378,0.031928,4,-69.5,5.5085,922.25,3
173,1.339,-0.17454,0.16876,1,-62,5.5009,920.25,3
175.25,1.2452,-0.048229,0.24859,1,-58,5.6036,921.25,3
177.5,1.1749,-0.12861,0.043332,1,-64.5,0.064427,922.75,3
178.25,1.0459,0.02067,0.0091224,1,-65,4.9977,924.25,3
180.25,0.91693,-0.036746,-0.03649,1,-65.5,5.4656,920.25,3
181.5,1.2921,-0.16306,0.18017,4,-65.5,0.51235,925.25,3
182.75,1.1163,-0.036746,0.054735,4,-68,3.8012,920.25,3
186.5,1.128,-0.10565,0.077541,1,-65,0.80687,925.25,3
187.5,1.1163,-0.036746,0.0091224,4,-67.5,6.2418,921.25,3
188.5,0.97555,-0.01378,-0.03649,3,-52.5,5.0069,922.25,3
188.75,0.97555,-0.01378,-0.03649,3,-54.5,0.13499,925.25,3
189.25,1.0694,-0.036746,0.020525,3,-52,5.1879,921.75,3
189.75,0.99901,-0.0022966,-0.03649,3,-52.5,4.5513,922.75,3
190,1.1749,-0.10565,0.054735,3,-51.5,6.0163,920.25,3
190.75,1.2452,-0.12861,0.043332,1,-64,5.3536,923.25,3
192.5,1.0576,-0.036746,-0.0022806,3,-51.5,5.9426,920.25,3
192.75,1.3156,-0.16306,0.12315,1,-67,1.063,924.75,3
193.25,1.0459,-0.036746,-0.013684,4,-65.5,5.1833,923.25,3
193.5,1.0459,-0.036746,-0.013684,4,-65.5,6.027,922.25,3
194.5,1.1514,-0.094162,0.10035,3,-57,5.7923,925.75,3
195,1.128,-0.048229,0.043332,4,-66,1.5923,920.25,3
195.5,1.3977,-0.16306,0.18017,4,-64.5,0.96181,920.75,3
196.25,1.0225,0.02067,0.020525,4,-67.5,1.5217,923.75,3
196.75,1.0225,0.02067,0.020525,4,-68,6.1037,925.75,3
197.28,0.9521,0.02067,0.0091224,4,-63,1.827,920.25,3
198.5,1.128,-0.071196,0.14596,4,-69,0.40804,922.25,3
201.75,1.4211,-0.18603,0.15736,1,-66.5,0.65194,925.75,3
202,1.4211,-0.18603,0.15736,3,-52.5,5.4487,921.25,3
203.25,1.339,-0.15158,0.13456,3,-53,4.8428,922.25,3
207,0.94038,-0.0022966,-0.03649,3,-52,6.1405,920.25,3
208,1.1632,-0.071196,0.043332,1,-64,0.34054,923.25,3
208.25,1.1632,-0.071196,0.043332,3,-58,0.084369,925.25,3
208.75,1.1632,-0.071196,0.043332,1,-58,5.0391,921.75,3
209.25,1.1632,-0.071196,0.043332,3,-58,0.20862,921.25,3
209.75,1.1632,-0.071196,0.043332,4,-69.5,4.7308,924.75,3
210.75,1.257,-0.16306,0.15736,3,-57.5,0.51695,925.25,3
211.25,1.257,-0.16306,0.15736,1,-64,1.6122,921.75,3
212.25,1.257,-0.15158,0.15736,3,-56.5,0.67802,924.75,3
217.75,1.0928,-0.01378,0.0091224,4,-68,1.2441,923.25,3
218.25,1.0928,-0.01378,0.0091224,4,-67.5,1.7794,923.75,3
220.5,1.0225,-0.025263,0.043332,1,-65.5,4.5084,925.25,3
220.75,1.0225,-0.025263,0.043332,1,-63,1.1382,921.75,3
222.25,1.1514,-0.094162,0.088944,1,-63,5.102,920.75,3
223,1.3039,-0.18603,0.15736,1,-64,5.8736,923.75,3
223.5,1.3039,-0.18603,0.15736,3,-57.5,6.2249,925.75,3
224.25,1.1163,-0.071196,0.16876,3,-57,0.7179,924.75,3
225.25,1.0225,-0.036746,0.020525,1,-65,0.65348,922.25,3
226.25,1.2452,-0.15158,0.19157,4,-68,5.596,922.75,3
226.75,1.2452,-0.15158,0.19157,4,-67.5,0.83449,924.75,3
231.25,1.0459,-0.036746,0.043332,1,-64,5.6773,920.25,3
232,1.339,-0.16306,0.16876,1,-63.5,5.1526,920.75,3
233.25,1.1045,-0.036746,0.054735,1,-66,0.82682,925.75,3
234,1.3508,-0.20899,0.15736,3,-52.5,6.1957,920.25,3
234.13,1.3508,-0.20899,0.15736,1,-67.5,4.9425,924.75,3
235.25,0.94038,0.055119,-0.082102,4,-70,3.9101,923.75,3
238.5,1.1983,-0.071196,0.15736,1,-63.5,1.3867,921.25,3
241,1.0694,-0.059712,0.031928,4,-63.5,0.86056,921.25,3
241.25,1.0694,-0.059712,0.031928,4,-66,4.4547,920.25,3
243,1.1045,-0.048229,0.066138,1,-67,4.2353,925.75,3
243.25,1.1045,-0.048229,0.066138,1,-63.5,1.2563,921.25,3
245.25,0.97555,0.0091865,0.020525,1,-64,0.93573,921.75,3
245.75,0.97555,0.0091865,0.020525,1,-63,1.5048,921.25,3
247.75,1.1632,-0.10565,0.12315,1,-63,1.0538,921.75,3
248.75,1.1514,-0.082679,0.077541,1,-67,5.372,924.75,3
249.25,1.1514,-0.082679,0.077541,1,-63.5,1.1766,923.25,3
249.75,1.1514,-0.082679,0.077541,1,-64,0.59672,923.75,3
251.5,1.0459,-0.01378,0.020525,1,-67,5.3797,924.25,3
252.75,0.98728,0.032153,0.020525,1,-65.5,1.1137,925.75,3
254.5,1.0576,-0.048229,0.088944,4,-67.5,0.25157,922.25,3
255,1.0576,-0.048229,0.088944,4,-67.5,0.98175,921.75,3
256.5,1.4211,-0.17454,0.23718,1,-64.5,5.2938,920.75,3
257.25,0.96383,-0.01378,0.066138,3,-58,0.93266,923.75,3
258.25,0.96383,0.02067,0.031928,1,-64,5.8184,920.25,3
259,0.96383,0.0091865,0.043332,1,-64.5,6.2817,923.25,3
261,0.94038,-0.0022966,-0.025087,1,-66.5,5.145,924.25,3
263,1.1632,-0.071196,0.054735,1,-65,1.4803,921.25,3
263.25,1.1632,-0.071196,0.054735,1,-67,4.7293,924.75,3
263.75,1.0107,-0.01378,-0.0022806,4,-69.5,4.7615,923.25,3
265.75,1.0576,-0.025263,-0.025087,1,-66.5,1.4772,924.75,3
268,0.94038,-0.0022966,-0.03649,3,-54.5,0.4065,924.75,3
269,0.96383,-0.01378,-0.03649,1,-66,0.4648,922.25,3
271.75,1.2335,-0.25493,-0.013684,4,-66.5,1.152,923.75,3
272,1.2335,-0.25493,-0.013684,3,-50.5,4.8029,921.75,3
274.5,0.54171,0.75559,0.088944,1,-58,4.9394,921.75,1
275.25,-0.068007,0.84746,0.38542,1,-58,5.6757,920.25,1
275.75,-0.068007,0.84746,0.38542,1,-57,5.757,920.75,1
276.75,-0.068007,0.84746,0.38542,1,-62.5,0.084369,923.75,1
278.5,0.27203,0.92784,0.066138,1,-63.5,5.6251,920.75,1
278.75,0.27203,0.92784,0.066138,1,-64.5,5.3751,925.25,1
279.25,0.27203,0.92784,0.066138,1,-62.5,2.2488,921.75,1
280.25,0.23685,0.99674,0.12315,1,-65,5.958,924.75,1
282.25,0.23685,0.96229,0.12315,1,-63.5,4.7032,922.75,1
282.75,0.23685,0.96229,0.12315,4,-56.5,4.7262,920.25,1
283.5,0.31893,0.93932,0.19157,1,-64.5,0.82682,923.25,1
284,0.31893,0.93932,0.19157,1,-64,3.7537,923.75,1
285.25,0.23685,0.98526,0.13456,4,-57.5,6.2525,924.75,1
286.5,0.29548,0.92784,0.18017,1,-63.5,0.76392,923.75,1
287.5,0.43619,0.90487,0.23718,1,-64,6.1957,924.75,1
288.25,0.43619,0.90487,0.23718,1,-63,1.2364,923.25,1
288.5,0.43619,0.90487,0.23718,1,-62,5.1618,922.25,1
289,0.43619,0.90487,0.23718,1,-61.5,5.622,921.75,1
290,0.18995,0.99674,0.14596,1,-61,0.36049,920.25,1
290.5,0.18995,0.99674,0.14596,1,-61,6.2004,920.75,1
291.5,0.29548,0.92784,0.20297,1,-62,5.349,921.75,1
292.75,0.17823,0.99674,0.12315,1,-63,0.28072,924.25,1
293.25,0.17823,0.99674,0.12315,1,-62,1.037,923.25,1
293.75,0.17823,0.99674,0.12315,1,-62.5,0.44946,923.75,1
294.75,0.2134,0.98526,0.14596,1,-62,0.041417,920.25,1
295.5,0.2134,0.98526,0.14596,4,-57,0.64427,920.75,1
296,0.2134,0.98526,0.14596,1,-65.5,2.1338,925.25,1
296.75,0.2134,0.98526,0.14596,4,-57,1.7395,922.75,1
297,0.2134,0.98526,0.14596,1,-62,2.2381,921.25,1
298,0.37756,0.88191,0.20297,4,-57.5,4.4501,923.25,1
298.5,0.37756,0.88191,0.20297,1,-66,2.1399,925.25,1
299,0.37756,0.88191,0.20297,1,-62.5,0.95874,922.75,1
299.5,0.37756,0.88191,0.20297,4,-56.5,1.2793,920.25,1
300,0.37756,0.88191,0.20297,1,-64.5,5.915,924.25,1
301,0.24858,0.96229,0.12315,1,-63.5,0.029146,923.75,1
301.75,0.24858,0.96229,0.12315,1,-62.5,0.92346,922.75,1
302,0.24858,0.96229,0.12315,1,-62,5.9703,920.25,1
302.75,0.24858,0.96229,0.12315,1,-62,5.6128,920.75,1
303.75,0.35411,0.92784,0.16876,1,-62,1.7948,921.75,1
304.25,0.35411,0.92784,0.16876,1,-62.5,5.2784,921.25,1
305,0.35411,0.92784,0.16876,4,-58,0.21936,924.25,1
305.25,0.35411,0.92784,0.16876,4,-57.5,4.2046,923.25,1
305.75,0.35411,0.92784,0.16876,4,-59.5,5.2984,925.25,1
306.75,0.49481,0.93932,0.21438,1,-63,1.8423,920.25,1
308.25,0.49481,0.93932,0.21438,4,-58,0.44025,923.75,1
309.25,0.29548,0.97377,0.077541,1,-63,1.853,921.25,1
310.25,0.29548,0.97377,0.077541,4,-57.5,1.0186,923.25,1
310.5,0.29548,0.97377,0.077541,1,-66.5,1.6981,925.25,1
311.75,0.35411,0.96229,0.14596,1,-66.5,0.47553,920.25,1
313,0.47136,0.89339,0.24859,1,-68,0.32214,922.25,1
314,0.37756,0.96229,0.20297,1,-67,0.58138,921.25,1
314.75,0.37756,0.96229,0.20297,1,-67,0.88511,920.75,1
315.75,0.35411,0.93932,0.16876,1,-67.5,0.57064,921.75,1
316.5,0.35411,0.93932,0.16876,4,-56,0.33134,921.25,1
318,0.34238,0.96229,0.13456,4,-58,5.4533,925.25,1
318.25,0.34238,0.96229,0.13456,4,-56,5.5944,921.75,1
320,0.29548,0.95081,0.20297,1,-65,1.8561,923.25,1
320.25,0.29548,0.95081,0.20297,4,-57,5.1772,925.25,1
320.5,0.29548,0.95081,0.20297,1,-59.5,1.0216,923.75,1
321,0.17823,0.97377,0.27139,1,-59.5,4.8765,922.75,1
321.5,0.17823,0.97377,0.27139,1,-59.5,5.9856,921.25,1
321.75,0.17823,0.97377,0.27139,3,-68,5.8077,924.25,1
322.25,0.17823,0.97377,0.27139,1,-60,0.18561,920.75,1
322.75,0.2603,0.92784,0.12315,1,-62.5,0.4786,923.75,1
323.28,0.2603,0.92784,0.12315,1,-61.5,5.2738,921.75,1
324,0.2603,0.92784,0.12315,4,-56.5,0.92346,920.25,1
324.25,0.2603,0.92784,0.12315,4,-58.5,5.6481,924.75,1
324.5,0.2603,0.92784,0.12315,1,-60,0.40804,920.75,1
325.25,0.38928,0.90487,0.15736,1,-61,6.0761,925.25,1
325.5,0.38928,0.90487,0.15736,1,-58,5.8046,921.75,1
325.75,0.38928,0.90487,0.15736,3,-66,1.962,925.75,1
326.5,0.42446,0.91636,0.23718,1,-61,0.86056,924.75,1
328,0.29548,0.97377,0.14596,1,-60,1.8346,921.75,1
328.5,0.29548,0.97377,0.14596,1,-60,6.1773,921.25,1
329,0.29548,0.97377,0.14596,1,-61.5,3.7475,920.25,1
329.75,0.29548,0.97377,0.14596,4,-59,5.6297,922.25,1
330.75,0.29548,0.97377,0.14596,4,-58.5,5.0161,922.75,1
331.25,0.29548,0.97377,0.14596,1,-62,0.66575,920.25,1
333.25,0.22513,0.96229,0.11175,1,-63.5,1.85,922.75,1
334.25,0.22513,0.96229,0.11175,1,-65,0.70563,924.25,1
334.75,0.22513,0.96229,0.11175,4,-60.5,5.8322,925.25,1
335.75,0.22513,0.96229,0.11175,1,-64,1.6322,922.75,1
336.25,0.22513,0.96229,0.11175,4,-59.5,6.1359,924.75,1
337.75,0.22513,0.97377,0.11175,4,-58,5.7448,921.75,1
338.25,0.22513,0.97377,0.11175,1,-62,6.004,921.25,1
339,0.22513,0.97377,0.11175,4,-58.5,6.0914,924.25,1
339.25,0.22513,0.97377,0.11175,1,-57,1.063,920.75,1
339.5,0.22513,0.97377,0.11175,1,-57.5,4.8627,923.25,1
340,0.30721,0.98526,0.10035,4,-59,5.915,923.75,1
340.25,0.30721,0.98526,0.10035,1,-58,5.6711,921.75,1
340.75,0.30721,0.98526,0.10035,1,-60.5,1.264,922.75,1
341,0.30721,0.98526,0.10035,4,-57.5,0.42951,920.25,1
341.5,0.30721,0.98526,0.10035,4,-57.5,6.0516,920.75,1
342.25,0.36583,0.93932,0.19157,1,-65,1.1628,925.25,1
343,0.36583,0.93932,0.19157,3,-66.5,1.8761,922.75,1
343.5,0.36583,0.93932,0.19157,1,-61,2.1476,920.25,1
344,0.36583,0.93932,0.19157,1,-60,1.9482,920.75,1
344.25,0.36583,0.93932,0.19157,1,-62,0.27151,923.25,1
345.25,0.36583,0.93932,0.25999,3,-67,1.3407,925.75,1
345.5,0.36583,0.93932,0.25999,1,-58,1.1965,922.75,1
345.75,0.36583,0.93932,0.25999,1,-57.5,0.16567,920.25,1
346.25,0.37756,0.93932,0.12315,1,-58,0.075165,924.25,1
346.5,0.37756,0.93932,0.12315,1,-56.5,0.018408,920.75,1
346.6,0.37756,0.93932,0.12315,4,-57,6.1129,923.25,1
347.25,0.30721,0.98526,0.088944,3,-68.5,6.1804,923.75,1
349.25,0.30721,0.98526,0.088944,4,-57,4.8044,922.25,1
349.75,0.30721,0.98526,0.088944,1,-62,0.70256,923.75,1
350.75,0.29548,0.96229,0.20297,4,-57,1.0492,920.25,1
351.25,0.29548,0.96229,0.20297,1,-61,6.0377,920.75,1
351.75,0.29548,0.96229,0.20297,1,-61,1.6935,922.25,1
352.25,0.29548,0.96229,0.20297,1,-60.5,1.8699,921.75,1
353,0.29548,0.96229,0.20297,4,-57,5.5438,921.25,1
353.5,0.38928,0.96229,0.16876,4,-59.5,5.0882,924.25,1
353.75,0.38928,0.96229,0.16876,1,-57,5.4487,920.75,1
354,0.38928,0.96229,0.16876,4,-58,5.8414,923.25,1
354.25,0.38928,0.96229,0.16876,4,-58,0.61052,922.25,1
354.38,0.38928,0.96229,0.16876,1,-58.5,5.2631,925.25,1
354.75,0.38928,0.96229,0.16876,4,-58.5,5.6665,923.75,1
354.85,0.38928,0.96229,0.16876,3,-65,0.86363,921.75,1
356,0.34238,0.99674,0.11175,1,-58,0.70103,924.25,1
356.25,0.34238,0.99674,0.11175,1,-58.5,6.1819,920.75,1
356.5,0.34238,0.99674,0.11175,1,-58.5,1.1858,923.25,1
356.75,0.34238,0.99674,0.11175,1,-59,5.2677,922.25,1
357,0.34238,0.99674,0.11175,4,-58,6.1083,923.75,1
357.75,0.27203,1.0427,0.13456,1,-61,5.9472,921.25,1
358.25,0.27203,1.0427,0.13456,4,-59.5,5.9917,924.75,1
358.75,0.27203,1.0427,0.13456,1,-61,5.9733,920.75,1
359.25,0.27203,1.0427,0.13456,1,-61.5,1.669,922.25,1
359.75,0.27203,1.0427,0.13456,4,-58,5.3843,921.75,1
360.25,0.27203,1.0427,0.13456,1,-61,2.5219,921.25,1
362.25,0.43619,0.89339,0.23718,1,-60.5,2.2626,921.75,1
363,0.43619,0.89339,0.23718,1,-58,0.61973,920.25,1
363.25,0.43619,0.89339,0.23718,1,-58,6.0684,924.75,1
363.5,0.43619,0.89339,0.23718,1,-59,0.29452,924.25,1
363.75,0.43619,0.89339,0.23718,4,-58,0.56144,923.25,1
365,0.30721,1.0082,0.14596,4,-58,1.6429,922.75,1
365.25,0.30721,1.0082,0.14596,1,-62,0.77619,920.25,1
366,0.30721,1.0082,0.14596,4,-57.5,6.2004,920.75,1
366.25,0.30721,1.0082,0.14596,3,-68.5,5.0253,923.25,1
366.5,0.30721,1.0082,0.14596,3,-63,5.3214,925.25,1
366.75,0.30721,1.0082,0.14596,3,-62,0.042951,923.75,1
367,0.30721,1.0082,0.14596,1,-59,5.3873,925.75,1
367.75,0.30721,1.0197,0.10035,1,-58,0.013806,921.25,1
368,0.30721,1.0197,0.10035,4,-58,4.9946,924.75,1
368.25,0.30721,1.0197,0.10035,1,-57.5,1.0953,924.25,1
368.5,0.30721,1.0197,0.10035,1,-57,5.1787,923.25,1
369,0.22513,1.0197,0.077541,4,-59,1.4404,925.25,1
369.25,0.22513,1.0197,0.077541,1,-58.5,1.4128,923.75,1
369.5,0.22513,1.0197,0.077541,4,-59.5,4.3258,925.75,1
369.75,0.22513,1.0197,0.077541,1,-58.5,2.1062,922.75,1
370.5,0.54171,0.89339,0.24859,4,-58.5,5.9687,924.25,1
371,0.54171,0.89339,0.24859,1,-58.5,1.9129,923.25,1
371.25,0.54171,0.89339,0.24859,4,-57,1.6797,922.25,1
371.75,0.54171,0.89339,0.24859,1,-61.5,1.3821,923.75,1
372.75,0.28376,0.97377,0.10035,1,-61.5,4.0114,920.25,1
373.5,0.28376,0.97377,0.10035,4,-58.5,1.4174,923.25,1
373.75,0.28376,0.97377,0.10035,1,-64.5,6.185,925.25,1
374.75,0.28376,0.97377,0.10035,1,-61.5,1.6045,922.75,1
375,0.28376,0.97377,0.10035,4,-58,0.81148,920.25,1
375.75,0.28376,0.97377,0.10035,4,-58,0.2439,920.75,1
376,0.28376,0.97377,0.10035,1,-61,2.0126,922.25,1
376.75,0.28376,0.97377,0.10035,4,-58,5.8936,921.75,1
377.75,0.35411,0.91636,0.19157,1,-64,6.0822,924.75,1
378.25,0.35411,0.91636,0.19157,4,-58,4.3949,923.25,4
379.75,0.35411,0.91636,0.19157,2,-65.5,5.0192,921.25,4
380,-0.021106,1.0771,0.14596,2,-66,1.422,924.75,4
380.5,-0.0093803,0.93932,-0.025087,1,-49,0.25311,920.75,4
380.75,0.14305,0.90487,-0.025087,1,-47,4.0743,920.75,4
380.85,0.13132,1.0427,-0.10491,1,-46.5,5.1757,923.25,4
380.9,0.10787,1.2838,-0.0022806,1,-45,1.8055,923.25,4
381,-0.22044,0.97377,0.2942,2,-58.5,4.7231,922.25,4
381.1,-0.22044,0.97377,0.2942,2,-60,5.5438,922.25,4
381.25,-0.22044,0.97377,0.2942,2,-56.5,1.1029,923.75,4
381.75,-0.22044,0.97377,0.2942,2,-56,5.4272,925.75,4
383,-0.54875,0.77856,-0.0022806,2,-58,0.2347,920.75,2
385,0.63552,0.52593,0.317,2,-57,5.1895,924.75,2
387,0.43619,0.92784,0.11175,2,-57,5.6251,922.75,2
388,0.29548,0.87042,0.24859,2,-57,6.0516,923.25,2
388.5,0.29548,0.87042,0.24859,2,-57.5,5.079,925.25,2
390.5,0.29548,0.91636,0.19157,2,-57,5.9503,923.25,2
391,0.29548,0.91636,0.19157,2,-57.5,5.3674,925.25,2
392.5,0.17823,1.0427,0.18017,2,-57.5,5.7478,924.25,2
393.75,0.29548,0.93932,0.22578,2,-56.5,0.4694,921.75,2
396,0.18995,0.95081,0.16876,2,-58,5.3766,925.25,2
397.75,0.28376,0.95081,0.20297,2,-57,5.9012,923.25,2
400.25,0.14305,0.98526,0.12315,2,-57,5.9258,923.25,2
400.75,0.14305,0.98526,0.12315,2,-57,5.8675,923.75,2
401.75,0.14305,0.98526,0.12315,2,-56.5,0.78386,921.25,2
402.75,0.17823,0.97377,0.12315,2,-57.5,5.9043,923.25,2
403.25,0.17823,0.97377,0.12315,2,-58,5.013,925.25,2
403.75,0.17823,0.97377,0.12315,2,-59,1.6414,925.75,2
405,0.34238,0.90487,0.22578,2,-57,5.6297,923.25,2
405.75,0.34238,0.90487,0.22578,2,-57.5,5.5653,923.75,2
406,0.34238,0.90487,0.22578,2,-58,1.807,925.75,2
407.25,0.1665,0.97377,0.14596,2,-57.5,5.3996,924.25,2
407.5,0.1665,0.97377,0.14596,2,-57,5.7524,923.25,2
408.25,0.1665,0.97377,0.14596,2,-57,5.5699,923.75,2
408.75,0.1665,0.97377,0.14596,2,-58.5,1.5938,925.75,2
410,0.15478,0.97377,0.13456,2,-57,5.6159,923.25,2
410.25,0.15478,0.97377,0.13456,2,-58,1.873,925.25,2
411.75,0.33066,0.90487,0.23718,2,-57.5,5.2477,924.75,2
413.5,0.20168,0.96229,0.16876,2,-58,1.2609,925.75,2
416,0.1665,0.98526,0.16876,2,-57.5,4.7922,925.75,2
416.75,0.1665,0.97377,0.14596,2,-57,5.5469,924.25,2
420.25,0.34238,0.91636,0.21438,2,-57.5,1.7518,925.25,2
421.75,0.1665,1.0082,0.11175,2,-57,5.2938,924.75,2
422.5,0.22513,0.95081,0.18017,2,-57.5,1.9221,925.25,2
424.5,0.15478,1.0082,0.11175,2,-57,5.6788,923.25,2
425.75,0.2134,0.97377,0.16876,2,-58,1.5616,925.75,2
427.5,0.18995,0.98526,0.11175,2,-58,5.2892,925.25,2
429,0.14305,0.97377,0.16876,2,-57.5,5.2738,924.75,2
430.25,0.18995,0.98526,0.15736,2,-59,6.2065,921.75,2
431.5,0.10787,0.97377,0.13456,2,-57,4.4808,924.25,2
435.5,0.42446,0.90487,0.20297,2,-57.5,5.3536,922.75,2
439.5,0.18995,0.97377,0.031928,2,-58,0.75165,925.25,2
444.75,-0.0093803,0.95081,0.088944,2,-50.5,4.898,923.75,2
446.25,0.072698,0.99674,0.10035,2,-57.5,5.1266,924.25,2
447,0.072698,0.99674,0.10035,2,-59,1.6429,925.25,2
447.75,0.072698,0.99674,0.10035,2,-57.5,5.8307,922.75,2
449,0.15478,0.95081,0.14596,2,-57.5,5.4579,923.25,2
449.5,0.15478,0.95081,0.14596,2,-57.5,5.2217,923.75,2
450.25,0.15478,0.95081,0.14596,2,-57.5,5.6128,922.75,2
452,0.18995,0.93932,0.20297,2,-57.5,5.5162,923.75,2
452.25,0.18995,0.93932,0.20297,2,-58.5,1.557,925.75,2
454.25,0.28376,0.89339,0.23718,2,-58.5,1.4726,925.25,2
454.75,0.28376,0.89339,0.23718,2,-57,6.0055,921.75,2
456.5,0.096148,0.97377,0.15736,2,-57,5.8092,922.25,2
457,0.096148,0.97377,0.15736,2,-57.5,5.3919,923.75,2
457.25,0.096148,0.97377,0.15736,2,-58.5,4.7615,925.75,2
458.75,0.1196,0.97377,0.18017,2,-57.5,5.8521,922.25,2
459.75,0.1196,0.97377,0.18017,2,-57,5.7279,922.75,2
461.5,0.096148,0.97377,0.14596,2,-57.5,1.8469,925.25,2
462.75,0.1665,0.95081,0.15736,2,-56,0.62893,920.25,2
463.25,0.1665,0.95081,0.15736,2,-57.5,0.22856,920.75,2
465.75,0.1665,0.95081,0.14596,2,-58,6.1773,920.75,2
466.75,0.1665,0.95081,0.14596,2,-57,5.8353,921.75,2
470.25,0.072698,0.97377,0.19157,2,-58,5.3643,924.75,2
471,0.072698,0.97377,0.19157,2,-57.5,6.1436,922.25,2
473.25,0.29548,0.89339,0.23718,2,-56,1.1827,920.75,2
474.75,0.29548,0.96229,0.2828,2,-56.5,0.68262,921.25,2
478,0.65897,0.75559,0.46524,2,-56.5,0.68109,920.75,2
479.5,0.38928,0.91636,0.21438,2,-58,5.5898,922.75,2
480.25,0.38928,0.91636,0.21438,2,-58,5.3751,924.25,2
480.75,0.38928,0.91636,0.21438,2,-58.5,6.254,922.25,2
481.5,0.38928,0.91636,0.21438,2,-59.5,4.8658,925.75,2
482.75,0.23685,0.90487,0.15736,2,-57,5.2155,924.25,2
483.25,0.23685,0.90487,0.15736,2,-57,6.1267,922.25,2
483.75,0.23685,0.90487,0.15736,2,-57.5,0.26231,921.75,2
484.5,0.23685,0.90487,0.15736,2,-58,0.95874,920.25,2
486.75,0.24858,0.95081,0.18017,2,-57.5,0.018408,922.75,2
487,0.24858,0.95081,0.18017,2,-57,1.1812,920.25,2
488.5,0.28376,0.93932,0.21438,2,-58,5.6052,923.75,2
489.25,0.28376,0.93932,0.21438,2,-57,0.49241,921.25,2
489.75,0.28376,0.93932,0.21438,2,-58.5,5.1143,924.75,2
490.5,0.28376,0.93932,0.21438,2,-57.5,0.18561,922.25,2
491.75,0.23685,0.97377,0.18017,2,-58,0.52769,921.25,2
492.75,0.23685,0.97377,0.18017,2,-58.5,5.7325,923.25,2
493.75,0.23685,0.97377,0.18017,2,-57.5,1.6245,925.75,2
495.5,-0.74808,0.65224,0.066138,2,-49.5,4.7507,922.25,4
495.75,-0.091458,0.89339,0.031928,2,-50.5,0.49394,925.25,4
495.88,-0.091458,0.89339,0.031928,2,-50.5,0.59672,925.25,4
496,0.1196,1.0197,-0.059296,2,-48.5,4.6434,923.75,4
496.13,0.33066,0.88191,0.18017,2,-47.5,6.0884,921.75,4
496.25,0.049247,1.0197,-0.03649,2,-49.5,4.5667,925.75,4
496.5,0.14305,1.0197,-0.013684,2,-48.5,6.2264,922.75,4
497,0.072698,1.0312,0.043332,2,-50,0.25924,924.75,4
497.25,0.025796,1.0312,0.031928,2,-49,0.92806,924.25,4
497.5,0.060972,1.0082,0.066138,1,-67.5,1.7211,920.75,4
497.6,0.060972,1.0082,0.066138,2,-48.5,6.1804,920.75,4
497.75,0.025796,1.0312,0.054735,2,-47.5,1.9313,923.25,4
497.85,0.025796,1.0082,0.031928,2,-48,2.0831,923.25,4
497.9,0.025796,0.99674,0.020525,2,-47.5,5.8537,922.25,4
498.25,-0.0093803,1.0312,0.043332,2,-48.5,1.939,925.25,4
498.35,0.084423,1.0312,0.031928,2,-46.5,2.8762,923.75,4
498.38,0.084423,0.98526,0.16876,1,-67.5,5.5929,923.75,4
498.5,0.084423,0.98526,0.16876,2,-44.5,5.2938,921.75,4
498.75,0.060972,1.0886,0.14596,2,-47,4.5252,925.75,4
498.88,0.060972,1.0886,0.14596,2,-46.5,4.6802,925.75,4
498.93,0.096148,0.82449,0.11175,2,-49,5.2892,925.75,4
498.98,0.096148,0.82449,0.11175,2,-49.5,0.36816,922.75,4
501,0.18995,1.3757,0.10035,2,-67,0.37736,921.75,4
501.25,0.18995,1.3757,0.10035,4,-58.5,5.4196,922.75,4
502.25,0.18995,1.3757,0.10035,1,-59,0.28379,924.25,1
502.75,0.15478,0.92784,0.27139,1,-59.5,5.7877,923.25,1
502.85,0.15478,0.92784,0.27139,4,-60.5,5.418,922.25,1
503.25,0.15478,0.92784,0.27139,2,-65.5,0.65961,923.75,1
503.75,0.62379,0.59483,0.6819,4,-67.5,6.07,922.75,1
504.25,0.56517,0.80152,0.10035,3,-51,5.372,920.25,1
504.35,0.56517,0.80152,0.10035,3,-51,5.2155,920.25,1
504.5,0.78795,0.51445,-0.070699,3,-52,0.61513,924.25,1
504.75,1.0811,0.16995,-0.070699,4,-62.5,5.8291,920.75,3
504.85,1.0811,0.16995,-0.070699,3,-48,0.91579,920.75,3
505,1.0811,0.16995,-0.070699,3,-48,0.8759,920.75,3
505.1,1.1749,0.032153,-0.0022806,4,-63.5,4.0359,923.25,3
505.5,1.128,-0.11713,0.031928,4,-64,5.642,925.25,3
506,1.0107,-0.059712,-0.082102,4,-62.5,5.5776,921.75,3
506.25,1.0107,-0.059712,-0.082102,4,-64.5,4.7569,922.75,3
506.5,0.9052,-0.025263,-0.059296,3,-49.5,5.3337,921.25,3
507.25,0.9521,-0.036746,-0.059296,3,-49,5.5975,920.75,3
507.38,0.98728,-0.036746,-0.047893,3,-49.5,5.6021,920.75,3
507.5,0.98728,-0.036746,-0.047893,4,-65.5,4.1387,923.25,3
507.75,1.2218,-0.15158,0.043332,3,-50,4.539,922.25,3
508.03,1.4211,-0.25493,0.12315,4,-66.5,0.58291,923.75,3
508.5,0.96383,-0.025263,-0.0022806,3,-51,4.2752,922.75,3
508.75,0.96383,-0.025263,-0.0022806,4,-65.5,1.6628,922.75,3
508.85,0.96383,-0.025263,-0.0022806,4,-65.5,0.33748,921.25,3
509.25,1.3977,-0.17454,0.27139,4,-67.5,6.2034,924.75,3
509.5,1.3977,-0.17454,0.27139,4,-66,0.3973,924.25,3
510,1.0225,-0.01378,0.088944,3,-51,4.4501,922.25,3
510.75,0.99901,-0.025263,0.031928,4,-67.5,5.6819,921.75,3
511,0.99901,-0.025263,0.031928,4,-67.5,5.2493,925.75,3
511.25,0.92865,-0.025263,-0.013684,4,-67.5,6.2663,921.25,3
511.5,0.92865,-0.025263,-0.013684,3,-50,5.8966,920.25,3
511.75,0.92865,-0.025263,-0.013684,4,-69,6.1451,924.75,3
512,1.0225,-0.059712,0.020525,4,-67,3.5159,920.75,3
512.25,1.0225,-0.059712,0.020525,4,-67,1.1305,923.25,3
512.5,1.0225,-0.059712,0.020525,4,-66.5,1.9635,922.25,3
513,0.97555,-0.025263,-0.013684,4,-68,0.5507,923.75,3
513.75,1.0459,-0.01378,-0.0022806,3,-50.5,5.0499,921.25,3
513.85,1.0459,-0.01378,-0.0022806,3,-50.5,5.0729,921.25,3
514,0.97555,-0.01378,-0.025087,4,-67.5,0.66728,920.25,3
514.25,0.97555,-0.01378,-0.025087,4,-68.5,5.9626,924.75,3
514.5,0.97555,-0.01378,-0.025087,3,-50,5.4917,920.75,3
514.75,1.2335,-0.16306,0.12315,4,-67.5,4.3258,923.25,3
515,1.2335,-0.16306,0.12315,3,-50.5,4.5805,922.25,3
515.1,1.2335,-0.16306,0.12315,4,-67,2.0755,922.25,3
516,1.128,-0.10565,0.043332,4,-67,1.5232,922.75,3
517,0.94038,-0.036746,-0.013684,3,-50,5.573,920.75,3
517.1,0.94038,-0.036746,-0.013684,4,-67,0.42031,920.75,3
517.25,0.94038,-0.036746,-0.013684,4,-67,4.3396,923.25,3
517.5,0.94038,-0.036746,-0.013684,4,-66.5,2.0494,922.25,3
518,1.1632,-0.11713,0.066138,4,-67.5,0.62893,923.75,3
518.5,1.0459,-0.036746,0.020525,3,-51,4.2369,922.75,3
518.63,1.0459,-0.036746,0.020525,4,-67,1.4864,922.75,3
518.75,1.0459,-0.036746,0.020525,4,-67,6.0516,921.25,3
519,1.0459,-0.036746,0.020525,4,-67,3.9178,920.25,3
519.25,0.94038,-0.01378,-0.025087,3,-50,5.372,920.75,3
519.5,0.92865,-0.036746,-0.047893,3,-50,5.4134,920.75,3
519.63,0.92865,-0.036746,-0.047893,4,-67.5,1.1244,923.25,3
520,1.1045,-0.12861,0.020525,4,-68,5.3843,925.25,3
520.25,1.1045,-0.12861,0.020525,4,-66.5,0.45866,923.75,3
521,0.94038,-0.036746,-0.013684,3,-50.5,5.1772,921.25,3
521.1,0.94038,-0.036746,-0.013684,4,-65.5,6.1068,921.25,3
521.25,0.94038,-0.036746,-0.013684,4,-66,0.74091,920.25,3
522,1.0107,0.0091865,0.10035,4,-66,0.33134,920.75,3
522.25,1.0225,-0.0022966,-0.03649,4,-65,5.0529,922.25,3
523,0.98728,-0.036746,-0.059296,4,-64.5,2.3623,921.75,3
523.25,0.98728,-0.036746,-0.059296,4,-64.5,4.539,922.75,3
523.5,0.98728,-0.036746,-0.059296,4,-64.5,5.9365,921.25,3
523.6,0.98728,-0.036746,-0.059296,3,-50,5.214,921.25,3
523.75,0.91693,-0.025263,-0.082102,3,-50,5.8598,920.25,3
524,1.0928,-0.071196,-0.013684,4,-66,5.7187,924.75,3
524.25,1.0928,-0.071196,-0.013684,3,-49.5,5.5085,920.75,3
524.5,0.98728,-0.01378,-0.059296,4,-65,0.029146,920.75,3
524.75,0.97555,-0.01378,-0.070699,3,-50.5,4.5759,922.25,3
524.85,0.97555,-0.01378,-0.070699,4,-67,2.0877,925.25,3
525.5,1.128,-0.094162,0.020525,4,-66.5,4.9149,925.75,3
525.75,1.128,-0.094162,0.020525,4,-64.5,4.4608,922.75,3
526,1.128,-0.094162,0.020525,3,-50,5.2585,921.25,3
526.25,0.94038,-0.036746,-0.070699,3,-49.5,5.9089,920.25,3
526.35,0.94038,-0.036746,-0.070699,4,-66.5,5.731,924.75,3
526.75,1.2101,-0.12861,0.031928,4,-64.5,3.272,920.75,3
527,1.1866,-0.14009,0.043332,4,-64.5,1.8408,922.25,3
527.25,1.1866,-0.14009,0.043332,4,-66,5.3521,925.25,3
527.75,1.257,-0.15158,0.066138,4,-64,5.4226,921.75,3
528,1.257,-0.15158,0.066138,4,-66.5,4.9087,925.75,3
528.25,1.257,-0.15158,0.066138,4,-65,1.3622,922.75,3
528.35,1.257,-0.15158,0.066138,4,-65.5,5.9012,921.25,3
528.5,1.257,-0.15158,0.066138,4,-65,3.7659,920.25,3
529,1.0107,-0.025263,-0.070699,3,-52.5,3.3579,924.25,3
529.25,0.97555,-0.0022966,-0.059296,3,-49.5,5.4963,920.75,3
529.38,0.92865,-0.025263,-0.070699,3,-51,4.0313,923.25,3
529.43,0.92865,-0.025263,-0.070699,4,-65.5,0.89738,923.25,3
529.5,0.92865,-0.025263,-0.070699,4,-64.5,4.9686,922.25,3
529.75,0.92865,-0.025263,-0.070699,4,-66.5,5.4226,925.25,3
530.5,1.0107,-0.048229,-0.059296,4,-67,4.9271,925.75,3
530.75,1.0107,-0.048229,-0.059296,3,-51,4.3396,922.75,3
530.83,1.2335,-0.16306,0.043332,4,-65.5,5.8107,921.25,3
531,1.2335,-0.16306,0.043332,4,-65.5,3.7245,920.25,3
531.25,1.2335,-0.16306,0.043332,3,-52.5,0.013806,924.75,3
531.38,1.2335,-0.16306,0.043332,4,-67.5,6.2387,924.25,3
531.75,1.0342,-0.036746,-0.03649,4,-65,0.072097,920.75,3
532,0.92865,-0.036746,-0.03649,3,-50.5,4.5851,922.25,3
532.25,0.92865,-0.036746,-0.03649,4,-67,5.4732,925.25,3
532.5,0.92865,-0.036746,-0.03649,4,-66.5,0.46019,923.75,3
533,0.94038,-0.036746,-0.070699,3,-50.5,4.2737,922.75,3
533.1,0.94038,-0.036746,-0.070699,4,-65.5,1.3683,922.75,3
533.25,0.94038,-0.036746,-0.070699,3,-49.5,5.145,921.25,3
533.5,0.9521,-0.025263,-0.082102,4,-66,0.57678,920.25,3
533.75,1.3859,-0.18603,0.11175,4,-66.5,6.185,924.25,3
534,1.3859,-0.18603,0.11175,3,-49.5,5.4886,920.75,3
534.5,0.96383,-0.036746,-0.059296,4,-65.5,1.8132,922.25,3
534.75,0.96383,-0.036746,-0.059296,4,-67.5,5.3797,925.25,3
535,0.96383,-0.036746,-0.059296,4,-67,0.42491,923.75,3
535.5,0.99901,-0.036746,-0.059296,4,-65.5,1.3591,922.75,3
535.75,1.2452,-0.15158,0.066138,3,-49.5,5.1296,921.25,3
536,1.0342,-0.082679,-0.047893,4,-66,3.7107,920.25,3
536.5,1.1397,-0.11713,-0.0022806,4,-65.5,0.02301,920.75,3
536.75,1.1397,-0.11713,-0.0022806,3,-51,0.83909,923.25,3
536.85,1.1397,-0.11713,-0.0022806,3,-51,0.83755,923.25,3
537,1.2335,-0.16306,0.031928,4,-65.5,4.8811,922.25,3
538,1.0928,-0.082679,-0.0022806,4,-66,4.4531,922.75,3
538.25,1.0928,-0.082679,-0.0022806,4,-65.5,5.8153,921.25,3
538.35,1.0928,-0.082679,-0.0022806,3,-49.5,5.8245,920.25,3
538.5,0.98728,-0.036746,-0.070699,4,-65.5,0.45099,920.25,3
538.75,0.98728,-0.036746,-0.070699,4,-66.5,6.2402,924.25,3
539,0.98728,-0.036746,-0.070699,4,-65.5,0.033748,920.75,3
539.25,0.91693,-0.048229,-0.10491,4,-66.5,0.91885,923.25,3
539.5,0.91693,-0.048229,-0.10491,3,-50.5,4.5713,922.25,3
539.75,0.96383,-0.059712,-0.070699,4,-67,0.41878,923.75,3
540,0.96383,-0.059712,-0.070699,4,-65.5,2.2365,921.75,3
540.5,1.2101,-0.19751,0.043332,3,-50,5.1695,921.25,3
540.75,0.91693,0.0091865,-0.070699,4,-66.5,3.7429,920.25,3
541.25,0.91693,0.0091865,-0.070699,4,-68,0.68262,924.25,3
541.5,1.1514,-0.10565,0.11175,4,-68,1.557,923.25,3
542.25,1.3977,-0.16306,0.23718,4,-68.5,0.12732,921.75,3
543,0.92865,-0.025263,0.020525,3,-50.5,5.0944,921.25,3
543.5,1.1866,-0.12861,0.088944,4,-68.5,0.46786,924.25,3
544.5,1.2101,-0.20899,0.088944,4,-68,1.0094,923.75,3
544.75,1.2101,-0.20899,0.088944,4,-68.5,2.729,921.75,3
545.25,0.91693,-0.094162,-0.12771,4,-68.5,1.6904,922.75,3
546.25,1.1397,-0.01378,0.066138,4,-63.5,0.57831,920.75,3
546.75,1.0225,-0.0022966,0.020525,4,-64,5.3643,922.25,3
548,1.1983,-0.025263,0.088944,4,-67.5,3.8794,921.25,3
549,0.96383,0.0091865,0.077541,4,-66.5,2.2059,922.25,3
549.5,0.92865,-0.01378,-0.059296,4,-67,5.8153,921.75,3
550.25,1.0459,-0.0022966,0.020525,4,-66,1.8975,922.75,3
550.5,1.0694,-0.082679,0.031928,3,-50.5,5.9933,920.25,3
551.25,1.1397,-0.10565,0.066138,3,-50.5,5.6052,920.75,3
551.5,1.0694,-0.082679,-0.013684,4,-66.5,1.3668,923.25,3
551.75,1.0694,-0.082679,-0.013684,4,-67.5,5.7632,925.25,3
552.5,1.2921,-0.19751,0.11175,3,-51.5,4.3335,922.75,3
552.75,0.96383,-0.01378,-0.059296,3,-50.5,5.2125,921.25,3
552.85,0.96383,-0.01378,-0.059296,3,-50.5,5.2017,921.25,3
553,0.99901,-0.036746,-0.025087,3,-50.5,5.8475,920.25,3
553.1,0.99901,-0.036746,-0.025087,4,-67.5,6.1221,924.75,3
553.25,0.99901,-0.036746,-0.025087,4,-67.5,0.29759,924.25,3
553.75,1.1397,-0.11713,0.020525,4,-67,4.3243,923.25,3
554.25,1.1632,-0.11713,0.031928,3,-52.5,0.5415,923.75,3
554.75,1.339,-0.16306,0.10035,4,-67.5,5.1588,925.75,3
555.5,1.1163,-0.082679,0.043332,3,-51,5.9703,920.25,3
555.75,1.0928,-0.071196,0.031928,4,-67,0.43412,924.25,3
556,1.0928,-0.071196,0.031928,4,-66.5,0.474,920.75,3
556.25,1.2101,-0.14009,0.077541,4,-66.5,5.2968,922.25,3
557,0.99901,-0.025263,-0.047893,4,-66.5,2.5725,921.75,3
557.75,0.96383,-0.025263,-0.059296,4,-66.5,6.1574,921.25,3
557.85,0.96383,-0.025263,-0.059296,3,-50.5,5.8414,920.25,3
557.88,0.96383,-0.025263,-0.059296,4,-66.5,0.83295,920.25,3
558.25,1.4328,-0.19751,0.13456,3,-50.5,5.4502,920.75,3
558.5,1.4328,-0.19751,0.13456,4,-67,0.28839,920.75,3
558.75,0.97555,-0.036746,-0.047893,4,-67,2.1414,922.25,3
559.25,0.97555,-0.036746,-0.047893,4,-68,1.0661,923.75,3
559.75,1.2452,-0.14009,0.14596,4,-67.5,1.9926,922.75,3
560,1.2452,-0.14009,0.14596,4,-68,3.3487,921.25,3
560.25,1.2452,-0.14009,0.14596,4,-68.5,0.072097,924.75,3
560.75,1.2452,-0.14009,0.14596,4,-66,4.2537,920.75,3
561.25,1.0576,-0.059712,0.066138,4,-65.5,2.5802,922.25,3
563.25,1.2218,-0.12861,0.088944,4,-67.5,0.50928,924.25,3
563.5,0.96383,-0.025263,-0.0022806,4,-66.5,1.4987,923.25,3
564,0.96383,-0.025263,-0.0022806,4,-68,5.892,925.25,3
564.75,1.2804,-0.16306,0.13456,4,-66.5,1.9006,922.75,3
565,1.2804,-0.16306,0.13456,4,-67.5,0.11505,921.25,3
565.25,1.2804,-0.16306,0.13456,3,-51.5,5.7371,920.25,3
565.5,1.2101,-0.15158,0.10035,4,-68,0.46326,924.25,3
566,1.0694,-0.025263,0.088944,4,-67,1.4419,923.25,3
566.75,1.2804,-0.17454,0.11175,4,-64.5,0.090505,921.75,3
567,1.2804,-0.17454,0.11175,4,-66.5,5.6987,925.75,3
568,1.3625,-0.071196,0.15736,4,-64.5,0.5507,924.25,3
568.5,1.0459,0.055119,-0.03649,4,-65.5,5.0407,922.25,3
569.25,0.9521,0.032153,0.10035,4,-68.5,2.6185,921.75,3
569.5,0.9521,0.032153,0.10035,4,-68,1.7073,922.75,3
570,1.339,-0.14009,0.12315,4,-68,6.1497,921.25,3
570.5,1.0342,-0.036746,0.031928,4,-69,0.33134,924.25,3
570.75,1.0342,-0.036746,0.031928,4,-68.5,3.5849,920.75,3
571,0.97555,-0.01378,-0.025087,3,-50.5,4.4808,922.25,3
571.1,0.97555,-0.01378,-0.025087,4,-68,2.1844,922.25,3
571.5,0.94038,-0.025263,-0.047893,3,-50.5,4.7615,921.75,3
571.63,0.94038,-0.025263,-0.047893,3,-50.5,4.7691,921.75,3
572.25,1.1632,-0.094162,0.031928,3,-50.5,5.0407,921.25,3
572.35,1.1632,-0.094162,0.031928,3,-50,5.6957,920.25,3
572.5,0.91693,-0.036746,-0.059296,3,-50,5.6865,920.25,3
573,0.9521,-0.025263,-0.047893,4,-68.5,0.34515,920.75,3
573.5,1.257,-0.15158,0.066138,3,-50.5,4.4547,922.25,3
574,0.92865,-0.036746,-0.03649,4,-68.5,0.80381,923.75,3
574.5,1.3625,-0.18603,0.15736,3,-51,4.3013,922.75,3
574.63,1.3625,-0.18603,0.15736,3,-50,5.2094,921.25,3
574.75,0.94038,-0.036746,-0.047893,4,-68,6.277,921.25,3
575,0.94038,-0.036746,-0.047893,3,-53,6.231,924.75,3
575.25,1.0459,-0.025263,-0.0022806,3,-53,0.1626,924.25,3
575.5,1.0459,-0.025263,-0.0022806,4,-68,3.5481,920.75,3
575.75,1.0107,-0.025263,-0.013684,4,-68.5,1.2456,923.25,3
576.25,0.97555,-0.01378,-0.03649,4,-68.5,0.76392,923.75,3
576.75,1.3039,-0.17454,0.088944,4,-68,1.6352,922.75,3
577.25,1.2335,-0.11713,0.10035,4,-68.5,3.9331,920.25,3
577.75,1.2804,-0.15158,0.088944,4,-69,0.34054,924.25,3
578.25,0.92865,-0.025263,-0.047893,4,-68,2.1292,922.25,3
579,1.257,-0.15158,0.088944,3,-50.5,4.7415,921.75,3
579.1,1.257,-0.15158,0.088944,4,-68.5,2.5188,921.75,3
579.75,1.0225,-0.036746,-0.059296,4,-68,0.68262,920.25,3
580.25,1.339,-0.17454,0.11175,4,-68.5,0.30526,920.75,3
580.75,1.2335,-0.11713,0.077541,3,-51,4.5298,922.25,3
580.88,1.2335,-0.11713,0.077541,4,-67.5,5.306,922.25,3
581.5,1.0928,-0.082679,0.0091224,3,-54,5.6512,925.75,3
581.75,1.4211,-0.22048,0.14596,3,-51.5,4.1878,922.75,3
582,1.257,-0.15158,0.077541,4,-69,2.9897,921.25,3
583.5,1.2101,-0.12861,0.077541,1,-66,0.90505,925.25,3
584,1.0928,-0.082679,-0.013684,1,-67,0.11505,925.75,3
584.25,1.0928,-0.082679,-0.013684,4,-66,1.8699,922.75,3
584.5,1.0928,-0.082679,-0.013684,4,-67,2.9544,921.25,3
584.6,1.0928,-0.082679,-0.013684,3,-50.5,5.7187,920.25,3
584.75,0.91693,-0.036746,-0.03649,4,-68.5,5.777,924.75,3
585,0.91693,-0.036746,-0.03649,4,-68,0.34515,924.25,3
585.25,0.91693,-0.036746,-0.03649,4,-68,0.24697,920.75,3
585.75,0.94038,-0.025263,-0.03649,4,-67.5,2.0479,922.25,3
586,0.94038,-0.025263,-0.03649,3,-52.5,0.3881,923.75,3
586.13,0.94038,-0.025263,-0.03649,4,-68.5,0.69029,923.75,3
586.25,0.94038,-0.025263,-0.03649,3,-50.5,4.6679,921.75,3
586.5,0.92865,-0.025263,-0.070699,4,-68,1.6199,922.75,3
587,0.98728,-0.025263,-0.059296,4,-68,6.0239,921.25,3
587.13,0.98728,-0.025263,-0.059296,4,-68,3.8135,920.25,3
587.5,1.1163,-0.071196,0.0091224,3,-50,5.3919,920.75,3
587.75,0.9052,-0.025263,-0.059296,4,-67.5,0.26845,920.75,3
588.25,0.96383,-0.01378,-0.047893,3,-51,4.4393,922.25,3
588.75,1.3039,-0.16306,0.10035,4,-68,2.4053,921.75,3
589,1.3039,-0.16306,0.10035,4,-68,1.5877,922.75,3
589.25,0.91693,-0.036746,-0.082102,4,-68,2.8992,921.25,3
589.5,0.91693,-0.036746,-0.082102,4,-67.5,0.73017,920.25,3
590.25,0.99901,-0.036746,-0.047893,4,-67.5,3.5128,920.75,3
590.75,1.3273,-0.11713,0.14596,3,-58.5,5.4226,925.25,3
592,1.1514,-0.11713,0.13456,4,-67.5,5.2508,920.25,3
592.25,1.1514,-0.11713,0.13456,1,-65,5.3352,924.25,3
593,1.1749,-0.12861,0.15736,1,-62,1.1121,922.25,3
593.25,1.1749,-0.12861,0.15736,4,-67.5,1.1919,923.75,3
593.5,1.1749,-0.12861,0.15736,4,-67.5,0.18101,921.75,3
594,1.1749,-0.12861,0.15736,4,-68,3.6294,921.25,3
594.5,1.0342,-0.036746,0.031928,4,-67.5,6.2004,924.75,3
594.75,1.0342,-0.036746,0.031928,4,-68,0.39577,924.25,3
595.25,0.94038,-0.036746,0.020525,3,-52.5,0.7808,923.25,3
595.35,0.94038,-0.036746,0.020525,3,-51.5,1.376,922.25,3
595.4,0.94038,-0.036746,0.020525,4,-67,2.2212,922.25,3
596,1.0811,-0.059712,0.077541,4,-68,6.0117,921.75,3
596.5,1.0811,-0.059712,0.077541,4,-67.5,1.9405,922.75,3
597,1.1749,-0.10565,0.12315,3,-52,5.757,920.25,3
597.25,0.97555,0.0091865,0.031928,4,-67.5,0.45559,924.25,3
597.75,0.97555,0.0091865,0.031928,4,-66,4.7968,923.25,3
598.75,1.2804,-0.11713,0.21438,1,-67,5.8982,922.75,3
599,1.2804,-0.11713,0.21438,3,-50.5,5.3613,921.25,3
599.5,0.91693,0.0091865,-0.082102,4,-67,0.13652,924.75,3
600,1.1397,-0.082679,0.043332,4,-67.5,3.4668,920.75,3
602.25,1.4211,-0.15158,0.25999,1,-60.5,6.0976,920.75,3
603,0.98728,-0.0022966,0.066138,3,-60.5,6.0531,925.25,3
604,0.98728,-0.0022966,0.066138,3,-56.5,5.3981,921.25,3
604.25,0.98728,-0.0022966,0.066138,3,-59,0.018408,924.75,3
604.75,0.98728,-0.0022966,0.066138,1,-59,0.3068,920.75,3
605.25,0.98728,-0.0022966,0.066138,4,-65.5,3.7736,922.25,3
608.75,1.128,-0.10565,0.054735,3,-51,5.0652,921.25,3
609,0.91693,-0.048229,-0.059296,1,-64,5.3797,920.25,3
609.5,1.3977,-0.19751,0.14596,3,-50.5,5.3827,920.75,3
610.5,1.339,-0.17454,0.13456,3,-50.5,4.6955,921.75,3
610.75,1.339,-0.17454,0.13456,3,-50.5,4.7155,921.75,3
611,1.2218,-0.082679,0.054735,4,-68.5,1.8086,922.75,3
612,1.2921,-0.15158,0.10035,3,-50,5.395,920.75,3
613,0.87003,0.44555,0.21438,3,-57.5,0.69183,921.75,1
613.5,0.87003,0.44555,0.21438,3,-69,1.8316,922.75,1
614,-0.079733,0.84746,0.44244,4,-58.5,0.84216,924.75,1
614.25,-0.079733,0.84746,0.44244,3,-69,3.5634,924.25,1
614.75,0.1196,0.81301,0.23718,1,-58,5.4456,923.25,1
615.5,0.1196,0.81301,0.23718,4,-61,0.60285,921.75,4
