0,0.1196,0.98526,0.10035,1,-59,5.2815,924.25,1
0.25,0.1196,0.98526,0.10035,3,-66.5,0.82375,923.25,1
0.75,0.1196,0.98526,0.10035,1,-58.5,0.84522,922.25,1
1.25,0.1196,0.98526,0.10035,3,-67,1.1582,921.75,1
1.75,0.1196,0.98526,0.10035,1,-58.5,1.6582,921.25,1
2.5,0.20168,0.92784,0.18017,1,-59,1.804,920.75,1
3,0.20168,0.92784,0.18017,4,-57.5,5.938,922.25,1
3.25,0.20168,0.92784,0.18017,1,-60,4.7968,925.25,1
3.5,0.20168,0.92784,0.18017,4,-57.5,0.50315,921.75,1
4,0.20168,0.92784,0.18017,1,-59.5,0.52769,922.75,1
4.25,0.20168,0.92784,0.18017,3,-68.5,1.2839,921.25,1
5.5,0.1196,0.92784,0.12315,4,-58,5.6711,922.25,1
5.75,0.1196,0.92784,0.12315,4,-59.5,0.84522,923.75,1
6.5,0.1196,0.92784,0.12315,1,-59.5,0.29913,922.75,1
6.75,0.1196,0.92784,0.12315,1,-59.5,1.4174,921.25,1
7.25,0.1196,0.92784,0.12315,1,-60.5,4.964,924.75,1
7.5,0.1196,0.92784,0.12315,3,-66.5,5.0376,920.75,1
8,0.1196,0.92784,0.12315,4,-57.5,5.9028,922.25,1
8.25,0.1196,0.92784,0.12315,4,-59,4.2323,923.75,1
9.25,0.20168,0.97377,0.15736,1,-58.5,1.4696,921.25,1
9.5,0.20168,0.97377,0.15736,1,-60.5,4.8581,924.75,1
10.5,0.34238,0.85894,0.32841,1,-67.5,6.254,922.25,1
10.75,0.34238,0.85894,0.32841,1,-60.5,0.53536,921.75,1
12,0.27203,0.96229,0.317,3,-69.5,0.60439,924.25,1
12.75,0.27203,0.96229,0.317,3,-66.5,0.9526,923.25,1
13.25,0.27203,0.96229,0.317,4,-58.5,5.9887,921.75,1
13.75,0.27203,0.96229,0.317,1,-59.5,6.1329,922.75,1
14.25,0.27203,0.96229,0.317,1,-59,1.83,920.25,1
14.75,0.27203,0.96229,0.317,1,-59,1.3315,920.75,1
15.75,0.27203,0.95081,0.21438,1,-59.5,0.474,921.75,1
16.25,0.27203,0.95081,0.21438,1,-59.5,5.9933,922.75,1
16.5,0.27203,0.95081,0.21438,1,-59,1.9113,920.25,1
17.25,0.27203,0.95081,0.21438,1,-59.5,1.4926,920.75,1
17.5,0.27203,0.95081,0.21438,4,-58.5,5.2953,922.25,1
18.25,0.27203,0.95081,0.21438,1,-59.5,0.41878,921.75,1
18.75,0.27203,0.95081,0.21438,4,-58.5,6.274,921.25,1
19.75,0.2603,0.96229,0.16876,1,-59,1.3698,920.75,1
20,0.2603,0.96229,0.16876,1,-60,0.27612,922.25,1
20.75,0.2603,0.96229,0.16876,1,-59.5,0.60746,921.75,1
21.25,0.2603,0.96229,0.16876,1,-59.5,0.96334,921.25,1
22.25,0.42446,0.89339,0.25999,1,-59.5,5.5499,923.25,1
23,0.42446,0.89339,0.25999,1,-60,5.326,923.75,1
23.5,0.42446,0.89339,0.25999,1,-60,6.1528,922.75,1
24,0.42446,0.89339,0.25999,1,-59.5,1.7902,920.25,1
24.5,0.42446,0.89339,0.25999,1,-59,1.2241,920.75,1
25,0.42446,0.89339,0.25999,1,-59.5,6.2203,922.25,1
25.5,0.42446,0.89339,0.25999,1,-59.5,0.40804,921.75,1
26,0.42446,0.89339,0.25999,1,-59.5,0.97254,921.25,1
26.5,0.42446,0.89339,0.25999,3,-66.5,5.7923,924.75,1
27.75,0.28376,0.95081,0.19157,1,-60,5.0836,923.75,1
28.5,0.28376,0.95081,0.19157,1,-60,5.8184,922.75,1
28.75,0.28376,0.95081,0.19157,1,-59.5,1.5232,920.25,1
29.5,0.28376,0.95081,0.19157,1,-60,1.1474,920.75,1
30,0.28376,0.95081,0.19157,1,-62.5,0.70563,925.25,1
30.75,0.28376,0.95081,0.19157,4,-58.5,4.8704,922.75,1
31.25,0.28376,0.95081,0.19157,3,-66,5.3321,920.25,1
32.25,0.27203,0.96229,0.16876,1,-60.5,0.13959,922.25,1
33.25,0.27203,0.96229,0.16876,4,-58.5,4.7891,922.75,1
33.75,0.27203,0.96229,0.16876,1,-59.5,1.557,920.25,1
34.25,0.27203,0.96229,0.16876,1,-59.5,1.2701,920.75,1
34.75,0.27203,0.96229,0.16876,1,-60.5,0.16107,922.25,1
35.25,0.27203,0.96229,0.16876,4,-58.5,5.9672,921.75,1
35.75,0.27203,0.96229,0.16876,1,-59.5,0.9388,921.25,1
37,0.29548,0.93932,0.20297,1,-60,0.076699,922.25,1
37.75,0.29548,0.93932,0.20297,4,-59.5,0.6412,923.75,1
38.25,0.29548,0.93932,0.20297,1,-59.5,6.2464,922.75,1
38.5,0.29548,0.93932,0.20297,1,-59.5,2.0371,920.25,1
39,0.29548,0.93932,0.20297,4,-60,0.10891,924.25,1
39.5,0.29548,0.93932,0.20297,4,-59,1.0538,923.25,1
40.5,0.36583,0.92784,0.21438,4,-59,1.5232,922.75,1
41,0.36583,0.92784,0.21438,4,-58,1.0584,920.25,1
41.5,0.36583,0.92784,0.21438,1,-60,4.8673,924.25,1
41.75,0.36583,0.92784,0.21438,1,-60,5.6512,923.25,1
42.5,0.36583,0.92784,0.21438,4,-60,0.58751,923.75,1
43,0.36583,0.92784,0.21438,4,-58.5,4.8811,922.75,1
43.25,0.36583,0.92784,0.21438,1,-59.5,1.2701,921.25,1
43.75,0.36583,0.92784,0.21438,3,-65,0.11198,924.25,1
44.5,0.33066,0.97377,0.20297,1,-61,0.84983,925.25,1
45,0.33066,0.97377,0.20297,3,-63.5,5.4303,921.75,1
45.5,0.33066,0.97377,0.20297,1,-57.5,6.1037,922.75,1
45.75,0.33066,0.97377,0.20297,1,-56.5,1.2425,921.25,1
46.25,0.55344,0.88191,0.22578,4,-60.5,5.7662,924.25,1
46.75,0.55344,0.88191,0.22578,3,-64,0.9572,923.25,1
47.25,0.55344,0.88191,0.22578,1,-60.5,4.2369,925.25,1
47.5,0.55344,0.88191,0.22578,1,-58,0.51082,921.75,1
48,0.55344,0.88191,0.22578,3,-62.5,4.5283,922.75,1
48.25,0.55344,0.88191,0.22578,1,-58.5,1.9482,920.25,1
49,0.38928,0.92784,0.22578,1,-58.5,5.6512,923.25,1
49.5,0.38928,0.92784,0.22578,1,-58.5,0.25311,922.25,1
49.75,0.38928,0.92784,0.22578,4,-59,1.9666,921.75,1
50.25,0.38928,0.92784,0.22578,1,-58.5,5.961,922.75,1
50.5,0.38928,0.92784,0.22578,3,-64,2.1614,921.25,1
51,0.38928,0.92784,0.22578,4,-60,2.3086,924.25,1
51.5,0.38928,0.92784,0.22578,1,-58,1.5217,920.75,1
52.25,0.2603,0.96229,0.16876,4,-60,6.0516,923.75,1
52.5,0.2603,0.96229,0.16876,1,-58,0.51388,921.75,1
53.025,0.2603,0.96229,0.16876,4,-58.5,5.6911,921.25,1
53.25,0.2603,0.96229,0.16876,1,-58.5,2.0509,920.25,1
53.75,0.2603,0.96229,0.16876,4,-58.5,0.22856,920.75,1
54,0.2603,0.96229,0.16876,1,-59.5,5.7463,923.25,1
54.5,0.2603,0.96229,0.16876,3,-65.5,6.0454,925.25,1
55.25,0.54171,0.85894,0.25999,1,-58.5,1.1213,921.25,1
55.75,0.54171,0.85894,0.25999,4,-58.5,0.73324,920.25,1
56.25,0.54171,0.85894,0.25999,1,-58.5,1.511,920.75,1
56.5,0.54171,0.85894,0.25999,3,-64,1.017,923.25,1
57,0.54171,0.85894,0.25999,1,-59.5,5.3137,923.75,1
57.5,0.54171,0.85894,0.25999,1,-59,6.0991,922.75,1
58.25,0.44791,0.91636,0.24859,1,-59,4.7922,924.75,1
58.75,0.44791,0.91636,0.24859,1,-56.5,1.7012,920.75,1
59,0.44791,0.91636,0.24859,1,-58,5.5346,923.25,1
59.25,0.44791,0.91636,0.24859,1,-57.5,6.1252,922.25,1
59.5,0.44791,0.91636,0.24859,3,-59.5,4.8673,923.75,1
60,0.40101,0.93932,0.18017,3,-60.5,5.4456,922.75,1
60.25,0.40101,0.93932,0.18017,4,-58.5,4.5314,921.25,1
60.5,0.40101,0.93932,0.18017,3,-62.5,0.26538,920.25,1
61,0.40101,0.93932,0.18017,1,-59,5.3413,924.25,1
61.25,0.40101,0.93932,0.18017,3,-65,0.70256,923.25,1
63.25,0.28376,0.88191,0.15736,1,-58.5,4.4347,924.75,1
63.5,0.28376,0.88191,0.15736,4,-57,1.0109,920.75,1
63.75,0.28376,0.88191,0.15736,1,-60,4.8597,923.25,1
64,0.28376,0.88191,0.15736,1,-58,2.0724,922.25,1
64.5,0.64724,0.79004,0.36262,4,-61,0.632,921.75,1
64.75,0.64724,0.79004,0.36262,3,-56.5,6.0163,925.75,1
65,0.64724,0.79004,0.36262,4,-60.5,0.87897,922.75,1
65.25,0.64724,0.79004,0.36262,4,-59.5,5.4073,921.25,1
65.5,0.98728,0.58334,0.6933,4,-60,0.73784,920.25,1
65.75,0.98728,0.58334,0.6933,1,-57,5.507,924.25,1
66.25,1.2335,0.02067,0.13456,4,-61.5,5.2094,922.25,3
66.75,1.2335,-0.059712,0.077541,4,-61.5,0.99555,923.75,3
67,1.2335,-0.059712,0.077541,3,-48,4.9548,921.75,3
67.125,1.2335,-0.059712,0.077541,3,-48,4.9011,921.75,3
67.25,1.1163,-0.39272,-0.24174,4,-63.5,2.462,925.75,3
67.35,1.1163,-0.39272,-0.24174,4,-62,4.9364,922.75,3
67.5,0.82312,-0.15158,-0.013684,3,-49.5,4.8121,921.25,3
68,1.2101,-0.24344,0.15736,3,-52.5,5.8506,924.75,3
68.75,0.87003,-0.036746,-0.11631,4,-68,6.047,922.25,3
70,0.92865,-0.01378,-0.025087,1,-66.5,1.33,921.25,3
70.25,0.92865,-0.01378,-0.025087,3,-53.5,5.9979,924.75,3
74.75,1.0576,0.055119,0.0091224,4,-70,3.5972,921.25,3
76.75,1.2218,-0.025263,0.21438,4,-66,4.2553,921.75,3
77,1.2218,-0.025263,0.21438,3,-58,1.4711,925.75,3
77.25,1.2218,-0.025263,0.21438,1,-62,5.8844,921.25,3
78,1.1397,0.02067,-0.025087,4,-69,1.2931,924.25,3
80,1.3859,-0.26641,0.16876,1,-64,6.0255,920.25,3
84.25,1.0576,-0.01378,0.0091224,1,-68.5,0.80687,925.75,3
84.75,0.91693,-0.10565,0.077541,4,-63.5,1.807,920.25,3
85,0.91693,-0.10565,0.077541,1,-69,1.2625,924.75,3
85.5,0.89348,-0.0022966,-0.013684,4,-69,1.5493,923.25,3
86,0.89348,-0.0022966,-0.013684,4,-68.5,2.4375,922.25,3
86.5,0.89348,-0.0022966,-0.013684,4,-70,3.275,921.75,3
88.5,0.98728,-0.0022966,0.066138,1,-65.5,1.3806,925.25,3
89,0.9521,-0.036746,0.0091224,1,-64,1.1198,921.75,3
89.75,1.0576,-0.082679,0.18017,1,-62.5,6.0945,920.25,3
90.25,1.0576,-0.082679,0.18017,1,-62,5.4533,920.75,3
90.5,1.0576,-0.082679,0.18017,1,-63.5,6.2234,923.25,3
91.25,1.0576,-0.082679,0.18017,1,-63.5,5.846,923.75,3
92,1.1514,-0.10565,0.19157,1,-62,1.7595,921.25,3
93.5,1.0811,-0.10565,0.13456,1,-65,5.6957,923.75,3
94,1.0811,-0.10565,0.13456,1,-64,1.2072,921.75,3
94.75,1.0694,-0.048229,0.088944,1,-65,4.9609,924.75,3
95.5,1.1749,-0.10565,0.14596,1,-64,0.72097,922.25,3
96.25,1.1749,-0.10565,0.14596,1,-63.5,1.1428,921.75,3
96.5,1.1749,-0.10565,0.14596,1,-66,0.92192,925.75,3
97,1.0694,-0.048229,0.088944,1,-64.5,5.7417,920.25,3
97.5,1.0694,-0.048229,0.088944,1,-65,5.3521,924.25,3
98,1.3859,-0.18603,0.21438,1,-64.5,0.68722,922.25,3
98.5,1.3859,-0.18603,0.21438,1,-64.5,1.0784,921.75,3
99.5,1.128,-0.082679,0.16876,1,-62.5,5.9979,920.25,3
100.75,1.257,-0.11713,0.317,1,-64.5,1.6659,925.25,3
102.25,1.0107,-0.059712,0.088944,1,-65,5.3352,924.25,3
103.25,1.3156,-0.18603,0.20297,3,-58.5,6.1896,923.75,3
103.78,1.3156,-0.18603,0.20297,3,-59.5,5.0652,925.75,3
104.75,1.128,-0.11713,0.19157,3,-58,5.6481,924.75,3
105,1.128,-0.11713,0.19157,1,-62.5,5.4303,920.75,3
105.75,1.1163,-0.11713,0.12315,1,-65.5,5.711,923.75,3
106.25,1.1163,-0.11713,0.12315,1,-66.5,1.06,925.75,3
106.75,1.128,-0.094162,0.11175,1,-64,5.7294,920.25,3
107.5,0.92865,-0.059712,0.0091224,1,-65,6.0868,923.25,3
108.5,1.1045,-0.094162,0.10035,1,-63.5,1.1735,921.75,3
108.75,1.1045,-0.094162,0.10035,4,-69,6.1988,922.75,3
109.25,1.1045,-0.094162,0.10035,3,-52,4.9916,920.25,3
111.5,1.1983,0.02067,0.10035,4,-68,4.0589,921.25,3
112.25,1.0811,-0.025263,0.13456,4,-69,4.5835,920.75,3
112.75,1.2218,-0.14009,0.14596,1,-67,1.2625,925.25,3
117.75,0.98728,-0.025263,0.0091224,1,-67,4.4225,925.25,3
118.75,1.4563,-0.22048,0.19157,4,-69.5,0.57678,921.25,3
119.75,0.98728,-0.025263,-0.0022806,4,-70,4.9011,923.25,3
121.75,1.2804,-0.16306,0.13456,4,-70,4.0589,924.25,3
122.25,1.0342,-0.01378,-0.025087,4,-68,1.7457,923.25,3
123,1.0928,-0.071196,0.043332,4,-68,6.162,921.75,3
125.5,1.0928,-0.059712,0.043332,4,-67,6.1727,921.75,3
125.75,1.0928,-0.059712,0.043332,4,-67.5,2.0295,922.75,3
127.75,1.4211,-0.19751,0.14596,4,-68,1.2011,923.75,3
128,1.4211,-0.19751,0.14596,4,-67.5,6.2648,921.75,3
129.25,1.257,-0.15158,0.12315,4,-69,0.72864,924.25,3
129.75,1.0342,-0.01378,-0.013684,4,-68,5.5392,922.25,3
130,1.0342,-0.01378,-0.013684,4,-68.5,1.0538,923.75,3
130.25,1.0342,-0.01378,-0.013684,4,-67.5,6.0193,921.75,3
131.75,0.94038,-0.025263,-0.025087,4,-67,0.8805,920.75,3
132.25,0.94038,-0.025263,-0.025087,4,-68,2.4191,922.25,3
133.5,1.2687,-0.12861,0.10035,4,-67.5,4.2997,920.25,3
134.25,0.96383,-0.01378,-0.025087,4,-68,1.6076,923.25,3
135.25,0.98728,-0.0022966,-0.03649,4,-68,5.9518,921.75,3
135.5,0.98728,-0.0022966,-0.03649,4,-68.5,1.9129,922.75,3
136,1.0459,-0.048229,0.020525,4,-68,4.2277,920.25,3
137,0.9521,-0.01378,-0.03649,4,-68,2.3194,922.25,3
137.75,1.128,-0.082679,0.043332,4,-67.5,6.0838,921.75,3
138.25,1.0107,-0.01378,-0.013684,4,-67.5,0.17334,921.25,3
138.5,1.0107,-0.01378,-0.013684,4,-67.5,4.2537,920.25,3
143.25,1.257,-0.15158,0.12315,3,-52,4.8842,921.25,3
143.5,1.0225,-0.025263,0.0091224,1,-67.5,1.603,924.75,3
145.25,1.3977,-0.22048,0.18017,1,-68,0.84522,925.75,3
146,1.339,-0.19751,0.15736,1,-67.5,4.7354,924.75,3
147,1.2452,-0.15158,0.12315,1,-68,1.1919,925.25,3
147.25,1.2452,-0.15158,0.12315,1,-63.5,0.91425,921.75,3
147.5,1.2452,-0.15158,0.12315,1,-67,0.76085,925.75,3
148,1.2335,-0.12861,0.066138,3,-50.5,5.0376,921.25,3
148.1,1.2335,-0.12861,0.066138,1,-67,4.5667,921.25,3
150.25,1.4446,-0.059712,0.19157,1,-63.5,1.5355,921.25,3
151.25,1.1514,-0.094162,0.054735,3,-51,5.0038,920.75,3
151.35,1.1514,-0.094162,0.054735,3,-50.5,4.9916,920.75,3
152,1.3156,-0.17454,0.14596,1,-67,5.2201,923.75,3
153,1.2101,-0.14009,0.088944,3,-51,4.7032,921.25,3
153.25,1.128,-0.10565,0.054735,1,-67.5,1.2471,924.75,3
153.75,1.2218,-0.12861,0.066138,1,-66,1.5079,920.75,3
154.25,1.3273,-0.18603,0.12315,1,-68.5,0.86977,925.25,3
155,1.4446,-0.20899,0.15736,3,-52.5,3.7981,922.75,3
155.25,1.1397,-0.094162,0.054735,3,-50.5,4.7876,921.25,3
156,0.96383,-0.01378,-0.03649,3,-51,5.1189,920.75,3
158,1.1045,-0.094162,0.031928,3,-50.5,5.3674,920.25,3
158.75,0.9521,-0.048229,-0.0022806,1,-64.5,5.7969,923.25,3
159.25,1.3039,-0.17454,0.14596,1,-64.5,5.3751,923.75,3
159.75,1.0342,-0.01378,0.020525,1,-68,0.57831,925.75,3
160.75,1.1045,-0.071196,0.066138,1,-66.5,4.8397,924.25,3
161,1.1045,-0.071196,0.066138,1,-65,4.7676,920.75,3
162.25,1.0342,-0.025263,-0.025087,1,-69,0.44946,925.75,3
162.75,0.99901,-0.01378,-0.047893,3,-51,5.2922,920.25,3
163,0.99901,-0.01378,-0.047893,1,-68,4.2553,924.75,3
163.5,0.98728,-0.025263,-0.03649,3,-51,4.9594,920.75,3
164.25,1.4211,-0.19751,0.13456,3,-51,4.3504,921.75,3
164.75,1.4328,-0.20899,0.15736,1,-69,3.4821,925.75,3
165,1.4328,-0.20899,0.15736,3,-52.5,5.4963,921.25,3
165.75,0.78795,0.62928,0.23718,4,-67,1.8623,920.75,1
166.25,0.78795,0.62928,0.23718,1,-59.5,5.2109,922.25,1
168.75,0.33066,0.99674,0.088944,1,-59.5,0.93573,922.25,1
169.5,0.47136,0.93932,0.13456,4,-59.5,4.648,925.75,1
169.75,0.47136,0.93932,0.13456,4,-56.5,5.6604,921.25,1
170.5,0.40101,0.98526,0.12315,4,-58.5,0.32674,924.25,1
170.75,0.40101,0.98526,0.12315,1,-59.5,0.77619,920.75,1
171.25,0.40101,0.98526,0.12315,4,-57.5,5.3674,922.25,1
171.5,0.40101,0.98526,0.12315,1,-61,6.1482,921.75,1
172.25,0.40101,0.98526,0.12315,3,-65.5,0.61666,922.75,1
172.75,0.40101,0.98526,0.12315,4,-59.5,6.0807,924.75,1
173,0.40101,0.98526,0.12315,1,-60.5,0.80381,920.75,1
174,0.52999,0.88191,0.19157,1,-60.5,6.0362,921.75,1
174.75,0.52999,0.88191,0.19157,1,-60,0.0061359,921.25,1
175.25,0.52999,0.88191,0.19157,1,-63.5,0.36509,924.75,1
175.75,0.52999,0.88191,0.19157,1,-60,0.68876,920.75,1
176,0.52999,0.88191,0.19157,1,-60.5,5.6512,922.25,1
176.5,0.52999,0.88191,0.19157,4,-57.5,5.6849,921.75,1
177,0.52999,0.88191,0.19157,1,-61,5.0928,922.75,1
177.5,0.34238,0.97377,0.12315,1,-63.5,0.17794,924.75,1
178,0.34238,0.97377,0.12315,1,-60,0.42491,920.75,1
178.5,0.34238,0.97377,0.12315,1,-60.5,5.4917,922.25,1
179,0.34238,0.97377,0.12315,1,-60.5,6.0285,921.75,1
179.5,0.34238,0.97377,0.12315,1,-60.5,5.1818,922.75,1
179.75,0.34238,0.97377,0.12315,3,-64.5,5.3045,920.25,1
180.5,0.30721,0.97377,0.13456,1,-60,4.4884,923.25,1
181,0.30721,0.97377,0.13456,1,-62.5,5.9212,925.25,1
181.5,0.30721,0.97377,0.13456,3,-61.5,4.852,921.75,1
181.75,0.30721,0.97377,0.13456,1,-60,4.7385,922.75,1
182,0.30721,0.97377,0.13456,1,-59,6.1758,921.25,1
182.25,0.30721,0.97377,0.13456,4,-57,0.48781,920.25,1
183.25,0.30721,0.97377,0.19157,1,-60,5.2232,922.25,1
183.75,0.30721,0.97377,0.19157,4,-58.5,0.51082,923.75,1
184,0.30721,0.97377,0.19157,1,-62,5.2186,925.75,1
184.5,0.30721,0.97377,0.19157,3,-66.5,5.0407,921.25,1
185,0.29548,1.0197,0.19157,1,-59.5,6.1482,924.25,1
185.5,0.29548,1.0197,0.19157,4,-58,0.93573,923.25,1
185.75,0.29548,1.0197,0.19157,1,-60,4.4976,922.25,1
186.25,0.29548,1.0197,0.19157,1,-60.5,5.1066,921.75,1
186.75,0.29548,1.0197,0.19157,1,-58.5,4.4148,922.75,1
187.25,0.49481,0.88191,0.32841,4,-58,0.75625,920.25,1
187.5,0.49481,0.88191,0.32841,4,-59,0.099709,924.25,1
187.75,0.49481,0.88191,0.32841,1,-58,5.9426,920.75,1
188,0.49481,0.88191,0.32841,1,-60,1.2471,922.25,1
188.5,0.49481,0.88191,0.32841,1,-60.5,5.7478,923.75,1
188.75,0.49481,0.88191,0.32841,3,-66,5.2232,925.75,1
189.75,0.33066,0.91636,0.3056,4,-58,6.1973,924.75,1
190.25,0.44791,0.90487,0.37402,1,-59.5,0.50468,923.25,1
190.5,0.44791,0.90487,0.37402,1,-59,1.3284,922.25,1
191,0.44791,0.90487,0.37402,1,-60,0.12118,923.75,1
191.25,0.44791,0.90487,0.37402,1,-58.5,5.6773,921.75,1
192.5,0.2603,0.92784,0.32841,1,-59.5,0.83142,920.75,1
192.75,0.2603,0.92784,0.32841,4,-57.5,1.6705,923.25,1
193,0.2603,0.92784,0.32841,1,-59,0.018408,922.25,1
193.75,0.2603,0.92784,0.32841,1,-59.5,1.1536,921.75,1
194.25,0.2603,0.92784,0.32841,1,-60,2.3117,921.25,1
194.75,0.2603,0.92784,0.32841,4,-58.5,5.7125,924.75,1
195.25,0.2603,0.91636,0.22578,4,-57.5,1.1167,923.25,1
195.5,0.2603,0.91636,0.22578,4,-57,5.4579,922.25,1
196,0.2603,0.91636,0.22578,4,-58,0.51235,923.75,1
196.25,0.2603,0.91636,0.22578,4,-59.5,4.9072,925.75,1
196.5,0.2603,0.91636,0.22578,1,-60,1.9205,921.25,1
197,0.2603,0.91636,0.22578,1,-59.5,2.416,920.25,1
197.5,0.2603,0.91636,0.22578,1,-60.5,1.4051,920.75,1
198,0.2603,0.91636,0.22578,1,-61,5.7938,922.25,1
199.25,0.33066,0.92784,0.18017,1,-61,0.56144,920.25,1
200,0.33066,0.92784,0.18017,1,-61,0.18254,920.75,1
200.5,0.33066,0.92784,0.18017,1,-62.5,0.30986,925.25,1
200.75,0.33066,0.92784,0.18017,1,-60,6.1528,921.75,1
201.5,0.33066,0.92784,0.18017,1,-60.5,6.1712,921.25,1
202.25,0.33066,0.95081,0.19157,1,-60.5,0.60899,920.75,1
204,0.48309,0.89339,0.25999,1,-60.5,0.02301,921.25,1
204.5,0.48309,0.89339,0.25999,4,-58.5,5.958,924.25,1
205.25,0.31893,0.93932,0.19157,1,-61,5.1925,922.25,1
205.75,0.31893,0.93932,0.19157,3,-68,0.49701,921.75,1
207.25,0.24858,0.99674,0.15736,4,-58,6.0746,920.75,1
207.5,0.24858,0.99674,0.15736,4,-58,1.5309,922.25,1
208.25,0.24858,0.99674,0.15736,1,-61,5.6159,921.75,1
208.75,0.24858,0.99674,0.15736,1,-61,6.1819,921.25,1
209.75,0.49481,0.88191,0.25999,1,-61,0.087437,920.75,1
210,0.49481,0.88191,0.25999,4,-58.5,4.7415,922.25,1
210.75,0.49481,0.88191,0.25999,1,-61,5.4533,921.75,1
211.25,0.49481,0.88191,0.25999,1,-61,5.8215,921.25,1
211.75,0.49481,0.88191,0.25999,4,-59.5,6.004,924.25,1
213,0.36583,0.88191,0.22578,3,-68.5,0.56911,921.75,1
213.75,0.36583,0.88191,0.22578,3,-68,0.37736,921.25,1
214.5,0.36583,0.88191,0.22578,4,-58,6.1068,920.75,1
214.75,0.36583,0.88191,0.22578,1,-62,4.4424,923.25,1
215.5,0.36583,0.88191,0.22578,1,-61,5.5852,921.75,1
217,0.2603,0.97377,0.14596,1,-60,6.0592,920.75,1
217.25,0.2603,0.97377,0.14596,4,-58.5,5.0238,922.25,1
218,0.2603,0.97377,0.14596,4,-58,5.3919,921.75,1
218.5,0.2603,0.97377,0.14596,3,-69.5,0.5507,922.75,1
218.75,0.2603,0.97377,0.14596,1,-58,6.1574,920.25,1
219.25,0.2603,0.97377,0.14596,1,-58,5.938,920.75,1
219.75,0.28376,0.97377,0.18017,1,-58.5,4.7814,922.25,1
220.25,0.28376,0.97377,0.18017,1,-60,0.7808,923.75,1
220.5,0.28376,0.97377,0.18017,1,-63,5.5637,925.75,1
221.25,0.22513,0.98526,0.15736,1,-58,0.44025,920.25,1
221.75,0.22513,0.98526,0.15736,1,-60.5,0.084369,924.25,1
222,0.22513,0.98526,0.15736,4,-58,0.55684,923.25,1
222.25,0.22513,0.98526,0.15736,4,-58.5,4.5636,922.25,1
222.75,0.22513,0.98526,0.15736,1,-58.5,5.3152,921.75,1
223.5,0.38928,0.92784,0.2828,1,-58,0.19021,920.25,1
224,0.38928,0.92784,0.2828,1,-63,0.10738,924.25,1
224.5,0.38928,0.92784,0.2828,1,-60.5,5.1634,922.25,1
225.25,0.38928,0.92784,0.2828,1,-60,5.573,921.75,1
225.75,0.38928,0.92784,0.2828,1,-59,4.9225,922.75,1
225.85,0.38928,0.92784,0.2828,1,-58,5.8506,921.25,1
226,0.38928,0.92784,0.2828,1,-58.5,0.53689,920.25,1
226.75,0.33066,0.90487,0.3056,1,-59.5,0.40037,920.75,1
227,0.33066,0.90487,0.3056,3,-69.5,2.3393,922.25,1
227.5,0.33066,0.90487,0.3056,1,-60.5,5.6665,921.75,1
228.25,0.33066,0.90487,0.3056,1,-60,6.0347,921.25,1
228.75,0.33066,0.90487,0.3056,1,-63,0.061359,924.75,1
229.5,0.27203,0.93932,0.2942,4,-57.5,5.0253,922.25,1
230,0.27203,0.93932,0.2942,4,-58.5,0.49241,923.75,1
230.5,0.27203,0.93932,0.2942,4,-58,4.536,922.75,1
230.75,0.27203,0.93932,0.2942,1,-60.5,5.8644,921.25,1
231.25,0.27203,0.93932,0.2942,1,-63.5,6.116,924.75,1
231.5,0.27203,0.93932,0.2942,1,-58.5,6.2356,920.75,1
232,0.27203,0.93932,0.2942,1,-58.5,5.0299,922.25,1
233,0.42446,0.88191,0.35121,1,-60.5,4.151,922.75,1
233.25,0.42446,0.88191,0.35121,1,-59,0.046019,920.25,1
234.75,0.2603,0.95081,0.27139,4,-57,0.099709,923.75,1
235,0.2603,0.95081,0.27139,1,-60.5,5.4855,921.75,1
235.5,0.2603,0.95081,0.27139,1,-59.5,5.8015,921.25,1
236.5,0.29548,0.89339,0.2942,1,-58.5,6.2234,920.75,1
236.75,0.29548,0.89339,0.2942,1,-59,5.0821,922.25,1
237.5,0.29548,0.89339,0.2942,4,-59,5.6727,921.75,1
238,0.29548,0.89339,0.2942,4,-58.5,4.3442,922.75,1
238.1,0.29548,0.89339,0.2942,1,-58.5,1.1167,921.25,1
238.75,0.30721,0.92784,0.24859,1,-58,1.7181,920.75,1
239,0.30721,0.92784,0.24859,1,-59.5,5.6742,923.25,1
239.25,0.30721,0.92784,0.24859,1,-58.5,0.40344,922.25,1
245.25,0.30721,0.92784,0.24859,1,-59,6.2586,921.25,1
245.5,0.30721,0.92784,0.24859,1,-58,1.2931,920.25,1
246.5,0.29548,0.90487,0.27139,1,-60.5,4.2246,923.25,1
246.75,0.29548,0.90487,0.27139,1,-61.5,5.9933,925.25,1
247.25,0.29548,0.90487,0.27139,1,-59,5.7356,921.75,1
247.5,0.29548,0.90487,0.27139,1,-59.5,5.5361,922.75,1
248,0.29548,0.90487,0.27139,4,-57,0.45406,920.25,1
248.75,0.31893,0.90487,0.2942,1,-60,5.3597,920.75,1
249,0.31893,0.90487,0.2942,1,-59.5,1.0983,922.25,1
250,0.31893,0.90487,0.2942,1,-60,0.087437,922.75,1
250.75,0.1665,0.95081,0.24859,1,-61.5,4.6909,924.25,1
251.25,0.1665,0.95081,0.24859,4,-58,1.0094,923.25,1
251.5,0.1665,0.95081,0.24859,4,-58,4.9578,922.25,1
252,0.1665,0.95081,0.24859,4,-58.5,5.2355,921.75,1
252.5,0.1665,0.95081,0.24859,4,-57.5,1.7426,922.75,1
253,0.37756,0.80152,0.37402,1,-58,1.3959,920.25,1
253.25,0.37756,0.80152,0.37402,1,-61.5,4.1694,924.25,1
253.75,0.37756,0.80152,0.37402,4,-58,0.98175,923.25,1
254,0.37756,0.80152,0.37402,1,-58.5,0.37429,922.25,1
254.5,0.37756,0.80152,0.37402,1,-59,1.0308,921.75,1
255,0.37756,0.80152,0.37402,1,-59,1.3821,921.25,1
255.25,0.37756,0.80152,0.37402,1,-59.5,1.8454,920.25,1
256.75,0.20168,0.91636,0.22578,4,-59.5,0.50621,923.75,1
257.25,0.20168,0.91636,0.22578,1,-61.5,0.36662,922.75,1
257.75,0.20168,0.91636,0.22578,4,-58,0.96641,920.25,1
258.25,0.20168,0.91636,0.22578,4,-57.5,0.49087,920.75,1
258.5,0.20168,0.91636,0.22578,4,-58,4.4624,923.25,1
259,0.20168,0.91636,0.22578,1,-61,5.3183,923.75,1
260.25,0.20168,0.93932,0.2828,1,-59.5,1.5539,920.25,1
260.75,0.20168,0.93932,0.2828,1,-58.5,1.3085,920.75,1
261.75,0.36583,0.90487,0.35121,4,-58,5.6757,921.75,1
262.25,0.36583,0.90487,0.35121,1,-60,5.8905,922.75,1
262.5,0.36583,0.90487,0.35121,1,-58.5,1.8761,920.25,1
262.75,0.36583,0.90487,0.35121,4,-57.5,5.8721,924.75,1
263,0.36583,0.90487,0.35121,1,-60.5,4.5007,924.25,1
263.75,0.13132,0.98526,0.25999,1,-60,6.2632,922.25,1
264.25,0.13132,0.98526,0.25999,1,-60.5,0.58598,921.75,1
264.75,0.13132,0.98526,0.25999,4,-57.5,4.7691,922.75,1
265,0.13132,0.98526,0.25999,4,-57.5,0.021476,921.25,1
265.5,0.20168,0.92784,0.22578,1,-62.5,0.83449,920.75,1
266,0.20168,0.92784,0.22578,4,-58.5,4.3289,923.25,1
266.5,0.20168,0.92784,0.22578,1,-61,0.3252,921.75,1
267.25,0.20168,0.92784,0.22578,1,-60,0.98328,921.25,1
267.5,0.20168,0.92784,0.22578,4,-57.5,1.0063,920.25,1
268,0.20168,0.92784,0.22578,1,-60.5,0.92039,920.75,1
269,0.1665,0.92784,0.20297,1,-61,4.8934,923.75,1
269.5,0.1665,0.92784,0.20297,4,-58,4.5651,922.75,1
269.75,0.1665,0.92784,0.20297,1,-59.5,0.90505,921.25,1
270,0.1665,0.92784,0.20297,1,-59,1.6383,920.25,1
271,0.35411,0.91636,0.24859,1,-64,0.65808,925.25,1
271.75,0.35411,0.91636,0.24859,4,-58.5,1.2563,922.75,1
272.25,0.35411,0.91636,0.24859,1,-60.5,0.59365,921.25,1
272.75,0.35411,0.91636,0.24859,1,-63,1.2487,924.25,1
273.25,0.35411,0.91636,0.24859,1,-61,5.6941,922.25,1
275.5,0.096148,0.76708,0.2828,2,-68.5,4.5314,923.25,1
276.25,0.42446,0.82449,0.10035,1,-50,4.243,923.75,4
276.35,0.36583,1.0656,0.020525,1,-44.5,4.6909,921.75,4
276.38,0.36583,1.0656,0.020525,1,-44,5.4456,921.75,4
276.5,0.014071,1.2494,0.23718,1,-43.5,1.3177,921.75,4
276.63,0.037521,0.90487,0.14596,1,-46.5,6.1129,925.75,4
276.75,0.049247,0.92784,0.13456,1,-46.5,4.6679,925.75,4
276.85,0.049247,0.92784,0.13456,1,-46.5,5.0913,925.75,4
276.9,0.14305,0.96229,0.10035,4,-68,6.1988,922.75,4
277,0.14305,0.96229,0.10035,1,-49.5,5.8644,921.25,4
280.5,-0.15009,0.72114,0.15736,2,-55,0.95567,923.25,2
281.5,-0.068007,1.0427,-0.047893,2,-59.5,0.97101,925.75,2
284.75,-0.068007,1.0427,-0.047893,2,-58.5,1.5846,924.25,2
287,0.13132,0.91636,0.14596,2,-61.5,4.4378,924.75,2
288.75,0.13132,0.91636,0.14596,2,-63.5,0.84369,925.75,2
292.5,0.13132,0.91636,0.14596,2,-60,1.8899,923.25,2
295,0.13132,0.91636,0.14596,2,-58,6.0408,920.75,2
297,0.34238,0.84746,0.23718,2,-58,1.4834,924.25,2
297.75,0.34238,0.84746,0.23718,2,-58,5.5269,922.25,2
300,0.17823,0.92784,0.19157,2,-57.5,5.846,922.25,2
301.25,0.17823,0.92784,0.19157,2,-58,5.418,922.75,2
303,0.096148,0.96229,0.14596,2,-58,5.2708,923.75,2
304.75,0.096148,0.96229,0.14596,2,-58,2.0571,923.25,2
306.75,0.10787,0.95081,0.16876,2,-59,1.603,924.75,2
307.5,0.10787,0.95081,0.16876,2,-58,5.5637,922.25,2
308.5,0.10787,0.95081,0.16876,2,-58.5,5.4119,922.75,2
310.5,0.072698,0.96229,0.13456,2,-57.5,5.935,921.75,2
311.5,0.072698,0.96229,0.13456,2,-57.5,0.20402,920.25,2
313,0.072698,0.96229,0.13456,2,-57.5,5.9841,921.75,2
314.5,0.084423,0.95081,0.12315,2,-58,5.1757,923.25,2
315.5,0.084423,0.95081,0.12315,2,-57.5,5.8675,921.75,2
316.25,0.084423,0.95081,0.12315,2,-57.5,0.17027,920.25,2
319.5,0.14305,0.90487,0.18017,2,-58,2.1184,923.25,2
320.25,0.14305,0.90487,0.18017,2,-57.5,5.7877,921.75,2
322,0.084423,0.95081,0.15736,2,-58,5.6665,922.25,2
323.25,0.084423,0.95081,0.15736,2,-58,5.7892,921.25,2
324.5,0.28376,0.89339,0.066138,2,-58,1.3591,925.25,2
326.75,0.56517,0.90487,0.077541,2,-58.5,4.5513,923.25,2
327.5,0.56517,0.90487,0.077541,2,-58,0.6412,923.75,2
328,0.56517,0.90487,0.077541,2,-57.5,5.237,921.25,2
329.25,0.56517,0.90487,0.077541,2,-59.5,1.1536,923.25,2
332,0.44791,0.96229,0.077541,2,-58,4.7691,925.25,2
334.75,0.44791,0.96229,0.077541,2,-57.5,1.0677,923.75,2
335,0.44791,0.96229,0.077541,2,-57.5,5.9718,925.75,2
336,-0.0093803,1.0656,0.3056,2,-57,0.31753,924.75,2
336.5,-0.0093803,1.0656,0.3056,2,-58,0.30219,923.25,2
337.25,-0.0093803,1.0656,0.3056,2,-58,1.0293,921.75,2
338.75,0.17823,0.79004,0.48805,2,-58,0.62893,923.25,2
345.75,-0.11491,0.95081,0.19157,2,-57.5,1.7181,924.25,2
347.25,-0.11491,0.91636,0.20297,2,-59.5,4.6065,925.75,2
349.5,-0.091458,0.90487,0.20297,2,-58,4.5053,925.75,2
350.5,-0.26734,0.99674,0.077541,2,-57.5,1.7687,924.75,2
356.25,-0.24389,1.0197,0.077541,2,-57,4.6142,925.25,2
357,-0.12663,0.96229,0.16876,2,-57.5,4.4976,925.75,2
358,0.10787,0.88191,0.23718,2,-57,0.14266,920.75,2
359,0.10787,0.88191,0.23718,2,-58,5.1112,923.75,2
365,-0.10318,0.95081,0.13456,2,-56,4.8934,924.75,2
366,-0.16181,1.0197,0.077541,2,-56.5,4.6802,925.25,2
367.5,-0.20871,1.0197,0.054735,2,-56,4.8489,924.75,2
369,-0.12663,0.93932,0.12315,2,-57,1.3652,925.75,2
370.75,0.072698,0.90487,0.22578,2,-57.5,1.5647,925.25,2
373.53,-0.10318,0.96229,0.10035,2,-58,5.3183,923.75,2
376,-0.091458,0.93932,0.12315,2,-59,2.1368,923.75,2
377.5,-0.091458,0.93932,0.12315,2,-57.5,1.8024,924.25,2
380.25,-0.056282,0.97377,0.15736,2,-58,5.7325,923.25,2
380.5,-0.056282,0.97377,0.15736,2,-57,4.855,925.25,2
382,-0.17354,0.97377,0.043332,2,-52.5,0.7179,920.25,2
395.75,0.14305,0.85894,0.24859,2,-57.5,1.8024,925.75,2
396.75,-0.056282,0.92784,0.16876,2,-56.5,5.2063,924.75,2
397.75,-0.16181,0.98526,0.11175,2,-57.5,5.1434,925.25,2
400,0.084423,0.87042,0.24859,2,-57.5,4.9624,925.25,2
401.75,0.41273,0.81301,0.24859,2,-57,0.28685,924.25,2
402.5,-0.10318,0.77856,0.19157,2,-49.5,1.3315,922.25,4
402.75,0.060972,0.96229,0.20297,2,-50.5,4.2246,923.75,4
403.25,-0.032831,1.0197,-0.0022806,2,-54,5.8046,925.75,4
406.25,-0.46667,0.67521,0.2828,4,-59.5,5.0882,920.25,1
406.5,-0.46667,0.67521,0.2828,1,-59,4.3519,924.75,1
407,0.1196,0.84746,0.2942,3,-57.5,0.45252,923.25,1
407.25,0.1196,0.84746,0.2942,4,-60.5,5.9503,922.25,1
407.5,0.1196,0.84746,0.2942,3,-57,4.7231,925.25,1
407.75,0.1196,0.84746,0.2942,1,-60,1.2671,923.75,1
408.5,0.34238,1.1805,0.054735,3,-49.5,6.2617,921.25,1
408.75,0.48309,0.89339,-0.025087,4,-66.5,5.7923,920.25,1
408.85,0.48309,0.89339,-0.025087,3,-50.5,5.237,920.25,1
409.25,1.0694,0.35368,0.031928,3,-49,1.0201,920.75,3
409.75,1.1397,0.10105,0.14596,4,-61,4.7262,922.25,3
410,1.1397,0.10105,0.14596,4,-63,0.087437,923.75,3
410.5,0.99901,0.032153,-0.059296,4,-64.5,5.013,921.75,3
410.75,0.92865,-0.19751,-0.19613,3,-49.5,4.3626,922.75,3
411,1.1514,-0.059712,-0.070699,3,-48.5,5.3843,921.25,3
411.1,1.1514,-0.059712,-0.070699,3,-48.5,5.3797,921.25,3
411.25,0.9052,-0.094162,-0.059296,3,-49,6.047,920.25,3
411.5,1.4211,-0.14009,0.10035,4,-64.5,5.0959,924.75,3
411.75,1.4211,-0.14009,0.10035,3,-48.5,5.78,920.75,3
411.85,0.9052,-0.071196,-0.082102,4,-63,5.869,920.75,3
412,0.9052,-0.071196,-0.082102,3,-50,4.2844,923.25,3
412.25,1.1866,-0.14009,0.088944,4,-62,4.3427,922.25,3
412.5,0.9521,-0.071196,-0.059296,3,-51.5,4.1678,923.75,3
412.63,0.9521,-0.071196,-0.059296,4,-62.5,6.0884,923.75,3
412.75,0.9521,-0.071196,-0.059296,3,-50,5.2431,921.75,3
413.25,1.2452,-0.23196,0.0091224,4,-64,0.98635,922.75,3
413.5,1.2452,-0.23196,0.0091224,4,-63,5.6558,921.25,3
413.6,1.2452,-0.23196,0.0091224,3,-50,6.0577,920.25,3
413.75,0.78795,-0.22048,-0.013684,3,-49.5,6.139,920.25,3
414.25,0.96383,0.043636,-0.17333,4,-63,5.8537,920.75,3
414.35,0.96383,0.043636,-0.17333,3,-52,3.9561,923.25,3
414.5,1.0694,-0.071196,0.10035,3,-50,4.5268,922.25,3
414.6,1.0694,-0.071196,0.10035,4,-64,4.4869,922.25,3
414.75,1.0694,-0.071196,0.10035,4,-66.5,4.8673,925.25,3
415.25,1.2804,-0.20899,0.043332,4,-63.5,4.898,921.75,3
415.75,1.2804,-0.17454,0.043332,4,-63,5.3597,921.25,3
416,1.2804,-0.17454,0.043332,3,-49.5,5.6757,920.25,3
416.1,0.9521,-0.036746,-0.10491,3,-49.5,5.6757,920.25,3
416.25,0.9521,-0.036746,-0.10491,3,-53,6.1881,924.75,3
416.5,0.99901,-0.025263,-0.093505,4,-66,5.6282,924.25,3
416.75,1.1632,-0.12861,0.020525,4,-65.5,0.26078,923.25,3
417,1.1632,-0.12861,0.020525,3,-50.5,4.3933,922.25,3
417.25,1.2687,-0.16306,0.043332,4,-67,4.8198,925.25,3
417.5,1.2687,-0.16306,0.043332,3,-50,4.6878,921.75,3
418.25,1.1397,-0.10565,-0.013684,4,-64.5,0.69183,922.75,3
418.35,1.1397,-0.10565,-0.013684,4,-63.5,5.2708,921.25,3
418.5,1.1397,-0.10565,-0.013684,3,-49.5,5.6696,920.25,3
418.75,0.92865,-0.01378,-0.10491,4,-66.5,5.1803,924.75,3
419,0.92865,-0.01378,-0.10491,4,-65.5,5.6082,924.25,3
419.25,0.9521,-0.01378,-0.082102,4,-64.5,0.23623,923.25,3
419.5,0.9521,-0.01378,-0.082102,3,-50.5,4.5636,922.25,3
420,0.92865,-0.025263,-0.10491,4,-63.5,4.7937,921.75,3
420.5,1.0459,-0.025263,-0.059296,4,-64.5,0.69796,922.75,3
420.75,1.0459,-0.025263,-0.059296,3,-49.5,5.056,921.25,3
420.85,0.96383,-0.01378,-0.082102,3,-49.5,5.6834,920.25,3
421.5,1.3859,-0.19751,0.088944,3,-49.5,5.3244,920.75,3
421.63,1.3859,-0.19751,0.088944,3,-51.5,0.73631,923.25,3
421.75,1.3859,-0.19751,0.088944,4,-65.5,0.18561,923.25,3
422.25,0.97555,-0.01378,-0.093505,4,-67,4.7415,925.25,3
422.5,0.97555,-0.01378,-0.093505,3,-50,4.7415,921.75,3
422.6,1.1514,-0.082679,-0.0022806,3,-50,4.7569,921.75,3
422.75,1.1514,-0.082679,-0.0022806,4,-67,4.3826,925.75,3
423,0.91693,-0.01378,-0.093505,3,-49.5,5.1511,921.25,3
423.25,0.91693,-0.01378,-0.093505,3,-49.5,5.168,921.25,3
423.35,0.89348,-0.01378,-0.093505,4,-63,5.3168,921.25,3
423.5,0.92865,-0.01378,-0.10491,4,-66,5.1741,924.75,3
424,1.3859,-0.20899,0.088944,4,-63.5,5.7724,920.75,3
424.25,1.3859,-0.20899,0.088944,4,-65,0.20095,923.25,3
424.38,1.3859,-0.20899,0.088944,4,-64,1.1536,922.25,3
424.5,1.3859,-0.20899,0.088944,4,-67,4.7569,925.25,3
425,1.2101,-0.14009,0.0091224,3,-50,4.7277,921.75,3
425.25,0.92865,-0.036746,-0.093505,4,-64.5,0.65194,922.75,3
425.5,0.92865,-0.036746,-0.093505,3,-50,4.9946,921.25,3
425.75,1.128,-0.094162,-0.013684,4,-64,6.2556,920.25,3
426,1.128,-0.094162,-0.013684,4,-66.5,5.1066,924.75,3
426.25,0.92865,-0.01378,-0.10491,3,-49,5.3014,920.75,3
426.5,1.1397,-0.082679,-0.025087,4,-65,0.11965,923.25,3
427,1.3508,-0.18603,0.066138,4,-67,4.6955,925.25,3
427.25,1.3508,-0.18603,0.066138,3,-52,3.5665,923.75,3
427.5,0.97555,-0.01378,-0.082102,3,-49.5,4.7661,921.75,3
428,1.1866,-0.10565,0.031928,3,-49.5,5.1803,921.25,3
428.1,1.2101,-0.12861,0.031928,3,-49,5.1511,921.25,3
428.25,0.91693,-0.01378,-0.10491,4,-63.5,6.2663,920.25,3
428.75,1.1397,-0.071196,-0.013684,3,-49,5.4073,920.75,3
429,1.0576,-0.036746,-0.059296,4,-63.5,5.7202,920.75,3
429.25,1.0576,-0.036746,-0.059296,4,-64,4.2629,922.25,3
429.5,1.128,-0.059712,-0.03649,4,-65.5,5.9411,923.75,3
430,0.98728,-0.01378,-0.10491,3,-50,4.7063,921.75,3
430.25,1.1983,-0.094162,-0.0022806,3,-50.5,0.99709,922.75,3
430.35,1.1983,-0.094162,-0.0022806,4,-64.5,3.7705,922.75,3
430.5,1.1983,-0.094162,-0.0022806,3,-49.5,5.0115,921.25,3
430.75,0.99901,-0.01378,-0.10491,4,-64,6.2341,920.25,3
430.85,0.99901,-0.01378,-0.10491,4,-67,5.0759,924.75,3
431,0.99901,-0.01378,-0.10491,4,-66.5,5.4732,924.25,3
431.5,1.2804,-0.15158,0.043332,4,-65,0.11351,923.25,3
431.75,1.2804,-0.15158,0.043332,4,-64,4.2399,922.25,3
432.25,0.92865,-0.01378,-0.10491,4,-63,1.6122,921.75,3
432.5,0.92865,-0.01378,-0.10491,3,-51,4.1525,922.75,3
432.75,0.91693,-0.025263,-0.10491,4,-64,0.66115,922.75,3
433,0.91693,-0.025263,-0.10491,3,-49.5,5.0575,921.25,3
433.1,1.0107,-0.01378,-0.082102,4,-63.5,6.2479,920.25,3
433.25,1.0107,-0.01378,-0.082102,4,-66.5,5.0913,924.75,3
433.75,1.1632,-0.10565,-0.0022806,4,-64,5.7187,920.75,3
433.85,1.1632,-0.10565,-0.0022806,4,-65,0.12425,923.25,3
434,1.1632,-0.10565,-0.0022806,3,-50.5,4.4271,922.25,3
434.25,1.0107,-0.0022966,-0.093505,4,-67.5,4.6863,925.25,3
434.5,1.0107,-0.0022966,-0.093505,4,-65.5,5.9411,923.75,3
434.75,1.0107,-0.0022966,-0.093505,4,-63.5,4.7262,921.75,3
435,1.0107,-0.0022966,-0.093505,4,-68,4.3289,925.75,3
435.5,0.9521,-0.036746,-0.093505,4,-63.5,5.191,921.25,3
435.6,0.9521,-0.036746,-0.093505,3,-49,5.6358,920.25,3
436.25,0.9521,-0.01378,-0.11631,3,-49.5,5.3444,920.75,3
436.5,1.2687,-0.14009,0.043332,3,-50,4.4716,922.25,3
436.75,1.2687,-0.14009,0.043332,4,-67,4.6756,925.25,3
437,1.2687,-0.14009,0.043332,4,-65,5.9288,923.75,3
437.25,0.92865,-0.01378,-0.093505,3,-50,4.832,921.75,3
437.35,0.92865,-0.01378,-0.093505,4,-67.5,4.3519,925.75,3
437.75,0.94038,-0.036746,-0.10491,3,-49.5,5.1112,921.25,3
437.83,0.94038,-0.036746,-0.10491,4,-63,5.2355,921.25,3
438.25,1.1749,-0.10565,-0.013684,4,-66.5,5.0959,924.75,3
438.5,1.0576,-0.048229,-0.070699,3,-49.5,5.3689,920.75,3
438.75,0.94038,-0.01378,-0.10491,4,-65,0.11198,923.25,3
439,0.94038,-0.01378,-0.10491,3,-50.5,4.4347,922.25,3
439.75,1.2804,-0.14009,0.043332,3,-50,4.7691,921.75,3
440,1.1045,-0.059712,-0.03649,4,-65,0.65041,922.75,3
440.5,0.92865,-0.036746,-0.12771,3,-49.5,5.7616,920.25,3
441,0.92865,-0.01378,-0.093505,3,-51.5,0.7992,923.25,3
441.25,1.0107,-0.025263,-0.11631,3,-50.5,4.5268,922.25,3
441.38,1.0107,-0.025263,-0.11631,4,-64,1.1704,922.25,3
441.5,1.0107,-0.025263,-0.11631,4,-67,4.7185,925.25,3
441.75,1.0107,-0.025263,-0.11631,4,-66,5.938,923.75,3
442.5,0.9521,-0.036746,-0.11631,4,-65,0.6274,922.75,3
442.75,0.9521,-0.036746,-0.11631,4,-63.5,5.2247,921.25,3
443,0.9521,-0.036746,-0.11631,3,-49.5,5.7125,920.25,3
443.1,0.94038,-0.025263,-0.12771,4,-66.5,5.122,924.75,3
443.25,0.94038,-0.025263,-0.12771,3,-49.5,5.3797,920.75,3
443.5,0.94038,-0.01378,-0.10491,3,-49.5,5.3766,920.75,3
443.75,1.128,-0.10565,-0.047893,4,-65.5,0.14726,923.25,3
444,1.128,-0.10565,-0.047893,4,-64.5,4.266,922.25,3
444.25,1.128,-0.10565,-0.047893,4,-66,5.9288,923.75,3
444.5,1.2335,-0.15158,0.020525,4,-68,4.3074,925.75,3
444.75,1.2335,-0.15158,0.020525,4,-65,0.60132,922.75,3
445,1.2335,-0.15158,0.020525,4,-63.5,5.1082,921.25,3
445.25,1.2335,-0.15158,0.020525,3,-49.5,5.6727,920.25,3
445.35,0.91693,-0.0022966,-0.11631,3,-49.5,5.6757,920.25,3
445.4,0.91693,-0.0022966,-0.11631,3,-53,6.2402,924.75,3
446,1.1045,-0.071196,-0.059296,4,-63.5,2.5326,920.75,3
446.25,1.2687,-0.19751,0.043332,4,-64,4.1709,922.25,3
447.25,1.2101,-0.11713,0.0091224,4,-65,0.5553,922.75,3
447.75,0.97555,0.032153,-0.070699,3,-50,5.7647,920.25,3
448,1.2687,-0.11713,0.088944,4,-66,5.102,924.75,3
448.25,1.0225,0.055119,-0.047893,3,-50.5,5.461,920.75,3
448.5,1.1983,-0.11713,0.11175,3,-51.5,3.9224,923.25,3
448.6,1.1983,-0.11713,0.11175,3,-50,4.5452,922.25,3
448.75,1.1983,-0.11713,0.11175,4,-63.5,4.131,922.25,3
449.25,0.97555,0.0091865,-0.093505,3,-50,4.6848,921.75,3
449.75,1.339,-0.048229,0.043332,4,-64.5,3.7153,922.75,3
450,1.2687,-0.12861,0.066138,3,-49,5.6711,920.25,3
450.25,1.1514,-0.048229,-0.013684,4,-63.5,6.1237,920.25,3
450.75,1.3977,-0.17454,0.11175,4,-63,5.6404,920.75,3
450.85,1.3977,-0.17454,0.11175,4,-63,2.5249,920.75,3
451.05,0.97555,0.02067,-0.082102,3,-50,4.5743,922.25,3
451.5,1.0811,-0.025263,-0.03649,4,-65.5,5.938,923.75,3
451.75,1.0811,-0.025263,-0.03649,3,-49.5,4.8397,921.75,3
452,1.128,-0.059712,-0.025087,4,-67.5,4.3412,925.75,3
452.25,1.128,-0.059712,-0.025087,4,-64.5,0.61513,922.75,3
452.35,1.128,-0.059712,-0.025087,3,-49,5.1588,921.25,3
452.5,0.92865,0.0091865,-0.12771,4,-63.5,6.2264,920.25,3
452.6,0.92865,0.0091865,-0.12771,4,-63.5,6.254,920.25,3
453,1.1045,-0.059712,-0.047893,3,-49,5.4548,920.75,3
453.25,1.339,-0.16306,0.054735,3,-51,0.81454,923.25,3
453.4,1.339,-0.16306,0.054735,4,-65,0.11965,923.25,3
453.5,1.339,-0.16306,0.054735,3,-50,4.516,922.25,3
453.75,0.9052,-0.036746,-0.11631,3,-50,4.4992,922.25,3
454,1.1866,-0.11713,-0.013684,4,-66,5.9718,923.75,3
454.5,0.9052,-0.025263,-0.11631,3,-50.5,4.1356,922.75,3
454.6,0.9052,-0.025263,-0.11631,4,-66,0.53383,922.75,3
455,1.1045,-0.082679,-0.0022806,4,-65,6.0945,920.25,3
455.53,0.94038,0.032153,-0.082102,4,-64.5,5.5545,920.75,3
455.75,0.94038,0.032153,-0.082102,4,-66.5,6.2341,923.25,3
456,0.94038,0.032153,-0.082102,3,-49.5,4.5007,922.25,3
456.1,0.94038,0.02067,-0.070699,3,-50,4.4777,922.25,3
456.5,1.0811,-0.036746,-0.03649,4,-67,5.8215,923.75,3
457,1.2452,-0.12861,0.066138,4,-66,0.60899,922.75,3
457.25,1.1163,-0.094162,-0.013684,4,-64.5,5.1941,921.25,3
457.5,1.1163,-0.094162,-0.013684,3,-49,5.6466,920.25,3
458,1.0225,-0.048229,-0.047893,3,-49,5.3567,920.75,3
458.25,1.2218,-0.12861,0.0091224,4,-66.5,0.13192,923.25,3
458.5,1.2218,-0.12861,0.0091224,4,-65.5,4.2476,922.25,3
458.75,1.2218,-0.12861,0.0091224,4,-68.5,4.8167,925.25,3
459,1.2218,-0.12861,0.0091224,3,-49.5,4.6296,921.75,3
459.1,0.9052,-0.036746,-0.11631,3,-49.5,4.6127,921.75,3
459.25,1.0576,-0.025263,-0.059296,3,-51,4.0083,922.75,3
459.5,1.0576,-0.025263,-0.059296,4,-66,0.65961,922.75,3
460,0.9052,-0.048229,-0.11631,3,-49,5.5239,920.25,3
460.5,1.2687,-0.15158,0.066138,4,-65,2.5403,920.75,3
460.75,1.2687,-0.15158,0.066138,3,-51,0.53689,923.25,3
460.85,1.2687,-0.15158,0.066138,4,-66.5,0.13652,923.25,3
460.93,1.2687,-0.15158,0.066138,4,-65.5,1.0999,922.25,3
461.5,1.3859,-0.20899,0.077541,4,-65,4.7691,921.75,3
461.75,1.3859,-0.20899,0.077541,3,-51,4.0144,922.75,3
462,0.97555,-0.0022966,-0.082102,4,-66,0.66421,922.75,3
462.25,0.97555,-0.0022966,-0.082102,3,-49.5,4.9011,921.25,3
462.5,0.94038,0.0091865,-0.082102,4,-68,5.1695,924.75,3
463,0.91693,-0.0022966,-0.10491,3,-49,5.2048,920.75,3
463.13,0.94038,-0.0022966,-0.082102,3,-51,3.7506,923.25,3
463.25,0.94038,-0.0022966,-0.082102,3,-51.5,3.7306,923.25,3
463.33,1.1983,-0.10565,0.031928,3,-50,4.381,922.25,3
463.5,0.96383,-0.0022966,-0.082102,4,-67,5.9626,923.75,3
463.75,0.96383,-0.0022966,-0.082102,4,-65.5,4.7507,921.75,3
464.5,1.1749,-0.082679,0.0091224,3,-50.5,4.0344,922.75,3
464.6,1.1749,-0.082679,0.0091224,3,-49,4.9287,921.25,3
464.65,0.92865,-0.01378,-0.10491,3,-49.5,4.9072,921.25,3
464.75,0.9052,-0.036746,-0.11631,3,-49,5.5653,920.25,3
465,1.3156,-0.18603,0.054735,3,-52.5,6.0439,924.75,3
465.25,1.1163,-0.082679,-0.013684,3,-49,5.2385,920.75,3
465.75,1.3273,-0.15158,0.066138,3,-50,4.309,922.25,3
466.25,0.92865,-0.01378,-0.093505,4,-67.5,5.9948,923.75,3
466.5,0.92865,-0.01378,-0.093505,3,-50,4.6219,921.75,3
466.75,1.128,-0.082679,-0.013684,3,-51,3.9945,922.75,3
466.88,1.128,-0.082679,-0.013684,4,-66,0.67955,922.75,3
467,1.1983,-0.11713,0.020525,3,-49,5.5346,920.25,3
467.25,1.3625,-0.16306,0.077541,4,-68.5,5.1434,924.75,3
467.75,1.3039,-0.16306,0.066138,3,-49,5.2002,920.75,3
468,1.2218,-0.094162,0.020525,3,-51.5,3.6877,923.25,3
468.1,1.2218,-0.094162,0.020525,4,-66.5,0.13499,923.25,3
468.28,1.2218,-0.094162,0.020525,4,-65,1.1121,922.25,3
468.75,1.0225,-0.01378,-0.047893,4,-67,5.9917,923.75,3
468.85,1.0225,-0.01378,-0.047893,4,-64.5,4.7645,921.75,3
469,1.0225,-0.01378,-0.047893,3,-51,4.0666,922.75,3
469.25,1.0107,-0.0022966,-0.070699,3,-50.5,4.0451,922.75,3
469.5,1.3273,-0.17454,0.066138,3,-49,4.9793,921.25,3
469.6,1.257,-0.11713,0.031928,4,-65,6.254,920.25,3
470,1.257,-0.11713,0.031928,3,-52,0.076699,924.25,3
470.1,1.0107,-0.01378,-0.070699,4,-64.5,2.6001,920.75,3
470.25,1.0107,-0.01378,-0.070699,3,-49,5.2708,920.75,3
470.75,1.0225,-0.01378,-0.070699,4,-65.5,1.1582,922.25,3
471,1.0107,0.0091865,-0.082102,3,-50,4.6219,921.75,3
472,0.96383,-0.025263,-0.093505,3,-49,5.5699,920.25,3
472.1,1.1514,-0.094162,-0.013684,4,-65,6.274,920.25,3
472.5,1.1514,-0.094162,-0.013684,3,-52,0.056757,924.25,3
472.6,0.97555,0.032153,-0.070699,4,-64.5,5.7356,920.75,3
472.75,0.97555,0.032153,-0.070699,4,-66.5,0.17487,923.25,3
473,0.97555,0.032153,-0.070699,3,-50,4.3258,922.25,3
473.5,1.0342,-0.01378,-0.013684,4,-65.5,6.0439,923.75,3
473.75,1.0342,-0.01378,-0.013684,4,-64,4.8428,921.75,3
474,1.0342,-0.01378,-0.013684,4,-65.5,0.7225,922.75,3
474.25,1.0342,-0.01378,-0.013684,4,-64.5,5.2738,921.25,3
474.5,1.1163,-0.036746,-0.013684,4,-64.5,6.2817,920.25,3
474.75,1.1163,-0.036746,-0.013684,4,-67,5.6696,924.25,3
475,1.1163,-0.036746,-0.013684,4,-64,2.7366,920.75,3
475.5,0.9052,-0.0022966,-0.082102,3,-50,4.4378,922.25,3
475.6,0.9052,-0.0022966,-0.082102,4,-65,1.2471,922.25,3
476,0.97555,-0.01378,-0.082102,3,-49,4.7339,921.75,3
476.5,0.96383,-0.01378,-0.082102,4,-65.5,0.75625,922.75,3
476.75,0.96383,-0.01378,-0.082102,3,-49.5,4.9732,921.25,3
476.85,0.97555,-0.0022966,-0.082102,3,-49,5.6006,920.25,3
477,1.1163,-0.071196,-0.025087,4,-67,5.2355,924.75,3
477.25,1.1163,-0.071196,-0.025087,4,-66.5,5.6742,924.25,3
477.75,0.96383,-0.01378,-0.070699,3,-51,0.65961,923.25,3
477.85,0.96383,-0.01378,-0.070699,3,-51,0.65654,923.25,3
477.9,0.96383,-0.01378,-0.070699,3,-50,4.3657,922.25,3
478,0.94038,-0.01378,-0.082102,3,-50,4.3442,922.25,3
478.13,0.94038,-0.01378,-0.082102,4,-68,4.8781,925.25,3
478.5,1.128,-0.094162,-0.0022806,4,-64.5,1.7089,921.75,3
479,1.0225,-0.01378,-0.070699,3,-51,4.019,922.75,3
479.1,1.0225,-0.01378,-0.070699,4,-66,0.72557,922.75,3
479.25,1.339,-0.15158,0.066138,3,-49,5.5745,920.25,3
479.38,1.339,-0.15158,0.066138,4,-64.5,6.2817,920.25,3
479.75,1.1163,-0.048229,-0.013684,3,-49,5.3014,920.75,3
480,0.9521,-0.01378,-0.093505,3,-49,5.2738,920.75,3
480.1,0.9521,-0.036746,-0.082102,4,-66,0.27918,923.25,3
480.5,0.96383,-0.025263,-0.070699,4,-67.5,4.8857,925.25,3
480.75,0.96383,-0.025263,-0.070699,4,-66.5,6.0577,923.75,3
481.03,0.96383,-0.025263,-0.070699,3,-50,4.6311,921.75,3
481.25,0.99901,-0.025263,-0.070699,3,-50.5,4.0773,922.75,3
481.35,0.99901,-0.025263,-0.070699,3,-50.5,4.0804,922.75,3
481.5,1.1632,-0.10565,0.054735,3,-49.5,4.944,921.25,3
481.75,1.3039,-0.15158,0.10035,3,-49,5.5576,920.25,3
481.85,1.3039,-0.15158,0.10035,4,-64,0.047553,920.25,3
482.5,1.0459,-0.01378,0.020525,4,-64,5.8307,920.75,3
482.75,1.0459,-0.01378,0.020525,4,-66.5,0.22396,923.25,3
483.25,0.98728,0.0091865,-0.070699,3,-50,4.582,921.75,3
483.5,0.98728,0.0091865,-0.070699,3,-50,4.5759,921.75,3
483.75,0.91693,-0.036746,-0.082102,3,-51,3.9884,922.75,3
484,0.99901,-0.0022966,-0.059296,3,-49.5,4.8857,921.25,3
484.13,1.0576,-0.036746,-0.047893,3,-49,5.5423,920.25,3
484.25,0.97555,-0.01378,-0.070699,3,-49,5.5515,920.25,3
484.35,0.97555,-0.01378,-0.070699,4,-67.5,5.1971,924.75,3
484.75,0.9521,-0.0022966,-0.082102,3,-49,5.3106,920.75,3
485,1.1514,-0.094162,0.0091224,4,-66.5,0.22856,923.25,3
485.25,1.1514,-0.094162,0.0091224,3,-50,4.4439,922.25,3
485.75,1.2804,-0.15158,0.054735,3,-49.5,4.6878,921.75,3
486.25,0.9521,-0.01378,-0.093505,3,-51,4.0896,922.75,3
486.35,0.9521,-0.01378,-0.093505,4,-65.5,0.70563,922.75,3
486.5,0.9521,-0.01378,-0.093505,3,-49.5,4.9824,921.25,3
486.6,0.91693,-0.01378,-0.093505,3,-48.5,5.6358,920.25,3
486.75,1.2101,-0.11713,0.031928,4,-64.5,0.039884,920.25,3
487,1.2101,-0.11713,0.031928,4,-67,5.5776,924.25,3
487.25,1.2101,-0.11713,0.031928,3,-49,5.2861,920.75,3
487.33,0.99901,-0.01378,-0.082102,3,-49,5.2876,920.75,3
487.5,1.1514,-0.11713,-0.013684,4,-66,0.22089,923.25,3
487.75,1.1514,-0.11713,-0.013684,4,-65,1.198,922.25,3
488,1.1514,-0.11713,-0.013684,4,-67,6.0071,923.75,3
488.25,1.1514,-0.11713,-0.013684,3,-49.5,4.6418,921.75,3
488.75,0.97555,-0.0022966,-0.082102,3,-49.5,4.944,921.25,3
489,1.1866,-0.094162,0.031928,4,-64,0.032214,920.25,3
489.5,1.0342,-0.01378,-0.047893,4,-66,5.6481,924.25,3
489.75,1.0342,-0.01378,-0.047893,3,-49,5.4656,920.75,3
490,0.97555,-0.01378,-0.070699,3,-51,3.9132,923.25,3
490.08,0.92865,-0.025263,-0.082102,4,-64.5,4.3642,922.25,3
491.25,1.3156,-0.17454,0.066138,4,-64.5,5.2508,921.25,3
491.5,1.3156,-0.17454,0.066138,3,-49,5.5822,920.25,3
491.63,1.3156,-0.17454,0.066138,3,-48.5,5.5975,920.25,3
492.25,1.0576,-0.025263,-0.047893,4,-64.5,5.7371,920.75,3
492.5,1.0576,-0.025263,-0.047893,3,-50,4.3596,922.25,3
492.58,1.0576,-0.025263,-0.047893,4,-64.5,4.2936,922.25,3
492.75,1.0459,-0.0022966,-0.047893,4,-66,6.0255,923.75,3
493,1.0459,-0.0022966,-0.047893,3,-49.5,4.7691,921.75,3
493.25,1.1397,-0.071196,0.020525,4,-68,4.4485,925.75,3
493.5,1.1397,-0.071196,0.020525,3,-50.5,4.1279,922.75,3
493.75,1.2687,-0.12861,0.077541,3,-49.5,5.01,921.25,3
494,1.1983,-0.10565,0.020525,4,-64,0.003068,920.25,3
494.5,1.257,-0.11713,0.043332,3,-49,5.2662,920.75,3
494.6,0.97555,-0.0022966,-0.093505,3,-49,5.2431,920.75,3
495,1.2452,-0.12861,0.043332,4,-65,1.1443,922.25,3
495.1,1.2452,-0.12861,0.043332,4,-68,4.7645,925.25,3
495.25,1.2452,-0.12861,0.043332,3,-52,0.3252,923.75,3
495.5,1.2452,-0.12861,0.043332,4,-66.5,5.961,923.75,3
496,1.2452,-0.12861,0.043332,3,-51,4.0282,922.75,3
496.1,1.2804,-0.12861,0.054735,3,-49,4.944,921.25,3
496.25,1.2804,-0.12861,0.054735,4,-64,5.257,921.25,3
496.5,0.97555,0.0091865,-0.082102,3,-49,5.5914,920.25,3
496.6,0.97555,0.0091865,-0.082102,4,-67,5.1849,924.75,3
497,1.128,-0.059712,-0.013684,4,-64.5,2.6108,920.75,3
497.1,1.128,-0.059712,-0.013684,3,-51.5,3.726,923.25,3
497.75,1.3977,-0.18603,0.088944,4,-67,6.0147,923.75,3
498,1.3977,-0.18603,0.088944,3,-49.5,4.6111,921.75,3
498.13,1.3977,-0.18603,0.088944,4,-64.5,4.809,921.75,3
498.5,0.97555,0.0091865,-0.082102,3,-49.5,4.9118,921.25,3
498.75,1.0225,0.0091865,-0.070699,4,-64.5,6.2709,920.25,3
499.25,1.3742,-0.17454,0.10035,4,-66.5,5.6021,924.25,3
499.35,1.3742,-0.17454,0.10035,3,-49,5.2892,920.75,3
499.5,0.94038,-0.0022966,-0.10491,3,-51.5,3.7721,923.25,3
499.6,0.94038,-0.0022966,-0.10491,3,-51,0.64887,923.25,3
499.75,1.2804,-0.14009,0.054735,4,-65,1.1612,922.25,3
500.25,1.1749,-0.094162,0.0091224,3,-50,4.6142,921.75,3
500.75,1.2687,-0.14009,0.054735,3,-50.5,0.88511,922.75,3
501.25,1.1163,-0.071196,-0.013684,3,-49,5.53,920.25,3
501.5,0.9521,-0.01378,-0.082102,4,-67.5,5.1726,924.75,3
501.75,0.9521,-0.0022966,-0.093505,3,-49,5.2278,920.75,3
502,0.9521,-0.01378,-0.082102,4,-66,0.19328,923.25,3
502.5,1.1866,-0.094162,0.031928,4,-67.5,4.7968,925.25,3
502.75,1.1866,-0.094162,0.031928,4,-66.5,6.0255,923.75,3
503.5,1.0459,-0.01378,-0.070699,4,-64.5,2.1307,921.25,3
503.75,1.0459,-0.01378,-0.070699,3,-49,5.5361,920.25,3
504,0.96383,-0.0022966,-0.093505,4,-67,5.5699,924.25,3
504.25,1.2452,-0.11713,0.054735,3,-49,5.2278,920.75,3
504.75,0.98728,0.0091865,-0.082102,4,-64.5,4.3212,922.25,3
505.25,0.98728,0.0091865,-0.070699,3,-49.5,4.8121,921.75,3
505.35,0.98728,0.0091865,-0.070699,3,-49.5,4.7952,921.75,3
505.5,0.91693,-0.01378,-0.082102,4,-68.5,4.4577,925.75,3
505.75,0.91693,-0.01378,-0.082102,4,-65,0.7179,922.75,3
505.85,0.91693,-0.01378,-0.082102,3,-49.5,5.013,921.25,3
506,0.92865,-0.01378,-0.10491,3,-49,4.9808,921.25,3
506.25,0.92865,-0.036746,-0.11631,3,-49,5.6128,920.25,3
506.75,1.4446,-0.20899,0.088944,3,-49,5.2447,920.75,3
506.88,1.4446,-0.20899,0.088944,3,-49,5.2554,920.75,3
506.93,1.4446,-0.20899,0.088944,3,-49,5.2416,920.75,3
507,1.0107,0.0091865,-0.082102,3,-51,0.61666,923.25,3
507.13,1.0107,0.0091865,-0.082102,4,-66,0.17794,923.25,3
507.18,1.0107,0.0091865,-0.082102,3,-50.5,4.3473,922.25,3
507.75,1.1397,0.15847,-0.03649,1,-59.5,6.1727,921.75,3
508.5,0.58862,0.51445,0.73892,4,-58.5,4.9594,920.25,1
509.5,0.58862,0.51445,0.73892,4,-66,0.36509,922.25,1
