0,-0.15009,0.93932,-0.047893,1,-47,1.9221,925.75,4
0.025,-0.044557,0.95081,0.12315,1,-44,4.5743,922.75,4
0.075,-0.044557,0.95081,0.12315,2,-61.5,6.2234,922.75,4
0.25,-0.044557,0.95081,0.12315,1,-48.5,5.757,922.75,4
2,0.14305,0.88191,0.054735,2,-57.5,0.53229,923.75,4
3.25,-0.666,0.69818,-0.0022806,2,-56.5,5.5883,924.75,4
4.75,-0.666,0.69818,-0.0022806,2,-58.5,0.53229,925.75,2
7,0.14305,0.96229,0.10035,2,-58,0.96487,921.75,2
15.5,0.0023451,1.0427,0.18017,2,-59,0.92959,924.75,2
19.25,0.14305,0.96229,0.12315,2,-57,4.7538,923.75,2
19.5,0.14305,0.96229,0.12315,2,-59.5,6.1835,925.75,2
20,0.14305,0.96229,0.12315,2,-58,1.9512,921.25,2
20.75,0.14305,0.96229,0.12315,2,-56.5,4.1218,923.25,2
30.25,0.14305,1.1575,0.088944,2,-51,1.1413,920.75,2
30.75,0.060972,1.0542,0.054735,2,-51,6.2663,922.25,2
41.5,0.049247,0.98526,0.12315,2,-56,0.92806,925.75,2
54.25,0.096148,0.93932,0.088944,2,-56,5.9595,920.25,2
54.75,0.096148,0.93932,0.088944,2,-57.5,4.0681,924.25,2
56.75,0.10787,0.96229,0.11175,2,-56.5,0.54917,924.75,2
62.75,-0.068007,1.0542,0.054735,2,-57.5,4.3642,925.25,2
64,0.060972,0.98526,0.12315,2,-56.5,4.6526,924.75,2
65,0.037521,0.99674,0.088944,2,-56.5,1.3116,925.25,2
66.75,0.2603,0.90487,0.20297,2,-56.5,4.6756,924.75,2
67.5,0.2603,0.90487,0.20297,2,-56.5,5.6036,922.25,2
69,0.084423,0.98526,0.13456,2,-58,4.5237,924.75,2
70,-0.044557,1.0082,0.054735,2,-57.5,1.2885,925.25,2
70.5,-0.044557,1.0082,0.054735,2,-58,1.083,925.75,2
72.5,0.060972,0.97377,0.10035,2,-57.5,1.0308,925.25,2
74,0.096148,0.97377,0.13456,2,-56,1.3177,924.75,2
75.5,0.2603,0.90487,0.20297,2,-58,0.8621,925.75,2
76.25,0.2603,0.90487,0.20297,2,-57,1.2379,924.75,2
78.75,0.049247,0.98526,0.12315,2,-57,1.1275,924.75,2
82.25,0.1196,0.95081,0.12315,2,-56.5,0.17948,925.25,2
88.75,0.2134,0.93932,0.14596,2,-56.5,0.50775,924.25,2
90.25,0.17823,0.96229,0.11175,2,-57,0.073631,925.75,2
97,0.072698,0.97377,0.054735,2,-57,0.0061359,925.25,2
97.25,0.072698,0.97377,0.054735,2,-57,5.9856,925.75,2
98.5,0.36583,0.92784,0.16876,2,-58.5,0.55837,924.25,2
99,0.36583,0.92784,0.16876,2,-57,4.6449,922.25,2
100,0.36583,0.92784,0.16876,2,-57,6.0454,925.75,2
100.75,0.22513,0.98526,0.15736,2,-57,6.1513,924.75,2
101.75,0.34238,0.96229,0.27139,2,-57,6.1635,925.25,2
104.25,0.18995,0.97377,0.12315,2,-56.5,0.53843,925.25,2
104.75,0.14305,0.98526,0.12315,2,-57,0.35588,925.75,2
105.75,0.13132,0.97377,0.13456,2,-57,0.70256,924.25,2
107.25,0.20168,0.95081,0.13456,2,-57.5,0.34361,925.75,2
111.25,0.43619,0.84746,0.19157,2,-58,1.695,922.25,2
112,0.24858,0.98526,0.020525,2,-57.5,0.23163,925.75,2
119,0.084423,1.0312,0.020525,2,-57,0.76085,923.75,2
119.5,0.084423,1.0312,0.020525,2,-58,6.1681,925.75,2
120.25,0.15478,0.95081,0.088944,2,-58,0.4786,924.25,2
121.25,0.15478,0.95081,0.088944,2,-59,0.2347,925.25,2
121.75,0.15478,0.95081,0.088944,2,-57,6.1681,925.75,2
122.5,0.15478,0.99674,0.0091224,2,-57,0.36662,924.75,2
124,0.18995,0.93932,-0.013684,2,-57,0.51695,923.75,2
128.25,0.13132,0.97377,0.020525,2,-56.5,5.0207,922.25,2
129,0.13132,0.97377,0.020525,2,-57.5,6.208,925.75,2
134,0.15478,1.0197,0.10035,2,-58,0.62893,925.75,2
135.75,0.29548,0.91636,0.18017,2,-58,0.7808,925.25,2
137.25,0.14305,0.98526,0.11175,2,-57.5,1.1766,924.25,2
138,0.14305,0.98526,0.11175,2,-57,1.2809,923.25,2
138.25,0.14305,0.98526,0.11175,2,-57,0.77159,925.25,2
141.25,0.1665,0.99674,0.14596,2,-58,0.40497,925.75,2
143.75,0.2603,0.95081,0.19157,2,-57.5,0.1534,925.75,2
149.75,0.45964,0.90487,0.22578,2,-57.5,0.8621,924.25,2
150.25,0.45964,0.90487,0.22578,2,-56.5,4.8075,922.25,2
151.75,0.1665,0.99674,0.088944,2,-57,0.51235,924.75,2
152.75,0.27203,0.98526,0.13456,2,-57.5,0.22243,925.25,2
161.25,0.29548,0.95081,0.15736,2,-56.5,5.4886,921.25,2
161.75,0.29548,0.95081,0.15736,2,-57,1.1536,924.25,2
163.25,0.2134,0.97377,0.16876,2,-59,0.36509,925.75,2
164.25,0.2134,0.97377,0.16876,2,-57.5,1.0922,924.25,2
165.5,0.24858,0.97377,0.16876,2,-58,0.50775,925.75,2
169.5,0.30721,0.93932,0.21438,2,-54,5.1404,923.25,2
170.25,0.35411,0.93932,0.23718,2,-55.5,6.0362,921.75,2
175.5,0.33066,0.95081,0.23718,2,-57,0.36509,925.75,2
182,0.27203,0.96229,0.19157,2,-56.5,0.3927,925.25,2
186.75,0.28376,1.0082,0.15736,2,-57,0.50928,925.25,2
190,0.2603,0.97377,0.15736,2,-57.5,0.29759,925.75,2
191,0.30721,0.97377,0.18017,2,-56.5,0.84983,924.25,2
192.5,0.20168,0.97377,0.16876,2,-57,0.23777,925.75,2
194.25,0.23685,0.99674,0.14596,2,-57,0.50161,925.25,2
196.75,0.2134,0.99674,0.12315,2,-57.5,0.35128,925.25,2
197.25,0.2134,0.99674,0.12315,2,-57.5,0.11505,925.75,2
199.75,0.28376,0.96229,0.14596,2,-57,0.30219,925.75,2
206.75,0.22513,1.0542,0.077541,2,-54,1.1628,923.75,2
216,0.41273,0.93932,0.22578,2,-59.5,0.85289,925.25,2
217.25,0.41273,0.93932,0.22578,2,-57,5.6404,920.25,2
217.75,0.41273,0.93932,0.22578,2,-58.5,0.72404,924.25,2
218.75,0.1665,0.98526,0.13456,2,-57,0.97715,923.75,2
220.25,0.29548,0.97377,0.14596,2,-53.5,0.632,924.25,2
224,0.30721,0.98526,0.20297,2,-57.5,4.2936,925.75,2
229,0.1665,0.97377,0.13456,2,-56.5,0.36509,925.75,2
250.25,0.2603,0.93932,0.23718,2,-57,1.4956,925.25,2
251.5,0.49481,0.82449,0.46524,2,-56.5,1.1689,924.75,2
252.25,0.49481,0.82449,0.46524,2,-55,1.9175,923.25,2
255.75,0.1665,1.0312,0.16876,2,-57,0.44332,925.75,2
260.5,0.28376,0.95081,0.14596,2,-60.5,6.0301,925.75,2
262,0.38928,0.91636,0.21438,2,-54.5,0.82221,923.25,2
262.5,0.38928,0.91636,0.21438,2,-57,4.5835,923.75,2
263.25,0.38928,0.91636,0.21438,2,-57,1.6812,922.75,2
264.5,0.33066,0.92784,0.14596,2,-56,5.0023,922.25,2
269.25,0.22513,0.96229,0.20297,2,-54.5,1.3637,923.25,2
271.75,0.30721,0.95081,0.21438,2,-57,4.6633,923.25,2
274.5,0.1196,0.98526,0.15736,2,-56.5,5.3766,922.25,2
274.75,0.1196,0.98526,0.15736,2,-57.5,0.9434,925.25,2
278.75,0.15478,1.0542,0.066138,2,-51.5,0.056757,920.75,2
281.5,0.15478,1.0312,0.20297,2,-50,5.01,923.25,2
282.75,0.23685,0.97377,0.13456,2,-56,5.1266,922.75,2
283.5,0.2134,0.91636,0.16876,2,-57,0.84676,924.25,2
290.5,0.084423,0.99674,0.10035,2,-57,1.7288,920.25,2
302.25,0.40101,0.95081,0.20297,2,-57.5,0.38196,922.75,4
302.75,0.40101,0.95081,0.20297,2,-56.5,5.7877,924.75,4
303.25,-0.44322,0.72114,-0.10491,2,-47,4.6342,920.75,4
303.35,0.049247,0.72114,-0.093505,2,-46,5.5392,920.75,4
303.5,0.049247,0.99674,-0.13912,2,-47,0.43872,923.25,4
303.63,0.049247,0.99674,-0.13912,2,-47.5,0.9434,923.25,4
303.73,-0.0093803,1.1001,0.0091224,2,-47.5,4.2568,922.25,4
303.78,-0.11491,1.2494,-0.18473,2,-45,0.42031,922.25,4
303.82,-0.11491,1.2494,-0.18473,2,-44.5,1.06,922.25,4
303.85,-0.13836,0.99674,0.13456,2,-45.5,1.6552,925.25,4
303.9,0.0023451,0.98526,0.25999,2,-45.5,3.8365,925.25,4
304,-0.091458,0.95081,0.088944,2,-45,5.5914,923.75,4
304.07,-0.021106,0.97377,0.10035,2,-49,0.36969,923.75,4
306.25,0.38928,0.88191,0.24859,1,-65.5,4.7354,925.25,4
308,0.38928,0.88191,0.24859,1,-60,4.3887,920.75,1
308.25,0.38928,0.88191,0.24859,4,-57,5.8828,923.25,1
308.75,0.18995,0.99674,0.077541,1,-57.5,0.62586,925.25,1
309,0.18995,0.99674,0.077541,1,-56.5,5.2048,923.75,1
309.25,0.18995,0.99674,0.077541,1,-57,0.94186,921.75,1
309.5,0.18995,0.99674,0.077541,1,-57.5,0.19482,922.75,1
309.75,0.18995,0.99674,0.077541,4,-57,6.1727,921.25,1
310,0.18995,0.99674,0.077541,1,-59,5.6681,920.25,1
310.25,0.18995,0.99674,0.077541,1,-59,2.3378,924.25,1
310.75,0.18995,0.99674,0.077541,4,-57,1.7886,923.25,1
311.25,-0.079733,0.95081,0.12315,1,-58.5,4.0451,923.75,1
311.75,-0.079733,0.95081,0.12315,4,-59.5,5.8261,925.75,1
312,-0.079733,0.95081,0.12315,1,-58,6.1758,921.25,1
312.25,-0.079733,0.95081,0.12315,1,-58.5,0.8805,920.25,1
312.75,-0.079733,0.95081,0.12315,1,-59,3.8994,924.25,1
313,-0.079733,0.95081,0.12315,1,-58.5,0.53536,920.75,1
313.25,-0.079733,0.95081,0.12315,4,-57,2.0724,923.25,1
313.5,-0.079733,0.95081,0.12315,4,-57,6.1237,922.25,1
314,-0.12663,0.98526,0.054735,1,-57,6.1129,921.75,1
314.25,-0.12663,0.98526,0.054735,4,-58,5.6819,925.75,1
314.5,-0.12663,0.98526,0.054735,4,-56.5,5.4257,922.75,1
314.6,-0.12663,0.98526,0.054735,1,-57.5,0.17334,921.25,1
314.75,-0.12663,0.98526,0.054735,4,-56.5,1.6122,920.25,1
315,-0.12663,0.98526,0.054735,1,-59.5,0.29606,924.75,1
315.5,-0.12663,0.98526,0.054735,4,-56.5,0.8667,920.75,1
315.75,0.10787,0.95081,0.043332,1,-58.5,0.47247,922.25,1
316.25,0.10787,0.95081,0.043332,1,-60.5,1.0876,923.75,1
316.5,0.10787,0.95081,0.043332,1,-59.5,2.5096,921.75,1
317.5,0.1196,0.97377,0.27139,4,-60,0.049087,924.75,1
317.75,0.1196,0.97377,0.27139,1,-60.5,0.41724,920.75,1
318.25,0.1196,0.97377,0.27139,4,-56,5.1373,922.25,1
318.5,0.1196,0.97377,0.27139,1,-61,6.2817,925.25,1
319.25,0.0023451,1.0197,0.066138,1,-60,1.6582,922.75,1
319.5,0.0023451,1.0197,0.066138,4,-56.5,1.1029,920.25,1
319.75,0.0023451,1.0197,0.066138,1,-61,6.2157,924.75,1
320.25,0.0023451,1.0197,0.066138,1,-61,6.2126,920.75,1
320.75,0.0023451,1.0197,0.066138,4,-57,5.0023,922.25,1
321.5,0.096148,1.0082,0.19157,1,-63,4.9379,925.75,1
322,0.096148,1.0082,0.19157,1,-60,3.8672,920.25,1
322.25,0.096148,1.0082,0.19157,1,-59,0.2439,924.75,1
322.75,0.096148,1.0082,0.19157,3,-68.5,0.63507,920.75,1
323.25,-0.068007,1.0197,0.27139,1,-57,5.0713,922.25,1
323.5,-0.068007,1.0197,0.27139,4,-57,4.9087,923.75,1
324,0.10787,0.85894,0.23718,1,-57.5,4.9747,922.75,1
324.25,0.10787,0.85894,0.23718,1,-57.5,6.0577,921.25,1
324.5,0.10787,0.85894,0.23718,1,-57.5,0.31447,920.25,1
324.75,0.10787,0.85894,0.23718,1,-57.5,5.9028,924.75,1
325,0.10787,0.85894,0.23718,3,-66.5,0.89278,920.75,1
325.25,0.10787,0.85894,0.23718,4,-58,5.2094,923.25,1
325.5,0.10787,0.85894,0.23718,1,-57,1.7656,922.25,1
326,0.10787,0.85894,0.23718,1,-59,0.76085,923.75,1
326.75,0.24858,0.97377,0.11175,1,-58,1.422,922.75,1
326.85,0.24858,0.97377,0.11175,4,-57.5,5.2278,920.25,1
327,0.24858,0.97377,0.11175,1,-60,6.0009,924.75,1
327.75,0.24858,0.97377,0.11175,1,-59,1.0124,923.25,1
328.25,0.24858,0.97377,0.11175,1,-59,0.66421,923.75,1
329.25,0.24858,0.92784,0.10035,4,-57.5,1.0523,921.25,1
329.38,0.24858,0.92784,0.10035,1,-59,5.4763,920.25,1
330.5,0.10787,0.90487,0.22578,1,-62.5,0.096641,922.25,1
331,0.10787,0.90487,0.22578,1,-58.5,1.9988,921.75,1
331.75,0.10787,0.96229,0.066138,1,-57,5.889,920.25,1
332,0.10787,0.96229,0.066138,3,-67,1.2655,924.75,1
332.5,0.10787,0.96229,0.066138,1,-57,5.7371,920.75,1
333.25,0.22513,0.97377,0.077541,1,-57.5,0.23623,923.75,1
333.5,0.22513,0.97377,0.077541,1,-57,1.7717,921.75,1
334.25,0.22513,0.97377,0.077541,1,-59,6.2464,920.25,1
334.75,0.22513,0.97377,0.077541,3,-69,3.9485,924.25,1
335,0.22513,0.97377,0.077541,1,-58,0.20095,923.25,1
335.75,0.1665,0.99674,0.088944,1,-58,4.9317,921.75,1
336.25,0.1665,0.99674,0.088944,1,-58,1.3821,922.75,1
336.5,0.1665,0.99674,0.088944,1,-58.5,5.8629,921.25,1
337,0.1665,0.99674,0.088944,1,-59.5,6.1957,924.75,1
337.25,0.1665,0.99674,0.088944,1,-58.5,0.026078,920.75,1
337.75,0.1665,0.99674,0.088944,4,-58.5,0.026078,922.25,1
338.75,0.13132,0.97377,0.11175,1,-59,1.4757,922.75,1
339,0.13132,0.97377,0.11175,1,-59,0.25617,920.25,1
339.5,0.13132,0.97377,0.11175,1,-60,0.18561,924.25,1
340.25,0.13132,0.97377,0.11175,1,-58.5,2.0295,922.25,1
340.75,0.13132,0.97377,0.11175,4,-58,4.2323,921.75,1
341.5,0.23685,0.93932,0.14596,1,-58.5,5.7325,921.25,1
342,0.23685,0.93932,0.14596,1,-60,0.076699,924.25,1
342.25,0.23685,0.93932,0.14596,1,-59,0.80687,923.25,1
342.75,0.23685,0.93932,0.14596,4,-62.5,0.67802,925.25,1
343.75,0.40101,0.89339,0.20297,4,-57.5,1.4373,921.25,1
344,0.40101,0.89339,0.20297,1,-58.5,0.14726,920.25,1
344.5,0.40101,0.89339,0.20297,1,-58.5,5.8736,920.75,1
344.75,0.40101,0.89339,0.20297,4,-60,5.306,923.25,1
345.5,0.40101,0.89339,0.20297,1,-59,0.31753,923.75,1
345.75,0.40101,0.89339,0.20297,1,-58,2.1307,921.75,1
346.25,0.40101,0.89339,0.20297,1,-58,5.7954,921.25,1
347,0.1665,0.99674,0.088944,1,-59.5,0.02301,924.25,1
347.25,0.1665,0.99674,0.088944,4,-59,5.4104,923.25,1
347.5,0.1665,0.99674,0.088944,4,-63,0.39423,925.25,1
348,0.1665,0.99674,0.088944,1,-58,1.9712,921.75,1
348.5,0.1665,0.99674,0.088944,1,-58,2.5986,921.25,1
348.75,0.1665,0.99674,0.088944,1,-58.5,0.44639,920.25,1
349.25,0.1665,0.99674,0.088944,1,-59.5,0.35742,924.25,1
349.75,0.1665,0.99674,0.088944,4,-59,5.7862,923.25,1
350,0.1665,0.99674,0.088944,1,-58,1.8408,922.25,1
351,0.23685,0.96229,0.13456,1,-58.5,1.3407,922.75,1
351.5,0.23685,0.96229,0.13456,1,-60,5.9442,924.75,1
352,0.23685,0.96229,0.13456,1,-59,6.0516,920.75,1
352.75,0.23685,0.96229,0.13456,1,-59.5,0.42491,923.75,1
353.25,0.23685,0.96229,0.13456,4,-59.5,5.8613,922.75,1
353.75,0.23685,0.96229,0.13456,1,-59,0.2393,920.25,1
354.5,0.20168,0.96229,0.13456,1,-59.5,1.0891,923.25,1
354.75,0.20168,0.96229,0.13456,1,-58.5,1.8822,922.25,1
355.25,0.20168,0.96229,0.13456,1,-59,2.3976,921.75,1
356,0.20168,0.96229,0.13456,4,-57.5,1.1351,921.25,1
356.25,0.20168,0.96229,0.13456,1,-59.5,0.21936,920.25,1
357.25,0.2134,0.93932,0.15736,1,-59.5,1.827,922.25,1
358.25,0.2134,0.93932,0.15736,1,-60,4.516,922.75,1
358.75,0.2134,0.93932,0.15736,1,-61.5,6.0516,924.75,1
359.75,0.2134,0.93932,0.16876,4,-58,0.63047,922.25,1
360.25,0.2134,0.93932,0.16876,1,-59,2.574,921.75,1
360.75,0.2134,0.93932,0.16876,4,-58,0.21629,922.75,1
361.75,0.24858,0.93932,0.18017,4,-56.5,5.1419,920.75,1
362,0.24858,0.93932,0.18017,4,-57.5,0.50315,922.25,1
362.5,0.24858,0.93932,0.18017,1,-60.5,0.71637,923.75,1
363,0.24858,0.93932,0.18017,1,-60,1.3438,922.75,1
364.75,0.34238,0.93932,0.25999,4,-58,5.8797,923.75,1
365.25,0.34238,0.93932,0.25999,1,-58,6.1605,925.75,1
365.5,0.34238,0.93932,0.25999,1,-58,0.064427,922.75,1
366,0.51826,0.81301,0.48805,4,-60.5,4.108,920.25,1
366.25,0.51826,0.81301,0.48805,3,-57,5.4686,924.25,1
366.75,0.51826,0.81301,0.48805,1,-58.5,2.0555,923.25,1
367.5,1.1397,0.19292,0.22578,3,-50.5,0.27612,921.75,3
367.6,1.1397,0.19292,0.22578,4,-64.5,2.3501,921.75,3
368.25,1.1983,-0.094162,0.15736,4,-62,6.1543,921.25,3
368.5,1.1983,-0.094162,0.15736,3,-49.5,5.7033,920.25,3
369,0.8583,-0.082679,-0.047893,3,-50.5,0.67188,923.25,3
369.1,0.8583,-0.082679,-0.047893,4,-62.5,3.9454,923.25,3
369.25,0.8583,-0.082679,-0.047893,3,-49.5,4.447,922.25,3
369.5,0.94038,-0.071196,-0.082102,4,-62,4.8428,922.25,3
369.75,0.94038,-0.071196,-0.082102,4,-63,0.7133,923.75,3
370,1.0225,-0.048229,-0.093505,4,-63.5,5.8153,921.75,3
370.5,0.96383,-0.059712,-0.10491,3,-48.5,4.8136,921.25,3
370.75,1.1163,-0.15158,0.054735,4,-67,0.11965,921.25,3
370.85,1.1163,-0.15158,0.054735,3,-49,5.4579,920.25,3
371,1.257,-0.17454,0.14596,4,-67.5,6.1421,924.75,3
371.5,0.97555,-0.048229,-0.013684,3,-48.5,5.2662,920.75,3
371.6,1.1514,-0.12861,-0.047893,3,-50.5,0.56297,923.25,3
371.75,1.1514,-0.12861,-0.047893,3,-51,0.53076,923.25,3
371.85,1.0107,-0.059712,-0.047893,3,-49.5,4.2184,922.25,3
372.25,1.339,-0.24344,0.12315,4,-67,0.86056,923.75,3
372.5,1.339,-0.24344,0.12315,3,-49,4.6372,921.75,3
372.75,0.94038,-0.025263,-0.10491,4,-67.5,5.1987,925.75,3
372.85,0.94038,-0.025263,-0.10491,4,-66,4.6173,922.75,3
373.25,1.1163,-0.10565,-0.013684,3,-49,5.7877,920.25,3
373.35,1.339,-0.18603,0.054735,3,-52.5,6.1421,924.75,3
373.5,1.339,-0.18603,0.054735,4,-67,5.9933,924.75,3
374,1.3156,-0.19751,0.043332,3,-49,5.3521,920.75,3
374.1,1.3156,-0.19751,0.043332,4,-65.5,0.30066,920.75,3
374.25,0.99901,-0.01378,-0.093505,4,-65,1.9574,922.25,3
374.5,0.99901,-0.01378,-0.093505,3,-51.5,0.29452,923.75,3
374.75,0.99901,-0.01378,-0.093505,4,-66,0.49087,923.75,3
375,0.91693,-0.036746,-0.11631,4,-65,5.3751,921.75,3
375.25,0.91693,-0.036746,-0.11631,4,-65,1.4266,922.75,3
376.25,0.92865,-0.059712,-0.093505,4,-65.5,0.14266,920.75,3
376.5,0.92865,-0.059712,-0.093505,3,-51,3.7475,923.25,3
376.75,0.91693,-0.048229,-0.082102,3,-50,4.3304,922.25,3
377,1.2335,-0.15158,0.031928,3,-51.5,0.28225,923.75,3
377.08,1.2335,-0.15158,0.031928,4,-66.5,0.45099,923.75,3
377.75,1.1983,-0.12861,0.031928,3,-50.5,4.1172,922.75,3
377.85,1.1983,-0.12861,0.031928,3,-48.5,5.0959,921.25,3
377.88,1.1983,-0.12861,0.031928,4,-65,5.958,921.25,3
378,0.92865,-0.025263,-0.082102,3,-49,5.8123,920.25,3
378.25,0.92865,-0.036746,-0.082102,4,-67,5.7616,924.75,3
378.5,0.92865,-0.036746,-0.082102,4,-67,6.2157,924.25,3
378.75,0.92865,-0.036746,-0.082102,3,-49,5.4057,920.75,3
379,1.3156,-0.19751,0.066138,4,-65,5.0146,922.25,3
379.5,1.3156,-0.19751,0.066138,3,-51.5,0.4065,923.75,3
379.75,1.2687,-0.17454,0.043332,3,-49,4.7185,921.75,3
379.85,1.2687,-0.17454,0.043332,4,-65,2.3501,921.75,3
380.25,0.9521,-0.036746,-0.082102,4,-65,1.3714,922.75,3
380.35,0.9521,-0.036746,-0.082102,3,-49,5.0683,921.25,3
380.5,1.1163,-0.094162,-0.013684,4,-65.5,3.7629,920.25,3
380.75,1.1163,-0.094162,-0.013684,4,-67,5.823,924.75,3
381.25,1.0459,-0.082679,-0.03649,3,-49,5.3705,920.75,3
381.35,0.97555,-0.059712,-0.03649,4,-65.5,1.0615,923.25,3
381.75,0.94038,-0.059712,-0.093505,4,-66.5,5.5131,925.25,3
382.25,1.0459,-0.059712,-0.03649,3,-49.5,4.6986,921.75,3
382.5,0.9521,-0.01378,-0.093505,3,-50.5,4.062,922.75,3
382.75,0.97555,-0.036746,-0.082102,4,-64.5,6.0945,921.25,3
383,0.97555,-0.036746,-0.082102,3,-49,5.5975,920.25,3
383.1,0.98728,-0.036746,-0.03649,3,-49,5.6297,920.25,3
383.25,1.1045,-0.10565,0.020525,4,-65.5,0.1534,924.25,3
384,1.0576,-0.082679,-0.03649,4,-65.5,1.1382,923.25,3
384.25,1.0576,-0.082679,-0.03649,4,-67.5,5.5162,925.25,3
384.75,1.1045,-0.11713,0.0091224,3,-50,4.648,921.75,3
385,1.1045,-0.11713,0.0091224,4,-63,4.671,922.75,3
385.25,1.257,-0.14009,-0.082102,3,-49.5,4.8658,921.25,3
385.5,1.0811,-0.094162,-0.013684,3,-53.5,5.912,924.75,3
386,1.2335,-0.16306,0.088944,3,-49.5,5.1803,920.75,3
386.25,0.9052,-0.036746,-0.047893,3,-50.5,4.2031,922.25,3
386.75,0.98728,-0.025263,-0.03649,4,-66.5,5.4917,925.25,3
387,1.4446,-0.19751,0.13456,4,-64,2.4145,921.75,3
387.75,0.98728,-0.0022966,-0.15052,3,-49,5.0775,921.25,3
387.88,1.0928,-0.059712,-0.03649,4,-63,0.51695,920.25,3
388,1.0928,-0.059712,-0.03649,4,-65,5.5269,924.75,3
388.5,1.0107,0.0091865,-0.082102,3,-49,5.3996,920.75,3
388.75,1.128,-0.071196,-0.0022806,4,-64.5,0.82682,923.25,3
388.85,1.128,-0.071196,-0.0022806,3,-49.5,4.4593,922.25,3
389,0.9052,-0.048229,-0.13912,4,-65.5,5.2953,925.25,3
389.25,0.9052,-0.048229,-0.13912,3,-51.5,0.40497,923.75,3
389.75,1.1632,-0.14009,-0.013684,4,-66,4.9532,925.75,3
390,1.1632,-0.14009,-0.013684,4,-64,4.4547,922.75,3
390.25,1.0107,-0.025263,-0.082102,4,-63.5,0.62433,920.25,3
390.75,1.0225,-0.025263,-0.093505,4,-65,6.07,924.25,3
391,1.1163,-0.071196,-0.047893,3,-50.5,3.8549,923.25,3
391.25,1.1163,-0.071196,-0.047893,3,-50.5,3.8595,923.25,3
391.35,1.0459,-0.071196,-0.047893,4,-63.5,4.8075,922.25,3
391.75,0.92865,-0.036746,-0.11631,3,-49,4.7339,921.75,3
392,1.339,-0.20899,0.054735,3,-49,4.7109,921.75,3
392.1,1.339,-0.20899,0.054735,4,-66,4.832,925.75,3
392.25,1.339,-0.20899,0.054735,3,-50.5,4.0819,922.75,3
392.5,0.9521,-0.025263,-0.10491,4,-64,5.7785,921.25,3
392.75,0.9521,-0.025263,-0.10491,3,-48.5,5.6711,920.25,3
392.85,0.91693,-0.025263,-0.12771,4,-63.5,3.6417,920.25,3
393.25,1.257,-0.15158,0.043332,4,-64,0.03068,920.75,3
393.5,1.257,-0.15158,0.043332,3,-48.5,5.3214,920.75,3
393.75,1.2921,-0.18603,0.031928,3,-49.5,4.3611,922.25,3
394,1.3508,-0.19751,0.066138,4,-65,0.25464,923.75,3
394.25,1.3508,-0.19751,0.066138,3,-49,4.7109,921.75,3
394.5,0.94038,-0.025263,-0.10491,3,-49,4.7339,921.75,3
394.65,0.94038,-0.025263,-0.10491,4,-67,1.6659,925.75,3
394.75,0.91693,-0.036746,-0.11631,3,-48.5,5.0299,921.25,3
395,1.1514,-0.12861,-0.013684,4,-63.5,2.64,921.25,3
395.25,1.1514,-0.12861,-0.013684,4,-64,0.50008,920.25,3
395.75,0.97555,-0.036746,-0.10491,4,-65.5,6.1528,924.25,3
395.83,0.97555,-0.036746,-0.10491,3,-48.5,5.3567,920.75,3
396.25,1.128,-0.12861,-0.025087,3,-49.5,4.3749,922.25,3
396.75,0.98728,-0.048229,-0.10491,3,-51,0.33748,923.75,3
396.83,0.98728,-0.048229,-0.10491,3,-49,4.6909,921.75,3
396.88,0.92865,-0.059712,-0.10491,3,-49,4.7001,921.75,3
397.25,0.99901,-0.048229,-0.082102,4,-65,5.7356,921.25,3
397.5,0.99901,-0.048229,-0.082102,3,-48.5,4.9854,921.25,3
397.6,0.91693,-0.036746,-0.11631,3,-48.5,5.6665,920.25,3
397.75,1.3508,-0.20899,0.066138,3,-52.5,6.0408,924.75,3
398,0.98728,-0.048229,-0.093505,4,-65.5,6.2249,920.75,3
398.25,0.98728,-0.048229,-0.093505,3,-48.5,5.3137,920.75,3
398.33,0.98728,-0.048229,-0.093505,3,-50.5,0.61052,923.25,3
398.38,0.98728,-0.048229,-0.093505,3,-51,3.7383,923.25,3
398.75,0.96383,-0.048229,-0.10491,4,-65,4.8627,922.25,3
399.25,1.1045,-0.094162,-0.03649,4,-64.5,2.1967,921.75,3
399.38,1.1045,-0.094162,-0.03649,3,-49,4.6449,921.75,3
399.75,1.1632,-0.16306,-0.0022806,3,-49,4.9271,921.25,3
400,0.94038,-0.059712,-0.082102,3,-48.5,5.599,920.25,3
400.25,1.257,-0.19751,0.043332,4,-67.5,5.4993,924.75,3
400.5,1.4094,-0.23196,0.11175,4,-65,6.1175,920.75,3
400.75,1.4094,-0.23196,0.11175,4,-66,0.61666,923.25,3
401,1.4094,-0.23196,0.11175,4,-65.5,1.6306,922.25,3
401.5,1.1163,-0.082679,0.020525,4,-66.5,0.25157,923.75,3
401.65,1.1163,-0.082679,0.020525,4,-65.5,2.0954,921.75,3
402.25,0.94038,-0.036746,-0.059296,3,-48,4.7461,921.25,3
402.33,1.2218,-0.19751,0.054735,4,-65.5,5.9074,921.25,3
402.5,1.2218,-0.19751,0.054735,4,-65.5,0.60132,920.25,3
403,1.3273,-0.20899,0.10035,4,-66,6.2433,924.25,3
403.25,0.9521,-0.01378,-0.082102,4,-65.5,1.0707,923.25,3
403.5,0.9521,-0.01378,-0.082102,3,-50.5,4.266,922.25,3
403.6,0.9521,-0.01378,-0.082102,4,-64,5.1358,922.25,3
404.25,0.99901,-0.0022966,-0.03649,4,-65.5,5.6082,921.75,3
404.5,0.99901,-0.0022966,-0.03649,3,-51,3.9101,922.75,3
404.6,0.99901,-0.0022966,-0.03649,4,-65.5,4.7032,922.75,3
404.75,1.1163,-0.12861,0.020525,4,-67,6.1283,921.25,3
405,1.1163,-0.12861,0.020525,3,-48.5,5.507,920.25,3
406,1.3742,-0.17454,0.18017,3,-50.5,4.3335,922.25,3
406.1,1.3742,-0.17454,0.18017,4,-66,2.0172,922.25,3
406.25,1.3742,-0.17454,0.18017,4,-65.5,0.88511,923.75,3
406.75,1.2101,-0.025263,0.054735,4,-65,5.3122,925.75,3
407,1.2101,-0.025263,0.054735,4,-64,1.6398,922.75,3
407.25,1.2101,-0.025263,0.054735,4,-65.5,0.029146,921.25,3
407.5,0.92865,-0.0022966,-0.0022806,3,-52,6.0577,924.75,3
407.75,1.0459,-0.036746,0.0091224,4,-65.5,6.2494,920.75,3
408,1.0459,-0.036746,0.0091224,3,-48.5,5.441,920.75,3
408.1,1.0459,-0.036746,0.0091224,3,-50.5,0.69183,923.25,3
408.25,0.92865,-0.0022966,-0.03649,4,-66,0.84216,923.25,3
408.75,0.97555,0.0091865,0.0091224,4,-66,0.58905,923.75,3
409,0.97555,0.0091865,0.0091224,4,-65,2.4206,921.75,3
409.25,0.97555,0.0091865,0.0091224,4,-65.5,4.6449,922.75,3
409.75,1.0107,-0.048229,0.0091224,4,-66,3.8641,920.25,3
410.25,0.99901,-0.01378,0.020525,3,-49.5,5.2585,920.75,3
410.5,1.2101,-0.11713,0.10035,4,-66.5,1.0063,923.25,3
410.75,1.2101,-0.11713,0.10035,4,-66,5.0683,922.25,3
411.5,1.257,-0.12861,0.13456,4,-66,5.5239,921.75,3
411.75,1.257,-0.12861,0.13456,4,-65.5,1.511,922.75,3
412,0.9052,-0.025263,-0.025087,3,-49,5.553,920.25,3
412.25,0.9521,-0.036746,-0.025087,3,-52.5,5.869,924.75,3
412.75,0.91693,-0.01378,-0.03649,4,-65.5,0.23317,920.75,3
413,0.91693,-0.01378,-0.03649,3,-51,0.59518,923.25,3
413.25,0.98728,-0.01378,-0.0022806,3,-50.5,4.3918,922.25,3
413.5,1.1632,-0.10565,0.088944,4,-67,5.5055,925.25,3
413.75,1.1632,-0.10565,0.088944,4,-66.5,0.54303,923.75,3
414.5,1.0342,-0.0022966,0.020525,4,-65.5,6.0485,921.25,3
414.75,0.96383,-0.01378,-0.013684,4,-67,5.9212,924.75,3
415.25,1.3742,-0.18603,0.15736,3,-49.5,5.2938,920.75,3
415.35,1.3742,-0.18603,0.15736,4,-65.5,0.21322,920.75,3
416.25,1.2804,-0.12861,0.11175,4,-65.5,5.5346,921.75,3
416.75,1.0225,-0.0022966,0.054735,3,-51.5,0.76546,922.75,3
417,1.1632,-0.071196,0.077541,3,-50,5.53,920.25,3
417.08,1.1632,-0.071196,0.077541,4,-65.5,3.9607,920.25,3
417.5,1.0928,-0.059712,-0.0022806,4,-68,0.10738,924.25,3
417.75,1.0928,-0.059712,-0.0022806,4,-66.5,3.4821,920.75,3
418,1.1397,-0.082679,0.043332,4,-66.5,2.3945,922.25,3
418.75,1.3742,-0.19751,0.19157,4,-66.5,5.8445,921.75,3
419.25,0.96383,-0.059712,-0.03649,4,-67.5,0.0061359,921.25,3
420.25,1.0694,-0.10565,0.043332,4,-67,1.3238,923.25,3
420.75,1.1749,-0.12861,0.066138,4,-67.5,5.8153,925.25,3
421.25,1.0107,-0.036746,-0.025087,4,-64.5,2.6477,921.75,3
421.5,1.0107,-0.036746,-0.025087,4,-64.5,1.669,922.75,3
421.75,0.9521,-0.048229,-0.047893,4,-65,6.251,921.25,3
422,0.9521,-0.048229,-0.047893,4,-65,0.97868,920.25,3
422.5,1.0107,-0.048229,-0.025087,4,-64.5,0.4694,920.75,3
422.75,1.0107,-0.048229,-0.025087,4,-65,5.257,922.25,3
423,1.0107,-0.048229,-0.025087,4,-66,5.6558,925.25,3
423.5,0.92865,-0.036746,-0.059296,4,-64.5,5.6941,921.75,3
424,1.0225,-0.025263,-0.047893,3,-50.5,4.0022,922.75,3
424.1,1.0225,-0.025263,-0.047893,3,-49,4.944,921.25,3
424.25,0.94038,-0.048229,-0.059296,4,-64.5,6.1789,921.25,3
424.35,0.94038,-0.048229,-0.059296,4,-64.5,0.91579,920.25,3
424.75,1.128,-0.11713,0.031928,4,-65,0.23163,924.25,3
425,1.128,-0.11713,0.031928,3,-49,5.4656,920.75,3
425.25,0.97555,-0.036746,-0.03649,4,-64.5,1.1735,923.25,3
425.33,0.97555,-0.036746,-0.03649,4,-64.5,5.2063,922.25,3
425.75,0.97555,-0.036746,-0.03649,4,-66.5,5.6174,925.25,3
426,1.128,-0.11713,0.020525,3,-50,4.7032,921.75,3
426.5,1.1983,-0.12861,0.043332,3,-50.5,4.0712,922.75,3
426.6,0.92865,-0.048229,-0.059296,4,-64.5,6.1804,921.25,3
426.75,0.92865,-0.048229,-0.059296,4,-64.5,0.93419,920.25,3
427,0.92865,-0.048229,-0.059296,4,-66.5,6.0285,924.75,3
427.75,0.99901,-0.082679,-0.0022806,3,-50.5,4.2123,922.25,3
428,0.94038,-0.036746,-0.025087,4,-68.5,5.6098,925.25,3
428.25,0.94038,-0.036746,-0.025087,4,-67.5,0.7133,923.75,3
428.5,0.94038,-0.036746,-0.025087,4,-66.5,2.5878,921.75,3
429,1.2804,-0.18603,0.14596,3,-49.5,4.8167,921.25,3
429.75,1.3156,-0.18603,0.15736,4,-68,0.26691,924.25,3
430.25,1.1866,-0.14009,0.11175,3,-50,4.2859,922.25,3
430.35,0.9052,-0.048229,-0.025087,3,-50,4.2476,922.25,3
430.4,0.9052,-0.048229,-0.025087,4,-66.5,2.1875,922.25,3
430.75,0.96383,-0.036746,-0.013684,3,-49.5,4.5851,921.75,3
430.85,0.96383,-0.036746,-0.013684,4,-66.5,5.7724,921.75,3
432.25,1.1749,-0.12861,0.077541,4,-67.5,0.40497,920.75,3
432.38,1.1749,-0.12861,0.077541,4,-66.5,0.44639,920.75,3
432.5,1.1749,-0.12861,0.077541,4,-66.5,2.1568,922.25,3
433.25,1.1163,-0.14009,0.066138,4,-66.5,5.7601,921.75,3
433.75,0.91693,-0.059712,-0.025087,4,-66.5,1.6858,922.75,3
434,0.91693,-0.059712,-0.025087,4,-67,6.208,921.25,3
434.25,0.91693,-0.059712,-0.025087,4,-67,4.062,920.25,3
434.5,0.91693,-0.059712,-0.025087,4,-67.5,0.29606,924.25,3
434.75,1.1983,-0.17454,0.12315,3,-51.5,0.38503,923.25,3
435,1.1045,-0.10565,0.054735,4,-66.5,2.143,922.25,3
436,1.3039,-0.19751,0.14596,4,-67,4.7906,922.75,3
436.25,1.3039,-0.19751,0.14596,4,-67,6.1804,921.25,3
436.5,1.3039,-0.19751,0.14596,3,-50,5.4104,920.25,3
436.75,0.98728,-0.036746,-0.0022806,4,-68.5,6.1451,924.75,3
437,0.98728,-0.036746,-0.0022806,4,-66.5,0.4786,920.75,3
437.5,1.0694,-0.071196,0.043332,3,-50.5,4.1402,922.25,3
438,0.91693,-0.048229,-0.03649,4,-66.5,5.7632,921.75,3
438.5,0.91693,-0.048229,-0.03649,4,-66.5,1.6475,922.75,3
439,1.0225,-0.036746,0.031928,4,-66,4.1065,920.25,3
439.25,1.0225,-0.036746,0.031928,4,-67.5,6.1697,924.75,3
439.75,1.1749,-0.12861,0.10035,4,-67,1.2793,923.25,3
440,1.1749,-0.12861,0.10035,4,-66,2.1798,922.25,3
440.5,1.0225,-0.048229,0.020525,4,-67.5,0.81148,923.75,3
440.75,1.0225,-0.048229,0.020525,3,-50,4.6111,921.75,3
441,1.1514,-0.14009,0.088944,4,-66.5,1.715,922.75,3
441.25,0.96383,-0.036746,-0.0022806,4,-66.5,0.99555,920.25,3
441.75,1.3273,-0.19751,0.15736,4,-68,0.36202,924.25,3
442,1.3273,-0.19751,0.15736,3,-49.5,5.2539,920.75,3
442.25,1.0107,-0.059712,0.020525,4,-67,1.2701,923.25,3
442.5,1.0107,-0.059712,0.020525,4,-66.5,2.2043,922.25,3
443,0.96383,-0.048229,-0.013684,3,-50,4.582,921.75,3
443.5,1.2218,-0.15158,0.11175,4,-66.5,6.277,921.25,3
443.75,1.2218,-0.15158,0.11175,4,-66.5,4.062,920.25,3
444,1.2218,-0.15158,0.11175,4,-66.5,4.0466,920.25,3
444.25,1.2218,-0.15158,0.11175,4,-68,0.27612,924.25,3
444.75,1.3156,-0.19751,0.16876,3,-50.5,4.1632,922.25,3
445.5,1.257,-0.17454,0.14596,4,-67,5.6803,921.75,3
446,1.1514,-0.14009,0.077541,4,-66.5,6.208,921.25,3
446.25,1.1514,-0.14009,0.077541,4,-66.5,4.0881,920.25,3
446.35,1.1514,-0.14009,0.077541,4,-68.5,6.1068,924.75,3
446.75,1.1514,-0.14009,0.077541,4,-68,0.30526,924.25,3
447.25,1.2335,-0.15158,0.13456,3,-50.5,4.1034,922.25,3
447.75,0.98728,-0.036746,-0.0022806,3,-50,4.4225,921.75,3
448,0.98728,-0.036746,-0.0022806,3,-50,4.4271,921.75,3
448.25,0.96383,-0.048229,-0.0022806,4,-66.5,1.6889,922.75,3
448.75,0.98728,-0.036746,0.020525,3,-49.5,5.395,920.25,3
448.85,0.98728,-0.036746,0.020525,4,-66,4.1157,920.25,3
449.25,1.0225,-0.036746,0.031928,4,-67,0.31447,924.25,3
449.5,1.2218,-0.16306,0.13456,4,-67,1.2149,923.25,3
450,0.98728,-0.036746,0.020525,4,-67.5,0.67188,923.75,3
451.25,1.0107,-0.048229,0.0091224,4,-66,4.1279,920.25,3
451.75,1.3859,-0.20899,0.15736,3,-49.5,5.1956,920.75,3
452,1.2452,-0.16306,0.12315,4,-67,1.221,923.25,3
452.75,0.94038,-0.025263,-0.013684,4,-66,2.5771,921.75,3
453.25,0.92865,-0.025263,-0.013684,4,-66.5,1.5877,922.75,3
453.75,1.0459,-0.048229,0.020525,4,-68.5,6.0454,924.75,3
454.5,1.0107,-0.036746,0.0091224,3,-51.5,3.7429,923.25,3
454.6,1.0107,-0.036746,0.0091224,3,-51.5,0.59518,923.25,3
455.25,1.2452,-0.17454,0.13456,3,-50,4.6449,921.75,3
455.5,1.2687,-0.17454,0.13456,4,-66,1.7012,922.75,3
455.75,1.2687,-0.17454,0.13456,3,-49.5,4.9271,921.25,3
455.83,0.9052,-0.036746,-0.03649,3,-50,4.9287,921.25,3
456,1.3859,-0.20899,0.16876,3,-49.5,5.573,920.25,3
456.25,1.257,-0.17454,0.13456,4,-67.5,0.28532,924.25,3
456.5,1.257,-0.17454,0.13456,3,-49.5,5.2708,920.75,3
457,0.9521,-0.048229,-0.0022806,3,-50.5,4.3534,922.25,3
457.13,0.9521,-0.048229,-0.0022806,4,-66,5.3429,922.25,3
458,1.1632,-0.14009,0.077541,3,-50.5,4.0221,922.75,3
458.25,0.94038,-0.036746,-0.013684,3,-49.5,4.9317,921.25,3
458.5,1.4211,-0.22048,0.18017,4,-66.5,4.1003,920.25,3
458.58,1.4211,-0.22048,0.18017,4,-68,6.0868,924.75,3
459,1.4211,-0.22048,0.18017,3,-49,5.2033,920.75,3
459.5,0.92865,-0.036746,-0.03649,3,-50,4.2476,922.25,3
459.58,0.92865,-0.036746,-0.03649,4,-66.5,5.2524,922.25,3
460,1.3156,-0.19751,0.12315,4,-66.5,2.5756,921.75,3
460.25,1.3156,-0.19751,0.12315,4,-66,5.7095,921.75,3
460.5,1.3156,-0.19751,0.12315,3,-50.5,3.9362,922.75,3
460.63,0.91693,-0.036746,-0.025087,4,-66,6.2387,921.25,3
460.75,0.91693,-0.036746,-0.025087,4,-66,4.1218,920.25,3
461.25,1.0107,-0.025263,-0.0022806,4,-67.5,0.26845,924.25,3
461.5,1.0107,-0.025263,-0.0022806,4,-66.5,0.43258,920.75,3
461.75,1.0107,-0.025263,-0.0022806,3,-52,3.6294,923.25,3
462,1.0225,-0.048229,-0.0022806,3,-50,4.2752,922.25,3
462.13,1.0225,-0.048229,-0.0022806,4,-66,2.1138,922.25,3
462.5,1.3977,-0.22048,0.14596,4,-66.5,2.5832,921.75,3
462.75,1.3977,-0.22048,0.14596,4,-67,4.8075,922.75,3
463,1.3977,-0.22048,0.14596,3,-49.5,4.8673,921.25,3
463.5,1.0928,-0.11713,0.031928,4,-68.5,6.1221,924.75,3
464.25,0.96383,-0.025263,-0.0022806,3,-50,4.3013,922.25,3
464.5,0.91693,-0.036746,-0.03649,4,-68,5.6957,925.25,3
465,0.97555,-0.036746,-0.025087,4,-66.5,2.5341,921.75,3
465.25,0.97555,-0.036746,-0.025087,3,-51,0.77313,922.75,3
465.5,0.96383,-0.059712,0.043332,4,-67,1.5892,922.75,3
465.75,0.96383,-0.059712,0.043332,3,-50.5,5.6251,920.25,3
466,0.92865,0.0091865,-0.0022806,3,-57.5,0.4019,924.75,3
466.5,0.92865,0.0091865,-0.0022806,3,-57,0.016874,920.75,3
467.25,1.2335,0.055119,0.088944,1,-61.5,1.1812,921.75,3
467.75,0.92865,-0.0022966,-0.047893,1,-66,6.004,922.75,3
468.25,0.92865,-0.01378,-0.082102,3,-54,5.8399,924.75,3
470.25,1.3273,-0.094162,0.23718,3,-57,0.18715,922.75,3
471,1.257,-0.15158,0.2942,1,-64.5,5.3827,924.25,3
471.25,1.257,-0.15158,0.2942,1,-64,5.306,920.75,3
471.75,1.2218,-0.10565,0.10035,1,-65,1.2931,925.25,3
473,1.128,-0.10565,0.066138,1,-65.5,5.5423,920.25,3
473.5,1.1514,-0.094162,0.066138,1,-64.5,5.0713,920.75,3
474.75,1.1632,-0.11713,0.077541,3,-51,4.6342,921.75,3
474.85,1.1632,-0.11713,0.077541,1,-64.5,1.0477,921.75,3
475.5,0.91693,-0.036746,-0.0022806,3,-51,5.7632,920.25,3
475.58,0.91693,-0.036746,-0.0022806,1,-65.5,5.6082,920.25,3
475.75,0.91693,-0.036746,-0.0022806,1,-65,4.8075,924.75,3
476.25,0.92865,-0.036746,-0.03649,3,-52.5,0.6228,923.25,3
477,1.4094,-0.22048,0.16876,1,-65,0.99402,921.75,3
477.75,0.92865,-0.036746,-0.025087,3,-51.5,4.9087,921.25,3
478,0.96383,-0.036746,-0.013684,3,-51,5.5315,920.25,3
478.1,0.96383,-0.036746,-0.013684,1,-65,4.7139,924.75,3
478.5,0.96383,-0.036746,-0.013684,1,-65,5.0913,924.25,3
478.75,1.2687,-0.16306,0.12315,3,-52,4.2507,922.25,3
480.25,1.3273,-0.18603,0.16876,3,-52.5,5.5039,920.25,3
480.75,0.9521,-0.01378,0.031928,1,-64,5.3843,924.25,3
482,1.0694,-0.059712,0.12315,3,-53,4.5344,921.75,3
485.25,0.97555,-0.01378,-0.047893,1,-65,5.4334,920.25,3
485.75,1.1983,-0.12861,0.088944,3,-50.5,5.102,920.75,3
486.75,1.0694,-0.036746,0.0091224,3,-50.5,4.5943,921.75,3
487,1.0694,-0.036746,0.0091224,3,-50.5,4.5866,921.75,3
487.5,1.0928,-0.082679,0.0091224,1,-67.5,5.2355,920.25,3
488.5,0.9521,-0.12861,0.077541,4,-68.5,1.1582,923.25,3
488.75,0.9521,-0.12861,0.077541,1,-65.5,0.91732,925.25,3
489.75,0.67069,0.60631,0.56787,4,-59.5,1.3468,922.75,1
490,0.67069,0.60631,0.56787,4,-58,5.5898,920.25,1
490.5,0.67069,0.60631,0.56787,4,-67.5,6.2157,924.25,1
492,0.28376,0.98526,-0.059296,1,-60,4.7385,922.75,1
492.25,0.28376,0.98526,-0.059296,1,-58.5,6.0945,921.25,1
493,0.49481,0.92784,0.12315,4,-57.5,5.5469,924.25,1
493.13,0.49481,0.92784,0.12315,1,-58,1.4297,920.75,1
493.5,0.49481,0.92784,0.12315,1,-58.5,0.80841,922.25,1
493.75,0.49481,0.92784,0.12315,1,-60,5.01,925.25,1
494,0.49481,0.92784,0.12315,1,-58.5,1.5539,921.75,1
494.75,0.34238,0.96229,0.15736,1,-59,1.2885,921.25,1
495,0.34238,0.96229,0.15736,1,-59,5.1833,920.25,1
495.25,0.34238,0.96229,0.15736,1,-60.5,4.9839,924.25,1
495.75,0.34238,0.96229,0.15736,1,-59,1.7058,920.75,1
496.5,0.35411,0.97377,0.10035,1,-59,0.68722,921.75,1
497,0.35411,0.97377,0.10035,1,-59,6.0638,922.75,1
497.75,0.23685,0.92784,0.088944,1,-60,4.9026,924.25,1
498,0.23685,0.92784,0.088944,4,-56.5,0.4786,920.75,1
498.25,0.23685,0.92784,0.088944,4,-57,5.1925,922.25,1
498.75,0.23685,0.92784,0.088944,4,-58.5,0.77619,923.75,1
499,0.23685,0.92784,0.088944,1,-59.5,0.95107,921.75,1
500,0.29548,0.98526,0.11175,4,-59,6.1635,924.75,1
500.5,0.29548,0.98526,0.11175,1,-59.5,1.7487,920.75,1
500.75,0.29548,0.98526,0.11175,4,-57,5.3567,922.25,1
501.25,0.29548,0.98526,0.11175,4,-58.5,0.77313,923.75,1
501.5,0.29548,0.98526,0.11175,4,-57,5.7984,921.75,1
502,0.29548,0.98526,0.11175,4,-57.5,4.898,922.75,1
502.1,0.29548,0.98526,0.11175,1,-59,1.2563,921.25,1
503,0.34238,0.93932,0.14596,1,-59,1.7717,920.75,1
503.25,0.34238,0.93932,0.14596,1,-60,0.48014,922.25,1
504.5,0.24858,1.0082,0.0091224,1,-59.5,1.2011,921.25,1
505,0.24858,1.0082,0.0091224,1,-61,5.0453,924.25,1
505.75,0.34238,0.91636,0.043332,1,-58,1.2732,922.25,1
506.25,0.34238,0.91636,0.043332,4,-57.5,0.62433,923.75,1
506.75,0.29548,0.95081,0.14596,1,-59,0.74091,922.75,1
507,0.29548,0.95081,0.14596,1,-58,1.6935,921.25,1
507.75,0.36583,0.92784,0.16876,1,-58.5,1.6521,920.75,1
508,0.36583,0.92784,0.16876,1,-60,5.2094,923.25,1
508.75,0.36583,0.92784,0.16876,4,-56.5,5.5469,921.75,1
509.25,0.36583,0.92784,0.16876,4,-57.5,1.4266,922.75,1
509.4,0.36583,0.92784,0.16876,1,-59,0.12272,921.25,1
510,0.30721,0.99674,0.19157,4,-58,6.0577,924.25,1
510.25,0.30721,0.99674,0.19157,4,-57.5,0.59825,923.25,1
510.5,0.30721,0.99674,0.19157,1,-59.5,0.2393,922.25,1
511.75,0.54171,0.87042,0.22578,1,-59.5,5.8767,922.75,1
512,0.54171,0.87042,0.22578,4,-56.5,0.57371,920.25,1
512.25,0.54171,0.87042,0.22578,1,-61.5,4.2752,924.75,1
512.5,0.54171,0.87042,0.22578,1,-58.5,1.2701,920.75,1
513,0.54171,0.87042,0.22578,4,-57.5,0.8805,923.25,1
513.5,0.45964,0.90487,0.19157,1,-59,0.44639,921.75,1
514,0.45964,0.90487,0.19157,3,-69,1.2977,922.75,1
514.25,0.45964,0.90487,0.19157,1,-58,1.6981,920.25,1
514.75,0.45964,0.90487,0.19157,1,-61,4.332,924.75,1
515,0.45964,0.90487,0.19157,1,-58.5,1.3315,920.75,1
515.75,0.2603,0.97377,0.077541,1,-59,5.0391,923.75,1
516,0.2603,0.97377,0.077541,4,-57,5.0238,921.75,1
516.5,0.2603,0.97377,0.077541,1,-58.5,6.0285,922.75,1
516.75,0.2603,0.97377,0.077541,1,-57.5,1.0692,921.25,1
516.83,0.2603,0.97377,0.077541,4,-56,0.049087,920.25,1
517,0.2603,0.97377,0.077541,1,-59,4.6572,924.75,1
517.75,0.44791,0.91636,0.15736,1,-58.5,5.4303,923.25,1
518,0.44791,0.91636,0.15736,4,-59.5,5.0192,925.25,1
518.5,0.44791,0.91636,0.15736,1,-58,0.59672,921.75,1
518.75,0.44791,0.91636,0.15736,1,-62,0.44179,925.75,1
519,0.44791,0.91636,0.15736,1,-58.5,0.91885,921.25,1
519.25,0.44791,0.91636,0.15736,4,-57,0.57064,920.25,1
519.75,0.44791,0.91636,0.15736,4,-59,6.1006,924.25,1
520,0.44791,0.91636,0.15736,1,-58.5,1.4404,920.75,1
521,0.31893,0.96229,0.12315,1,-59,0.65348,921.75,1
521.5,0.31893,0.96229,0.12315,4,-57.5,1.3606,922.75,1
521.75,0.31893,0.96229,0.12315,1,-58,1.7518,920.25,1
522.25,0.33066,0.96229,0.12315,1,-58,1.3484,920.75,1
522.75,0.33066,0.96229,0.12315,1,-59,0.092039,922.25,1
523,0.33066,0.96229,0.12315,4,-59,0.34361,923.75,1
523.25,0.33066,0.96229,0.12315,4,-57,5.3521,921.75,1
523.75,0.33066,0.96229,0.12315,3,-69,4.3872,922.75,1
524,0.33066,0.96229,0.12315,1,-58,0.8621,921.25,1
524.25,0.33066,0.96229,0.12315,1,-60.5,4.2951,924.75,1
524.75,0.33066,0.96229,0.12315,4,-57,6.2264,920.75,1
525.25,0.48309,0.90487,0.18017,4,-57,1.6245,922.25,1
525.75,0.48309,0.90487,0.18017,1,-58.5,0.52769,921.75,1
526.25,0.48309,0.90487,0.18017,4,-57.5,1.3407,922.75,1
526.35,0.48309,0.90487,0.18017,4,-57,5.9028,921.25,1
526.75,0.48309,0.90487,0.18017,1,-60.5,4.4624,924.75,1
527.25,0.48309,0.90487,0.18017,1,-58,1.3775,920.75,1
527.75,0.52999,0.88191,0.19157,1,-61.5,0.82682,925.25,1
528.25,0.52999,0.88191,0.19157,4,-57,5.2876,921.75,1
528.75,0.52999,0.88191,0.19157,4,-57.5,1.1735,922.75,1
528.85,0.52999,0.88191,0.19157,1,-58,0.81148,921.25,1
529,0.52999,0.88191,0.19157,1,-57.5,4.7185,920.25,1
529.75,0.52999,0.88191,0.20297,1,-59,5.4533,923.25,1
530,0.52999,0.88191,0.20297,4,-57,4.8029,922.25,1
530.5,0.52999,0.88191,0.20297,4,-58.5,0.17794,923.75,1
531,0.52999,0.88191,0.20297,4,-57.5,1.0262,922.75,1
531.25,0.52999,0.88191,0.20297,1,-58,0.63967,921.25,1
531.5,0.52999,0.88191,0.20297,1,-57.5,1.3913,920.25,1
532,0.52999,0.88191,0.20297,4,-59.5,6.1329,924.25,1
532.5,0.2134,1.0082,0.10035,3,-68.5,5.0974,922.25,1
533,0.2134,1.0082,0.10035,1,-57.5,0.049087,921.75,1
533.25,0.2134,1.0082,0.10035,1,-61.5,0.079767,925.75,1
533.75,0.2134,1.0082,0.10035,1,-57.5,0.57217,921.25,1
533.88,0.2134,1.0082,0.10035,1,-57.5,4.4961,920.25,1
534,0.2134,1.0082,0.10035,3,-68,0.3206,924.75,1
534.75,0.22513,0.99674,0.054735,1,-57,4.9732,923.25,1
535,0.22513,0.99674,0.054735,4,-58,1.0017,922.25,1
535.25,0.22513,0.99674,0.054735,1,-60,0.15186,925.25,1
535.5,0.22513,0.99674,0.054735,3,-63.5,6.0868,921.75,1
536,0.22513,0.99674,0.054735,3,-63,5.4057,922.75,1
536.25,0.24858,0.99674,0.031928,3,-65.5,0.68109,920.25,1
536.75,0.24858,0.99674,0.031928,1,-58,0.86363,924.25,1
537,0.24858,0.99674,0.031928,4,-56.5,5.5315,920.75,1
537.1,0.24858,0.99674,0.031928,3,-65,4.7891,923.25,1
537.5,0.24858,0.99674,0.031928,1,-57,6.0178,922.25,1
537.75,0.24858,0.99674,0.031928,1,-57.5,4.9057,923.75,1
538,0.24858,0.99674,0.031928,4,-57,1.5386,921.75,1
538.25,0.24858,0.99674,0.031928,1,-60.5,0.21629,925.75,1
538.75,0.38928,0.93932,0.077541,1,-56.5,1.4696,920.25,1
539,0.38928,0.93932,0.077541,3,-68.5,3.5665,924.75,1
539.5,0.38928,0.93932,0.077541,1,-56.5,1.0646,920.75,1
539.75,0.38928,0.93932,0.077541,3,-66.5,1.4343,923.25,1
540,0.38928,0.93932,0.077541,1,-59.5,3.7813,925.25,1
540.25,0.38928,0.93932,0.077541,1,-57,5.7892,923.75,1
540.75,0.31893,0.95081,0.088944,1,-57.5,0.83449,922.75,1
541,0.31893,0.95081,0.088944,1,-57.5,5.2155,921.25,1
541.5,0.31893,0.95081,0.088944,4,-58.5,2.1522,924.75,1
542,0.34238,0.92784,0.12315,1,-58.5,5.6972,923.25,1
542.25,0.34238,0.92784,0.12315,1,-59,6.0592,922.25,1
542.75,0.34238,0.92784,0.12315,1,-60,4.9379,923.75,1
543.25,0.34238,0.92784,0.12315,1,-59,5.5883,922.75,1
543.5,0.34238,0.92784,0.12315,1,-57.5,0.53843,921.25,1
544.75,0.18995,0.97377,0.13456,1,-60.5,4.6403,925.25,1
545.25,0.18995,0.97377,0.13456,1,-58.5,0.76392,921.75,1
545.75,0.18995,0.97377,0.13456,1,-58.5,5.9411,922.75,1
546,0.18995,0.97377,0.13456,1,-58.5,0.81454,921.25,1
547,0.22513,1.0082,0.066138,3,-69,1.4419,923.25,1
547.5,0.22513,1.0082,0.066138,4,-59,1.1474,923.75,1
548.25,0.22513,1.0082,0.066138,1,-57,4.6786,922.75,1
548.33,0.22513,1.0082,0.066138,4,-56.5,5.3659,921.25,1
548.5,0.22513,1.0082,0.066138,4,-57,0.42951,920.25,1
549.25,0.27203,0.97377,0.22578,1,-58.5,1.3131,923.25,1
549.5,0.27203,0.97377,0.22578,1,-57.5,2.1982,922.25,1
550,0.27203,0.97377,0.22578,1,-60,0.75318,923.75,1
550.5,0.27203,0.97377,0.22578,1,-60.5,0.60592,922.75,1
551,0.27203,0.97377,0.22578,1,-59,5.6312,920.25,1
553.5,0.43619,0.91636,0.088944,2,-64.5,4.6602,920.25,4
567.25,1.0342,0.089569,0.031928,4,-63.5,5.8245,921.75,3
567.75,1.0576,-0.071196,-0.013684,4,-64,0.099709,921.25,3
568.5,1.2452,0.2733,0.11175,3,-51.5,5.8613,920.75,3
569.25,0.92865,-0.082679,-0.082102,4,-64,5.6128,925.25,3
569.75,1.0576,-0.036746,-0.025087,4,-63,5.6834,921.75,3
570,1.0576,-0.036746,-0.025087,4,-63,4.6909,922.75,3
570.25,1.0576,-0.036746,-0.025087,4,-63,6.0899,921.25,3
570.75,0.9521,-0.036746,-0.047893,4,-64,0.13806,924.25,3
571.5,0.99901,-0.01378,-0.03649,4,-62.5,5.1434,922.25,3
572,0.99901,-0.01378,-0.03649,4,-64.5,0.60132,923.75,3
572.5,1.2452,-0.15158,0.043332,4,-63.5,4.7461,922.75,3
572.75,1.2452,-0.15158,0.043332,4,-64,6.208,921.25,3
573,1.2452,-0.15158,0.043332,4,-63.5,4.0313,920.25,3
573.75,1.0459,-0.025263,-0.025087,4,-63.5,4.2399,923.25,3
574,1.0459,-0.025263,-0.025087,4,-63.5,5.1664,922.25,3
574.25,1.0459,-0.025263,-0.025087,4,-64.5,0.69029,923.75,3
576,1.0576,-0.059712,0.066138,4,-66.5,1.2717,923.25,3
577,1.128,-0.11713,0.077541,4,-66,5.7754,921.75,3
577.75,0.94038,-0.036746,-0.025087,4,-66,0.90505,920.25,3
578.25,0.94038,-0.036746,-0.025087,4,-66.5,0.45713,920.75,3
578.75,1.1163,-0.10565,0.054735,4,-66,5.3337,922.25,3
580.25,0.94038,-0.036746,-0.013684,4,-64.5,4.1632,920.25,3
580.5,0.94038,-0.036746,-0.013684,4,-64.5,0.36355,924.25,3
582,0.94038,-0.059712,-0.025087,3,-57,5.8261,925.75,3
582.5,0.98728,-0.048229,-0.013684,4,-63,6.251,921.25,3
583.5,0.96383,-0.059712,-0.03649,4,-63.5,4.3396,923.25,3
585,1.0928,-0.11713,0.020525,3,-52,5.2738,921.25,3
585.5,0.9521,-0.059712,-0.047893,4,-64.5,0.36049,924.25,3
586.5,1.0107,-0.048229,-0.025087,4,-63.5,3.8948,923.75,3
588,1.0928,-0.094162,0.031928,3,-52,5.6174,920.75,3
588.5,1.0225,-0.059712,-0.013684,4,-63.5,4.3949,923.25,3
588.75,1.0225,-0.059712,-0.013684,4,-64.5,5.6911,925.25,3
589,1.0225,-0.059712,-0.013684,4,-64.5,5.6865,921.75,3
589.75,1.3156,-0.19751,0.14596,4,-65.5,6.208,921.25,3
591,1.2101,-0.18603,0.12315,4,-66.5,5.6941,925.25,3
591.5,1.2101,-0.18603,0.12315,4,-65.5,5.731,921.75,3
592.5,0.92865,-0.059712,-0.03649,4,-63,1.0707,920.25,3
592.75,0.92865,-0.059712,-0.03649,4,-64,0.37583,924.25,3
593.25,0.96383,-0.059712,-0.013684,4,-62.5,5.3444,922.25,3
593.75,0.96383,-0.059712,-0.013684,4,-63.5,0.80381,923.75,3
594.25,0.96383,-0.036746,-0.047893,4,-63,4.7768,922.75,3
595.25,1.1514,-0.12861,0.043332,4,-64,0.30986,924.25,3
595.5,1.1514,-0.12861,0.043332,4,-63,0.51542,920.75,3
596.5,1.1163,-0.10565,0.031928,4,-63,5.7095,921.75,3
596.75,1.1163,-0.10565,0.031928,4,-63,4.8244,922.75,3
597.5,1.3859,-0.23196,0.13456,4,-64,6.1344,924.75,3
597.75,1.3859,-0.23196,0.13456,4,-63,0.42645,920.75,3
598,1.3859,-0.23196,0.13456,4,-63.5,1.3023,923.25,3
598.75,1.1514,-0.14009,0.043332,4,-63.5,3.9255,923.75,3
599.5,1.1397,-0.14009,0.054735,4,-63.5,6.2142,921.25,3
600.25,1.3742,-0.26641,0.14596,4,-63.5,0.32827,924.25,3
600.5,1.3742,-0.26641,0.14596,3,-53.5,0.98788,923.25,3
600.75,1.128,-0.12861,0.031928,4,-62,5.1971,922.25,3
601.5,1.0576,-0.10565,-0.0022806,4,-61.5,5.7417,921.75,3
602.25,1.2218,-0.22048,0.11175,4,-64.5,6.1114,924.75,3
602.75,0.99901,-0.059712,-0.025087,4,-64,0.51082,920.75,3
603.5,1.3742,-0.26641,0.10035,4,-64,0.83755,923.75,3
603.75,1.3742,-0.26641,0.10035,4,-63,5.7294,921.75,3
604.75,1.1514,-0.14009,0.031928,4,-64,6.0101,924.75,3
605.25,1.1514,-0.14009,0.031928,4,-63,0.26384,920.75,3
605.35,1.1514,-0.14009,0.031928,4,-63,1.0815,923.25,3
606,0.98728,-0.059712,-0.070699,4,-63,0.60746,923.75,3
606.25,0.98728,-0.059712,-0.070699,4,-62,2.4728,921.75,3
606.75,0.94038,-0.059712,-0.059296,3,-51.5,5.3613,921.25,3
606.85,0.94038,-0.059712,-0.059296,4,-62.5,6.0715,921.25,3
607,0.94038,-0.059712,-0.059296,1,-66,4.8351,920.25,3
607.5,1.3039,-0.19751,0.088944,4,-62.5,0.2347,920.75,3
607.75,1.3039,-0.19751,0.088944,4,-62.5,4.174,923.25,3
608,1.3039,-0.19751,0.088944,4,-62.5,5.0851,922.25,3
608.25,1.3039,-0.19751,0.088944,4,-64,2.3501,925.25,3
609.25,1.0107,-0.048229,-0.047893,4,-62.5,6.0608,921.25,3
609.75,1.1397,-0.12861,0.031928,4,-64,5.9258,924.75,3
611.5,1.2101,-0.17454,0.054735,4,-65.5,6.0147,921.25,3
612.5,1.1632,-0.14009,0.020525,4,-64,5.9426,920.75,3
613,1.0576,-0.094162,-0.0022806,4,-64,4.4777,922.25,3
613.5,0.94038,-0.082679,-0.059296,4,-64,4.9317,921.75,3
614,1.3508,-0.23196,0.12315,4,-63.5,5.3919,921.25,3
614.25,1.3508,-0.23196,0.12315,3,-51,6.251,920.25,3
614.5,0.99901,-0.059712,-0.03649,4,-66.5,5.3597,924.75,3
614.75,0.99901,-0.059712,-0.03649,4,-64,5.8966,920.75,3
615,0.99901,-0.059712,-0.03649,4,-65,0.32367,923.25,3
615.25,0.99901,-0.059712,-0.03649,4,-64,1.2824,922.25,3
616.25,1.1514,-0.14009,0.054735,4,-67,4.4501,925.75,3
616.5,1.1514,-0.14009,0.054735,4,-65.5,0.46173,921.25,3
616.75,0.92865,-0.048229,-0.047893,4,-63.5,0.99862,920.25,3
617,0.92865,-0.048229,-0.047893,4,-65,0.28072,924.25,3
617.75,0.9521,-0.059712,-0.059296,4,-63.5,5.1941,922.25,3
618.25,0.9521,-0.059712,-0.059296,4,-64.5,3.8825,923.75,3
618.5,0.9521,-0.059712,-0.059296,4,-63.5,2.5065,921.75,3
618.75,0.9521,-0.059712,-0.059296,4,-64,4.7431,922.75,3
619.25,1.339,-0.24344,0.10035,4,-64,0.7992,920.25,3
620,1.0107,-0.025263,-0.025087,4,-64,4.2277,923.25,3
620.75,1.4211,-0.25493,0.13456,3,-51.5,5.1895,921.75,3
621.5,1.1397,-0.12861,0.031928,4,-63.5,6.1098,921.25,3
622,1.128,-0.12861,0.0091224,4,-64.5,0.23163,924.25,3
622.5,0.94038,-0.071196,-0.059296,4,-64,1.1812,923.25,3
623.75,1.0928,-0.10565,-0.0022806,4,-63.5,4.7308,922.75,3
624.25,1.0459,-0.071196,-0.025087,4,-64.5,6.0347,924.75,3
625.25,0.94038,-0.071196,-0.059296,4,-64.5,2.439,925.25,3
626,1.0811,-0.10565,-0.0022806,4,-64.5,5.1649,925.75,3
626.5,1.3039,-0.19751,0.088944,4,-63,0.82988,920.25,3
626.75,1.3039,-0.19751,0.088944,4,-64.5,6.0147,924.75,3
627.25,0.98728,-0.059712,-0.03649,4,-63.5,4.2997,923.25,3
627.75,1.1749,-0.14009,0.043332,4,-63.5,3.7981,923.75,3
628.5,1.0107,-0.059712,-0.03649,4,-64.5,5.0913,925.75,3
628.75,1.0107,-0.059712,-0.03649,4,-63,6.0147,921.25,3
629,1.0107,-0.059712,-0.03649,4,-63.5,0.72097,920.25,3
629.5,0.92865,-0.048229,-0.047893,4,-63,0.2485,920.75,3
630.5,1.1045,-0.10565,0.020525,3,-51.5,5.1281,921.75,3
630.75,1.1045,-0.10565,0.020525,4,-63,5.5622,921.75,3
632,1.3625,-0.22048,0.12315,3,-51.5,5.7586,920.75,3
632.13,1.3625,-0.22048,0.12315,3,-51.5,5.754,920.75,3
632.15,1.3625,-0.22048,0.12315,4,-63,0.28992,920.75,3
632.5,1.0576,-0.094162,-0.03649,4,-65,5.6098,925.25,3
633.25,1.4328,-0.27789,0.13456,4,-64,4.6955,922.75,3
634.5,1.1045,-0.18603,0.031928,3,-53.5,1.0492,923.25,3
635,1.1866,-0.18603,0.020525,4,-66,5.5745,925.25,3
635.5,0.99901,-0.082679,-0.025087,3,-55.5,5.9181,925.75,3
636,1.1397,-0.18603,0.031928,4,-63.5,2.9805,921.25,3
636.75,1.1866,-0.20899,0.10035,4,-67.5,0.041417,924.25,3
637.5,1.3273,-0.22048,0.15736,4,-67,5.6987,925.25,3
638.25,0.91693,-0.059712,-0.0022806,4,-64.5,4.7415,922.75,3
638.5,0.91693,-0.059712,-0.0022806,4,-64.5,6.0331,921.25,3
639,1.0459,-0.059712,0.0091224,4,-65.5,0.17027,924.25,3
639.75,1.0576,-0.048229,-0.0022806,4,-63.5,5.0468,922.25,3
640.25,1.1866,-0.15158,0.077541,4,-63.5,2.4804,921.75,3
641,0.98728,-0.048229,-0.047893,4,-63.5,6.119,921.25,3
641.5,1.2218,-0.19751,0.11175,4,-65.5,0.16107,924.25,3
642,1.0225,-0.071196,0.0091224,4,-64,5.1174,922.25,3
642.75,1.0107,-0.071196,-0.0022806,3,-56.5,5.8399,925.75,3
643.25,1.1514,-0.12861,0.066138,4,-64.5,6.0485,921.25,3
644,1.2687,-0.20899,0.11175,4,-65.5,0.10431,924.25,3
644.25,1.2687,-0.20899,0.11175,4,-64,0.13499,920.75,3
644.5,1.2687,-0.20899,0.11175,4,-65,0.98635,923.25,3
645,1.1397,-0.10565,0.054735,4,-64,2.3547,921.75,3
645.5,1.1397,-0.10565,0.054735,4,-66,5.1174,925.75,3
645.75,1.1397,-0.10565,0.054735,4,-64,2.8409,921.25,3
646,1.0576,-0.094162,0.031928,4,-66,5.9304,924.75,3
646.75,0.98728,-0.059712,-0.03649,4,-64.5,1.06,923.25,3
647,0.98728,-0.059712,-0.03649,4,-64,5.102,922.25,3
647.75,0.99901,-0.094162,-0.013684,4,-66,5.1404,925.75,3
648.25,1.1749,-0.15158,0.066138,3,-51.5,5.8982,920.25,3
649.75,1.257,-0.19751,0.10035,4,-66,5.5837,925.25,3
650,1.257,-0.19751,0.10035,4,-64.5,5.5591,921.75,3
650.75,1.0225,-0.059712,-0.0022806,4,-64.5,6.0101,921.25,3
651.25,1.3508,-0.23196,0.13456,4,-66,0.17334,924.25,3
652,1.0811,-0.10565,0.0091224,4,-64,5.0944,922.25,3
652.5,0.99901,-0.082679,-0.013684,3,-56.5,5.8399,925.75,3
652.75,0.99901,-0.082679,-0.013684,4,-65,4.6802,922.75,3
653.25,1.2804,-0.22048,0.12315,4,-64,0.73324,920.25,3
653.75,1.2804,-0.22048,0.12315,4,-65.5,0.15033,924.25,3
654.25,0.97555,-0.048229,-0.025087,4,-64.5,5.1051,922.25,3
654.75,0.97555,-0.048229,-0.025087,4,-66,0.69029,923.75,3
655.5,1.2921,-0.0022966,0.088944,4,-65.5,5.7294,921.25,3
656.5,1.0342,-0.01378,-0.025087,4,-65,4.174,923.25,3
657,0.96383,-0.025263,-0.070699,4,-66.5,5.5085,925.25,3
657.75,1.1514,-0.14009,0.031928,4,-64.5,1.422,922.75,3
658,1.1514,-0.14009,0.031928,4,-64,2.7995,921.25,3
658.5,1.339,-0.19751,0.10035,4,-66,5.9227,924.75,3
660.25,1.0107,-0.025263,-0.03649,4,-65,5.8583,921.25,3
660.75,1.3156,-0.22048,0.12315,4,-67.5,6.0439,924.75,3
661.25,1.3156,-0.22048,0.12315,4,-66,0.24083,920.75,3
662.75,1.0342,-0.036746,-0.025087,4,-65.5,5.9902,921.25,3
663,1.0342,-0.036746,-0.025087,4,-65,3.8472,920.25,3
663.75,0.94038,-0.059712,-0.03649,4,-65,4.2522,923.25,3
664.5,1.0342,-0.059712,0.0091224,4,-65.5,0.6995,923.75,3
664.75,1.0342,-0.059712,0.0091224,4,-64,5.5852,921.75,3
665.25,1.0811,-0.071196,0.043332,4,-65,5.9856,921.25,3
666,1.1397,-0.082679,0.054735,4,-65,3.3257,920.75,3
667,1.257,-0.18603,0.11175,4,-65.5,5.5699,921.75,3
668.25,0.92865,-0.048229,-0.03649,4,-66.5,0.052155,924.25,3
670.25,0.99901,-0.048229,-0.059296,4,-65,3.8994,920.25,3
671,1.1514,-0.11713,0.066138,4,-65,0.28685,920.75,3
671.5,1.2687,-0.19751,0.12315,4,-67,5.4794,925.25,3
671.75,1.2687,-0.19751,0.12315,4,-65.5,5.573,921.75,3
672.25,1.2687,-0.19751,0.12315,4,-67,5.2232,925.75,3
673,1.128,-0.12861,0.043332,4,-64,0.21629,924.25,3
673.5,1.128,-0.12861,0.043332,4,-63,0.32981,920.75,3
675,1.339,-0.20899,0.12315,4,-63,2.9468,921.25,3
675.5,1.0576,-0.059712,-0.0022806,4,-67,5.9181,924.75,3
676.25,1.3156,-0.19751,0.12315,4,-65.5,1.9742,922.25,3
677,1.2804,-0.18603,0.12315,4,-65.5,5.5377,921.75,3
678.25,0.96383,-0.025263,-0.03649,4,-66,0.98635,923.25,3
678.75,0.96383,-0.025263,-0.03649,4,-65,1.9113,922.25,3
679.25,1.3977,-0.22048,0.15736,4,-65.5,2.3577,921.75,3
679.75,1.3977,-0.22048,0.15736,4,-66,1.5186,922.75,3
680,1.3977,-0.22048,0.15736,3,-52,5.8951,920.25,3
680.5,1.3625,-0.20899,0.13456,4,-67,0.14726,924.25,3
680.75,1.3625,-0.20899,0.13456,4,-65.5,0.21629,920.75,3
681.25,1.128,-0.12861,-0.16192,4,-68,0.67035,925.25,3
681.5,1.128,-0.12861,-0.16192,1,-59.5,4.4424,921.75,3
682,1.128,-0.12861,-0.16192,1,-57,4.7185,922.75,3
682.25,1.128,-0.12861,-0.16192,1,-58,5.7402,921.25,3
683,1.128,-0.12861,-0.16192,4,-63.5,0.18561,920.75,3
684.75,0.55344,0.87042,0.11175,4,-60.5,1.9037,920.25,4
685.25,0.55344,0.87042,0.11175,4,-66.5,0.67649,924.75,4
686,0.15478,1.0312,0.066138,4,-63.5,0.12732,922.25,4
686.25,0.15478,1.0312,0.066138,4,-64.5,4.8274,923.75,4
686.75,0.15478,1.0312,0.066138,4,-68,2.9621,925.75,4
688,0.36583,0.95081,0.14596,1,-58,4.8428,920.75,4
