0,0.56517,0.87042,-0.11631,3,-58,4.2951,921.75,1
0.25,0.56517,0.87042,-0.11631,1,-60.5,2.0264,923.25,1
0.5,0.56517,0.87042,-0.11631,3,-59.5,5.2355,924.75,1
0.75,0.56517,0.87042,-0.11631,4,-57,0.19942,925.75,1
1,0.56517,0.87042,-0.11631,4,-56.5,5.3843,923.75,1
1.25,0.56517,0.87042,-0.11631,1,-60.5,2.2089,922.75,1
1.5,0.56517,0.87042,-0.11631,4,-57.5,4.2583,925.25,1
2,0.56517,0.87042,-0.11631,4,-57,5.3889,924.25,1
2.75,0.58862,0.88191,-0.047893,4,-57,0.16567,923.25,1
3,0.58862,0.88191,-0.047893,4,-57,1.1367,922.25,1
3.5,0.58862,0.88191,-0.047893,4,-57,5.7908,923.75,1
4,0.58862,0.88191,-0.047893,4,-57,1.2057,925.25,1
4.5,0.58862,0.88191,-0.047893,4,-56.5,5.3321,924.25,1
4.75,0.58862,0.88191,-0.047893,4,-56.5,1.6214,921.75,1
5.5,0.54171,0.90487,-0.070699,1,-61,5.9074,922.25,1
6,0.54171,0.90487,-0.070699,4,-57,0.48627,922.75,1
6.25,0.54171,0.90487,-0.070699,4,-56.5,1.7886,921.25,1
6.5,0.54171,0.90487,-0.070699,4,-57.5,0.58291,925.25,1
6.75,0.54171,0.90487,-0.070699,4,-56.5,1.8132,920.75,1
7,0.54171,0.90487,-0.070699,1,-61,4.1617,924.25,1
7.25,0.54171,0.90487,-0.070699,4,-57,1.0661,921.75,1
7.5,0.54171,0.90487,-0.070699,4,-57,5.7739,923.25,1
8.25,0.61207,0.88191,-0.082102,4,-58.5,0.10738,925.75,1
8.5,0.61207,0.88191,-0.082102,4,-56.5,4.9333,923.75,1
8.75,0.61207,0.88191,-0.082102,1,-59.5,5.415,922.75,1
9,0.61207,0.88191,-0.082102,1,-63,0.34821,925.25,1
9.5,0.61207,0.88191,-0.082102,3,-60,2.2918,924.25,1
9.75,0.61207,0.88191,-0.082102,4,-57,0.9434,921.75,1
10,0.61207,0.88191,-0.082102,4,-56.5,5.6006,923.25,1
10.5,0.50654,0.90487,-0.12771,4,-57,0.44179,922.25,1
10.75,0.50654,0.90487,-0.12771,4,-57,5.1557,923.75,1
11,0.50654,0.90487,-0.12771,4,-57,6.1957,922.75,1
11.25,0.50654,0.90487,-0.12771,4,-57,1.534,921.25,1
11.5,0.50654,0.90487,-0.12771,4,-57,1.9512,920.75,1
11.75,0.50654,0.90487,-0.12771,4,-57,4.7063,924.25,1
12.25,0.50654,0.90487,-0.12771,1,-61,0.003068,921.75,1
12.5,0.50654,0.90487,-0.12771,4,-57.5,5.8659,923.25,1
12.75,0.50654,0.90487,-0.12771,4,-57.5,0.60899,922.25,1
13.75,0.60034,0.88191,-0.082102,3,-61,4.1954,921.25,1
14.5,0.60034,0.88191,-0.082102,4,-58,2.62,920.25,1
15.25,0.52999,0.90487,-0.10491,4,-57.5,0.76085,922.25,1
15.75,0.52999,0.90487,-0.10491,1,-63.5,1.3591,923.75,1
16.25,0.52999,0.90487,-0.10491,4,-57,1.7395,921.25,1
16.5,0.52999,0.90487,-0.10491,4,-57.5,2.2028,920.75,1
17,0.52999,0.90487,-0.10491,4,-57.5,2.6615,920.25,1
17.25,0.52999,0.90487,-0.10491,4,-57.5,5.9273,923.25,1
17.75,0.52999,0.90487,-0.10491,1,-61.5,5.7417,922.25,1
18.5,0.56517,0.89339,-0.082102,4,-57,1.6582,921.25,1
19,0.56517,0.89339,-0.082102,4,-57.5,4.8827,924.25,1
19.5,0.56517,0.89339,-0.082102,4,-57,1.1796,921.75,1
19.75,0.56517,0.89339,-0.082102,4,-57.5,5.8567,923.25,1
20,0.56517,0.89339,-0.082102,1,-61.5,5.6404,922.25,1
20.75,0.56517,0.89339,-0.082102,4,-57.5,0.070563,922.75,1
21,0.56517,0.89339,-0.082102,1,-62,3.5036,921.25,1
22.25,0.55344,0.89339,-0.10491,1,-63,1.6904,923.25,1
22.75,0.55344,0.89339,-0.10491,1,-61.5,5.6757,922.25,1
23.25,0.55344,0.89339,-0.10491,1,-61.5,5.2401,922.75,1
23.75,0.55344,0.89339,-0.10491,4,-58,3.9377,925.25,1
24,0.55344,0.89339,-0.10491,4,-57.5,4.8704,924.25,1
24.5,0.55344,0.89339,-0.10491,4,-57.5,1.1443,921.75,1
25.25,0.58862,0.89339,-0.082102,4,-59,0.27765,925.75,1
25.75,0.58862,0.89339,-0.082102,1,-61.5,5.2017,922.75,1
26.25,0.58862,0.89339,-0.082102,1,-62.5,0.7808,920.75,1
26.75,0.58862,0.89339,-0.082102,4,-57,1.1996,921.75,1
27,0.58862,0.89339,-0.082102,4,-57.5,5.8705,923.25,1
28,0.62379,0.87042,-0.059296,1,-63,4.4087,923.75,1
28.25,0.62379,0.87042,-0.059296,4,-57,1.6751,921.25,1
28.75,0.62379,0.87042,-0.059296,1,-64,0.8575,924.25,1
29.25,0.62379,0.87042,-0.059296,1,-62,6.1144,921.75,1
29.75,0.62379,0.87042,-0.059296,4,-57.5,0.6412,922.25,1
30.25,0.62379,0.87042,-0.059296,4,-57.5,5.3183,923.75,1
31,0.57689,0.88191,-0.093505,4,-57.5,2.1031,920.75,1
31.5,0.57689,0.88191,-0.093505,1,-62.5,1.2164,920.25,1
32,0.57689,0.88191,-0.093505,4,-57,5.7984,923.25,1
32.25,0.57689,0.88191,-0.093505,4,-57.5,0.62126,922.25,1
32.75,0.57689,0.88191,-0.093505,4,-57,5.329,923.75,1
33,0.57689,0.88191,-0.093505,1,-62,1.988,922.75,1
33.75,0.57689,0.88191,-0.093505,4,-58,1.1643,924.25,1
34,0.57689,0.88191,-0.093505,4,-56,1.1505,921.75,1
34.75,0.49481,0.69818,0.57927,3,-66,5.9319,922.25,1
35.5,0.49481,0.69818,0.57927,3,-57,1.7763,922.75,1
35.6,0.49481,0.69818,0.57927,1,-59,6.0009,921.25,1
35.75,0.49481,0.69818,0.57927,4,-62,0.57064,925.25,1
36,1.1163,0.2733,0.0091224,4,-62.5,3.4192,920.75,3
36.25,1.0459,0.21588,0.031928,4,-65,0.88511,920.25,3
36.75,0.94038,0.19292,-0.093505,4,-66,6.2817,923.25,3
37.5,0.9521,0.11254,-0.025087,4,-67.5,1.0784,925.75,3
37.75,0.9521,0.11254,-0.025087,4,-63.5,3.6601,922.75,3
38.5,1.4094,-0.071196,0.15736,4,-64,5.7586,920.75,3
38.75,1.4094,-0.071196,0.15736,4,-64,2.031,924.25,3
39.5,1.0928,0.055119,-0.10491,4,-63.5,0.9434,922.25,3
40,1.0928,0.055119,-0.10491,4,-63.5,2.3777,923.75,3
41,1.2218,-0.0022966,-0.013684,4,-64,1.8638,924.25,3
42.25,1.3273,-0.059712,-0.0022806,3,-56,1.2195,925.75,3
42.75,1.1514,0.032153,-0.059296,4,-63,0.34515,922.75,3
43,1.1514,0.032153,-0.059296,3,-55.5,1.4496,925.25,3
43.5,1.3508,-0.059712,0.020525,4,-64.5,6.0255,920.25,3
44,1.3508,-0.059712,0.020525,4,-62.5,4.4854,921.75,3
44.5,1.128,0.055119,-0.059296,4,-64.5,1.3177,924.75,3
45.25,1.0107,0.11254,-0.13912,4,-63,0.22856,922.75,3
46,1.0459,0.10105,-0.11631,4,-63.5,1.8684,924.25,3
48.25,0.9521,0.1355,-0.16192,4,-63.5,2.3547,920.75,3
48.75,0.92865,0.12402,-0.16192,4,-63,1.3254,921.75,3
49,0.92865,0.12402,-0.16192,4,-63,5.938,923.25,3
50,1.0694,0.10105,-0.11631,4,-63,0.23163,922.75,3
50.25,1.128,0.055119,-0.070699,4,-65.5,0.77619,925.25,3
52,1.0928,0.066602,-0.093505,4,-66.5,0.26845,925.75,3
52.5,1.0576,0.10105,-0.11631,4,-63,1.781,921.25,3
52.75,1.0576,0.10105,-0.11631,4,-65.5,0.75625,925.25,3
53.75,1.0107,0.1355,-0.12771,4,-63,5.9043,923.25,3
54,1.0107,0.1355,-0.12771,4,-64.5,1.287,924.75,3
55,1.0459,0.089569,-0.11631,4,-63,0.19328,922.75,3
55.5,1.1163,0.066602,-0.082102,3,-53,0.8575,920.75,3
56.75,1.128,0.043636,-0.082102,4,-66.5,0.26078,925.75,3
57.5,1.339,-0.025263,0.0091224,4,-63,1.7763,921.25,3
58,1.2452,0.0091865,-0.03649,4,-63.5,4.8474,924.25,3
58.25,1.2452,0.0091865,-0.03649,4,-64,5.9227,920.25,3
58.75,1.2452,0.0091865,-0.03649,4,-63,5.8844,923.25,3
59.75,1.1397,0.055119,-0.070699,4,-63,0.18715,922.75,3
60,1.1397,0.055119,-0.070699,4,-65.5,0.75165,925.25,3
61,1.0225,0.12402,-0.13912,4,-63,2.7366,923.25,3
62,1.339,-0.025263,-0.0022806,4,-63.5,5.3398,923.75,3
62.75,1.1045,0.066602,-0.093505,4,-65.5,0.70717,925.25,3
64.75,1.3273,-0.036746,-0.0022806,4,-63,1.784,921.25,3
65.5,0.9521,0.11254,-0.15052,4,-63.5,4.8627,924.25,3
66.5,1.0107,0.12402,-0.13912,3,-56,1.0922,925.75,3
67.25,1.0225,0.11254,-0.13912,4,-63,1.7411,921.25,3
67.5,1.0225,0.11254,-0.13912,4,-63.5,5.3766,920.75,3
68,1.0225,0.11254,-0.13912,4,-63.5,1.7104,924.25,3
68.5,1.0459,0.10105,-0.11631,1,-63,4.7262,923.25,3
69.25,1.3508,-0.025263,0.0091224,4,-63,5.3106,923.75,3
69.5,1.3508,-0.025263,0.0091224,4,-63,0.12732,922.75,3
70,1.0107,0.12402,-0.15052,4,-63.5,5.3674,920.75,3
70.75,1.0576,0.089569,-0.12771,4,-63,1.2195,921.75,3
71,1.0576,0.089569,-0.12771,3,-54.5,4.7446,924.75,3
71.5,0.9521,0.12402,-0.16192,3,-56.5,1.1183,925.75,3
73.75,1.3742,-0.036746,0.020525,4,-66,0.17027,925.75,3
74.75,1.2804,-0.025263,-0.025087,4,-65.5,0.69029,925.25,3
77.75,1.3273,-0.036746,-0.0022806,4,-64,5.8613,920.25,3
78.25,0.98728,0.12402,-0.15052,4,-62.5,2.7044,923.25,3
80.5,1.1045,0.078086,-0.093505,4,-63,5.823,923.25,3
81.25,1.0459,0.11254,-0.11631,4,-66,0.15953,925.75,3
82.75,1.0459,0.089569,-0.11631,4,-64,5.846,920.25,3
83.75,1.1397,0.055119,-0.070699,4,-63,5.3536,923.75,3
84.5,1.1514,0.055119,-0.082102,4,-65,0.72557,925.25,3
85.75,1.1045,0.078086,-0.093505,4,-62.5,3.8411,922.25,3
86.25,1.1045,0.078086,-0.093505,4,-63,5.3229,923.75,3
86.75,1.0928,0.14698,-0.11631,1,-58,4.3964,925.25,3
87.25,1.0107,0.31923,-0.059296,1,-56.5,5.8736,924.25,3
87.75,1.0459,0.46851,-0.11631,3,-58,0.30219,921.75,1
88,1.0459,0.46851,-0.11631,1,-58,2.4636,923.25,1
88.25,1.0459,0.46851,-0.11631,1,-58.5,1.85,924.75,1
88.325,1.0459,0.46851,-0.11631,4,-59.5,6.0792,922.25,1
90.5,0.56517,0.79004,0.43103,4,-60.5,2.0402,923.25,1
91,0.56517,0.79004,0.43103,3,-60,2.5173,923.75,1
91.5,0.56517,0.79004,0.43103,3,-59.5,0.033748,922.75,1
91.75,0.56517,0.79004,0.43103,1,-57.5,4.9808,925.25,1
92.25,0.40101,0.96229,-0.093505,3,-60,4.6986,920.25,1
92.5,0.40101,0.96229,-0.093505,3,-60,0.44332,921.75,1
92.75,0.40101,0.96229,-0.093505,4,-60.5,0.98635,923.25,1
93.25,0.40101,0.96229,-0.093505,1,-56,1.0048,922.25,1
93.5,0.40101,0.96229,-0.093505,1,-57,5.9411,923.75,1
93.75,0.40101,0.96229,-0.093505,3,-60.5,6.1635,922.75,1
94,0.40101,0.96229,-0.093505,1,-55.5,1.8346,921.25,1
94.25,0.40101,0.96229,-0.093505,1,-57.5,4.6648,925.25,1
95,0.44791,0.95081,-0.059296,1,-56.5,5.8445,920.25,1
95.1,0.44791,0.95081,-0.059296,3,-60,0.62893,921.75,1
95.25,0.44791,0.95081,-0.059296,1,-57.5,5.0499,924.75,1
95.75,0.44791,0.95081,-0.059296,1,-56.5,1.017,922.25,1
96,0.44791,0.95081,-0.059296,4,-61,0.35588,923.75,1
96.75,0.44791,0.93932,-0.013684,1,-56.5,5.6558,920.75,1
97.25,0.44791,0.93932,-0.013684,3,-61,4.3596,920.25,1
97.5,0.44791,0.93932,-0.013684,1,-56,1.6444,921.75,1
97.75,0.44791,0.93932,-0.013684,1,-57.5,0.19482,923.25,1
98.75,0.44791,0.93932,-0.013684,1,-62,5.7954,922.75,1
104.25,0.70587,0.83597,0.088944,1,-61,2.7949,924.25,1
106,0.70587,0.83597,0.088944,1,-60,1.1106,922.75,1
107.75,0.70587,0.83597,0.088944,3,-65,6.2648,922.25,1
109.75,0.70587,0.83597,0.088944,1,-60.5,0.72097,923.25,1
111.75,0.70587,0.83597,0.088944,1,-61,6.1022,924.25,1
113.25,0.70587,0.83597,0.088944,1,-60,1.195,922.75,1
117,0.70587,0.84746,0.13456,1,-60.5,0.77313,921.75,1
119.5,0.70587,0.84746,0.13456,1,-60,0.55684,923.25,1
121,0.70587,0.84746,0.13456,3,-66,0.90505,925.25,1
122.75,0.70587,0.84746,0.13456,1,-60.5,0.11045,923.75,1
124.5,0.70587,0.84746,0.13456,1,-60,0.38503,923.25,1
125,0.70587,0.84746,0.13456,1,-60.5,1.2241,925.75,1
125.75,0.70587,0.84746,0.13456,3,-61,4.1049,921.25,1
126.75,0.50654,0.90487,-0.059296,1,-59,0.4065,923.25,1
127.25,0.50654,0.90487,-0.059296,4,-60,2.8609,922.25,1
127.75,0.50654,0.90487,-0.059296,4,-59.5,2.2718,922.75,1
128.5,0.50654,0.90487,-0.059296,1,-59,2.5495,920.75,1
129,0.50654,0.90487,-0.059296,1,-58,1.6904,921.75,1
129.5,0.50654,0.90487,-0.059296,3,-62.5,1.2134,924.75,1
130.25,0.50654,0.90487,-0.059296,1,-59,0.77619,922.75,1
131,0.50654,0.90487,-0.059296,4,-61,0.88204,924.25,1
132.75,0.60034,0.87042,0.0091224,1,-60.5,6.0669,922.75,1
134.5,0.60034,0.87042,0.0091224,4,-58.5,0.14573,922.25,1
137.5,0.60034,0.87042,0.0091224,3,-64,6.0362,923.75,1
138.5,0.60034,0.87042,0.0091224,1,-60.5,1.0538,924.25,1
140.5,0.37756,0.95081,-0.0022806,1,-61.5,0.52462,925.25,1
141.5,0.37756,0.95081,-0.0022806,1,-60,5.326,923.25,1
142.25,0.37756,0.95081,-0.0022806,1,-60,1.8208,923.75,1
143.25,0.37756,0.95081,-0.0022806,1,-60.5,1.4097,924.25,1
144.25,0.37756,0.95081,-0.0022806,1,-60.5,6.2694,922.25,1
145,0.37756,0.95081,-0.0022806,1,-60,2.6783,922.75,1
146.25,0.37756,0.95081,-0.0022806,4,-58.5,1.2364,923.25,1
147,0.37756,0.95081,-0.0022806,4,-58.5,0.71023,923.75,1
148.75,0.40101,0.93932,0.020525,1,-60,2.304,923.25,1
149.5,0.40101,0.93932,0.020525,1,-61.5,0.13499,925.75,1
150.5,0.40101,0.93932,0.020525,1,-60.5,1.4251,924.25,1
151.5,0.40101,0.93932,0.020525,1,-60.5,2.1552,922.25,1
152.25,0.40101,0.93932,0.020525,4,-59.5,6.0838,922.75,1
152.5,0.40101,0.93932,0.020525,3,-58,3.861,921.25,1
152.75,0.40101,0.93932,0.020525,1,-58,2.5863,920.75,1
153,0.40101,0.93932,0.020525,1,-59,5.8491,924.25,1
153.75,0.52999,0.90487,-0.082102,4,-59.5,1.8945,923.25,1
154,0.52999,0.90487,-0.082102,1,-58,1.1014,922.25,1
154.25,0.52999,0.90487,-0.082102,3,-58.5,2.0325,923.75,1
154.75,0.52999,0.90487,-0.082102,4,-58.5,4.0451,922.75,1
157,0.52999,0.90487,-0.082102,1,-61.5,0.4694,923.75,4
157.5,0.2603,0.85894,-0.17333,1,-56.5,1.0293,925.25,4
157.75,0.2603,0.85894,-0.17333,4,-67,0.90505,920.75,4
158.25,0.27203,0.99674,-0.070699,1,-49.5,0.98175,921.75,4
159.5,0.37756,0.99674,0.0091224,2,-58,2.775,923.75,4
161.5,0.37756,0.99674,0.0091224,2,-55.5,0.41417,922.25,4
162,0.37756,0.99674,0.0091224,2,-57,3.6141,922.75,4
162.5,0.37756,0.99674,0.0091224,2,-57.5,5.8276,925.25,4
163,0.20168,0.96229,0.054735,2,-55.5,4.7461,920.25,4
165.5,0.20168,0.96229,0.054735,2,-55.5,5.8629,920.25,2
166.5,0.47136,0.92784,-0.013684,2,-56,5.2662,925.75,2
167.5,0.56517,0.91636,0.0091224,2,-56.5,0.96641,920.75,2
168.25,0.56517,0.91636,0.0091224,2,-58,0.17487,923.25,2
169.25,0.56517,0.91636,0.0091224,2,-57.5,0.67955,922.75,2
172,0.56517,0.91636,0.0091224,2,-59.5,5.3444,925.25,2
175,0.56517,0.91636,0.0091224,2,-58.5,5.8736,924.25,2
176.5,0.56517,0.91636,0.0091224,2,-58.5,0.58138,922.75,2
191.25,0.56517,0.91636,0.0091224,2,-58.5,0.033748,921.25,2
203.5,0.56517,0.91636,0.0091224,2,-58,0.41264,921.25,2
213,0.72932,0.80152,0.10035,2,-57.5,5.0146,923.75,2
218,0.72932,0.80152,0.10035,2,-58,5.5239,922.75,2
220.5,0.72932,0.80152,0.10035,2,-59,0.041417,921.25,2
222.75,0.72932,0.80152,0.10035,2,-58,5.4993,922.75,2
224.5,0.72932,0.80152,0.10035,2,-59,4.4577,924.75,2
227,0.72932,0.80152,0.10035,2,-58.5,4.3734,924.75,2
235.25,0.70587,0.82449,0.077541,2,-58,5.4226,922.75,2
237.25,0.70587,0.82449,0.077541,2,-57,1.0677,923.75,2
237.75,0.70587,0.82449,0.077541,2,-57,5.9196,921.25,2
239,0.70587,0.82449,0.077541,2,-57.5,5.1235,923.25,2
244.75,0.68242,0.83597,0.066138,2,-57.5,4.4363,923.75,2
246.25,0.68242,0.83597,0.066138,2,-57.5,4.7293,923.25,2
247.5,0.68242,0.83597,0.066138,2,-57,5.7555,921.25,2
248,0.68242,0.83597,0.066138,2,-57,0.42031,924.25,2
248.5,0.68242,0.83597,0.066138,2,-56,5.0621,921.75,2
249,0.68242,0.83597,0.066138,2,-56.5,4.8597,922.25,2
249.75,0.68242,0.83597,0.066138,2,-57,4.7262,922.75,2
251.5,0.8114,0.79004,0.077541,2,-57,5.461,922.25,2
252.5,0.8114,0.79004,0.077541,2,-57,0.92039,921.25,2
254.5,0.2134,1.0197,-0.13912,2,-50,2.3363,923.75,4
255,0.43619,0.85894,-0.12771,2,-49.5,2.3086,925.25,4
255.25,0.23685,0.97377,-0.23034,2,-48.5,0.3881,920.75,4
255.5,0.17823,1.2149,-0.12771,2,-48.5,5.3183,920.25,4
256,0.23685,0.98526,0.12315,2,-50,5.7984,921.75,4
256.13,0.23685,0.98526,0.12315,1,-67.5,6.274,923.25,4
256.5,0.20168,0.95081,-0.13912,3,-66.5,5.7509,922.25,4
261,0.20168,0.95081,-0.13912,1,-63.5,0.65041,923.25,1
261.75,0.20168,0.95081,-0.13912,4,-60,5.2692,922.75,1
262.75,0.20168,0.95081,-0.13912,4,-57.5,4.8305,924.25,1
264.75,0.62379,0.83597,0.37402,1,-60.5,4.9793,921.25,1
265.5,0.62379,0.83597,0.37402,4,-59,5.1895,920.25,1
265.75,1.2218,0.25033,0.15736,4,-64,0.2485,923.25,3
266.25,0.87003,0.37665,-0.15052,3,-54,5.8844,925.75,3
266.5,0.87003,0.37665,-0.15052,1,-64.5,0.067495,925.75,3
267.25,1.2687,-0.036746,0.066138,4,-68,1.784,925.25,3
267.75,0.98728,0.19292,-0.093505,3,-51.5,4.3473,920.25,3
268,0.87003,0.12402,-0.15052,4,-63,2.1261,921.75,3
268.1,0.87003,0.12402,-0.15052,4,-64,0.52616,923.25,3
269,1.3039,0.02067,0.054735,3,-52,5.6619,923.75,3
269.5,0.94038,0.15847,-0.13912,4,-63.5,5.4886,921.25,3
270.25,1.2335,0.055119,-0.047893,4,-64,0.21476,920.25,3
270.5,1.2335,0.055119,-0.047893,4,-62.5,1.7564,921.75,3
271.25,0.98728,0.18143,-0.16192,4,-62.5,1.175,922.25,3
271.75,1.1397,0.10105,-0.070699,4,-62.5,2.258,921.25,3
272.5,0.99901,0.19292,-0.16192,4,-63.5,5.303,924.25,3
274,1.2452,0.032153,-0.047893,4,-63,2.6707,923.75,3
274.25,1.2804,0.043636,-0.03649,4,-63,5.3873,921.25,3
275.25,0.97555,0.18143,-0.16192,4,-64,0.14573,920.25,3
276.25,0.9052,0.16995,-0.18473,4,-66,0.6995,925.75,3
276.5,0.9052,0.16995,-0.18473,3,-52,6.0454,922.75,3
276.75,1.2218,0.055119,-0.03649,4,-63,2.2611,921.25,3
277.25,1.1514,0.10105,-0.070699,4,-63.5,5.237,924.25,3
278,0.9521,0.18143,-0.17333,4,-64,4.7415,924.75,3
279.25,0.96383,0.19292,-0.16192,4,-65,1.1382,925.25,3
279.75,1.1866,0.089569,-0.047893,4,-63.5,5.2677,924.25,3
281.25,1.339,0.02067,-0.0022806,4,-63,5.7601,923.75,3
281.75,0.96383,0.19292,-0.16192,3,-52,0.7225,921.25,3
281.82,0.96383,0.19292,-0.16192,4,-62.5,2.2074,921.25,3
282.5,1.1045,0.14698,-0.11631,4,-64,0.12579,920.25,3
282.57,1.1045,0.14698,-0.11631,4,-62,1.7027,921.75,3
285,1.0107,0.18143,-0.15052,4,-62,1.7227,921.75,3
285.5,1.3156,0.02067,-0.013684,4,-62,1.1965,922.25,3
285.75,1.3156,0.02067,-0.013684,4,-66,0.60285,925.75,3
286.75,1.3039,0.055119,-0.025087,4,-65,1.0646,925.25,3
287,1.3039,0.055119,-0.025087,4,-63,5.8383,920.75,3
287.25,0.97555,0.18143,-0.16192,4,-63.5,0.099709,920.25,3
288.5,0.96383,0.19292,-0.16192,4,-63,5.7003,923.75,3
289.5,0.9521,0.18143,-0.17333,4,-63,5.1695,924.25,3
290,1.1045,0.12402,-0.10491,3,-52,5.6389,923.25,3
290.5,1.0107,0.18143,-0.13912,3,-52,0.053689,922.25,3
290.75,1.0225,0.15847,-0.15052,4,-65.5,0.59058,925.75,3
291.25,1.3273,0.02067,-0.025087,4,-62.5,2.2427,921.25,3
291.75,1.2335,0.055119,-0.03649,4,-63.5,5.2324,924.25,3
292.25,1.0107,0.19292,-0.16192,4,-62,1.6659,921.75,3
293,0.99901,0.18143,-0.16192,4,-62,1.0953,922.25,3
293.75,1.0225,0.16995,-0.13912,4,-63,2.1997,921.25,3
294.5,1.128,0.12402,-0.093505,4,-63.5,5.2125,924.25,3
295.25,0.94038,0.16995,-0.17333,4,-64,1.5693,924.75,3
295.5,0.94038,0.16995,-0.17333,4,-66.5,0.57831,925.75,3
296,1.0342,0.16995,-0.13912,4,-63.5,0.54763,922.75,3
296.25,1.0342,0.16995,-0.13912,4,-64,5.3244,921.25,3
297.25,1.128,0.11254,-0.11631,4,-63,1.6628,921.75,3
297.5,1.128,0.11254,-0.11631,4,-62.5,0.061359,923.25,3
298,1.0225,0.18143,-0.21894,4,-62.5,1.1152,922.25,3
298.5,1.2335,0.078086,-0.070699,4,-62.5,0.54303,922.75,3
298.75,1.2335,0.078086,-0.070699,4,-62.5,5.2708,921.25,3
299,1.2335,0.078086,-0.070699,4,-64.5,0.97254,925.25,3
299.5,1.0811,0.15847,-0.13912,4,-64.5,0.033748,920.25,3
300.75,1.0342,0.19292,-0.17333,4,-62.5,5.6404,923.75,3
301,0.91693,0.19292,-0.20754,4,-62.5,2.169,921.25,3
301.25,0.91693,0.19292,-0.20754,4,-64.5,4.1295,925.25,3
302,1.3273,0.032153,-0.047893,4,-64.5,0.039884,920.25,3
302.25,1.0459,0.18143,-0.17333,4,-62.5,6.2004,923.25,3
302.5,1.0459,0.18143,-0.17333,4,-63.5,4.605,924.75,3
303.5,0.9521,0.21588,-0.18473,4,-63,5.2662,921.25,3
303.75,0.9521,0.21588,-0.18473,4,-63.5,5.7908,920.75,3
304,0.9521,0.21588,-0.18473,4,-63,5.1143,924.25,3
304.5,1.2687,0.066602,-0.047893,4,-62.5,1.6076,921.75,3
304.75,1.2687,0.066602,-0.047893,4,-62,6.1896,923.25,3
305.25,1.0576,0.16995,-0.15052,4,-65.5,0.45252,925.75,3
305.5,1.0576,0.16995,-0.15052,4,-62.5,5.6435,923.75,3
306,0.92865,0.19292,-0.19613,4,-62.5,5.3045,921.25,3
306.5,1.1397,0.11254,-0.093505,4,-62.5,5.1266,924.25,3
306.75,1.1397,0.11254,-0.093505,4,-64,0.067495,920.25,3
307.25,0.92865,0.21588,-0.19613,4,-62.5,6.2126,923.25,3
307.75,1.2101,0.089569,-0.070699,4,-65.5,0.46173,925.75,3
308.25,0.99901,0.2044,-0.18473,4,-62.5,0.53229,922.75,3
308.5,0.99901,0.2044,-0.18473,4,-64.5,0.99402,925.25,3
309,1.0928,0.15847,-0.12771,4,-62.5,1.9911,924.25,3
309.5,0.92865,0.2044,-0.20754,4,-62.5,1.6276,921.75,3
310,1.1749,0.11254,-0.093505,4,-62,1.1106,922.25,3
310.75,0.92865,0.19292,-0.18473,3,-52,0.80687,921.25,3
310.85,0.92865,0.19292,-0.18473,4,-62.5,2.1644,921.25,3
311.25,0.97555,0.2044,-0.18473,4,-63,5.7862,920.75,3
312,0.91693,0.19292,-0.19613,4,-62.5,6.1957,923.25,3
312.5,0.91693,0.2044,-0.20754,4,-62.5,1.0554,922.25,3
312.75,0.91693,0.2044,-0.20754,4,-65.5,0.42031,925.75,3
313.25,1.0225,0.18143,-0.16192,4,-62.5,5.2508,921.25,3
313.75,1.3156,0.055119,-0.047893,4,-62.5,1.9819,924.25,3
314.25,1.3156,0.043636,-0.03649,4,-62.5,1.6199,921.75,3
315.25,1.3977,0.02067,-0.025087,1,-64,0.75318,923.75,3
315.5,1.3977,0.02067,-0.025087,3,-52,0.73784,921.25,3
316.5,1.0928,0.14698,-0.12771,4,-64,0.0061359,920.25,3
317.25,1.0811,0.15847,-0.12771,4,-62.5,1.0431,922.25,3
318.5,1.0928,0.15847,-0.13912,4,-63,5.7478,920.75,3
319,0.92865,0.21588,-0.19613,4,-62.5,1.5769,921.75,3
319.5,1.2218,0.078086,-0.070699,4,-62.5,3.0388,923.25,3
319.75,1.2218,0.078086,-0.070699,4,-62,1.0247,922.25,3
320.25,1.2218,0.089569,-0.070699,4,-63,0.45713,922.75,3
320.75,1.2452,0.078086,-0.059296,4,-64.5,4.1157,925.25,3
321.75,0.98728,0.2044,-0.17333,3,-52.5,5.7095,923.25,3
322.25,1.0107,0.19292,-0.16192,4,-62.5,1.0232,922.25,3
322.75,0.97555,0.2044,-0.19613,4,-62.5,0.45713,922.75,3
323.25,0.91693,0.21588,-0.19613,4,-64.5,0.94647,925.25,3
323.5,0.91693,0.21588,-0.19613,4,-63.5,5.7616,920.75,3
323.75,0.91693,0.21588,-0.19613,4,-62.5,5.1358,924.25,3
324.25,1.0811,0.14698,-0.11631,4,-62.5,6.231,923.25,3
324.5,0.98728,0.2044,-0.18473,4,-62.5,4.2261,922.25,3
325.25,1.2101,0.078086,-0.070699,4,-62.5,0.48014,922.75,3
325.75,0.91693,0.2044,-0.19613,4,-64.5,4.0835,925.25,3
326,0.91693,0.2044,-0.19613,4,-62.5,5.0805,924.25,3
326.5,0.98728,0.21588,-0.18473,4,-62.5,1.5647,921.75,3
327,0.96383,0.2044,-0.18473,4,-62.5,1.0216,922.25,3
327.5,0.96383,0.2044,-0.17333,4,-62.5,2.4989,923.75,3
328,0.97555,0.21588,-0.16192,4,-64,4.174,925.25,3
328.5,0.99901,0.19292,-0.17333,4,-64.5,0.092039,920.25,3
329,0.99901,0.19292,-0.17333,4,-62.5,1.6368,921.75,3
329.5,1.2452,0.089569,-0.059296,3,-52.5,0.084369,922.25,3
329.6,1.2452,0.089569,-0.059296,4,-62,4.2062,922.25,3
330.25,0.97555,0.2044,-0.18473,4,-62.5,2.12,921.25,3
330.75,0.97555,0.2044,-0.18473,4,-63.5,5.7831,920.75,3
331.5,0.99901,0.21588,-0.17333,4,-62.5,6.185,923.25,3
331.75,0.99901,0.21588,-0.17333,4,-63,1.4696,924.75,3
332.25,1.2218,0.089569,-0.059296,4,-65,0.42338,925.75,3
332.75,1.2804,0.055119,-0.059296,4,-63,5.2554,921.25,3
333,1.3156,0.055119,-0.047893,4,-63.5,5.7816,920.75,3
333.5,1.3156,0.055119,-0.047893,4,-62.5,1.9681,924.25,3
334.5,0.98728,0.21588,-0.18473,4,-62,1.0094,922.25,3
335,1.2452,0.089569,-0.059296,4,-62.5,0.44332,922.75,3
335.5,0.98728,0.2044,-0.17333,4,-63.5,5.7754,920.75,3
335.75,0.98728,0.2044,-0.17333,4,-63,5.1097,924.25,3
336.25,1.0811,0.14698,-0.12771,4,-62.5,1.5969,921.75,3
336.75,0.98728,0.19292,-0.18473,4,-62,4.2077,922.25,3
337.25,0.98728,0.2044,-0.18473,4,-62.5,0.46326,922.75,3
338,1.3625,0.032153,-0.025087,4,-63.5,5.7371,920.75,3
338.08,1.3625,0.032153,-0.025087,4,-62.5,5.0928,924.25,3
338.5,0.97555,0.21588,-0.18473,4,-62.5,1.5846,921.75,3
339.25,0.9521,0.19292,-0.19613,4,-62,1.0523,922.25,3
339.5,0.9521,0.19292,-0.19613,4,-62.5,2.5387,923.75,3
340,1.1163,0.18143,-0.10491,3,-52,0.94033,921.25,3
340.25,0.97555,0.26182,-0.17333,3,-51.5,5.1818,920.75,3
340.75,0.96383,0.4111,-0.093505,3,-51,6.228,920.25,1
341,0.92865,0.45703,-0.18473,4,-64,4.4439,921.75,1
341.25,1.0576,0.46851,-0.047893,4,-64.5,0.25771,923.25,1
341.5,1.0576,0.46851,-0.047893,4,-61.5,6.1451,924.75,1
342,0.84658,0.58334,0.24859,4,-64,3.9301,923.75,1
342.5,0.84658,0.58334,0.24859,1,-57.5,4.8827,921.25,4
343.25,0.84658,0.58334,0.24859,4,-58,1.4327,920.25,4
345.5,0.84658,0.58334,0.24859,1,-56.5,5.8429,920.25,4
345.75,0.84658,0.58334,0.24859,1,-58,0.3927,921.75,4
346.75,0.24858,0.91636,-0.24174,1,-62,0.29759,925.75,4
347,0.43619,0.97377,0.11175,1,-57.5,6.1681,922.75,4
347.5,0.43619,0.97377,0.11175,1,-61.5,5.9564,925.25,4
348,0.43619,0.97377,0.11175,4,-57,2.3623,924.25,4
