0,0.2603,0.88191,-0.082102,1,-42,0.081301,923.75,4
0.025,0.2603,0.88191,-0.082102,1,-42,0.081301,923.75,4
0.05,0.2603,0.88191,-0.082102,1,-42,0.081301,923.75,4
0.075,0.2603,0.88191,-0.082102,1,-42,0.081301,923.75,4
0.1,0.2603,0.88191,-0.082102,1,-42,0.081301,923.75,4
3,-0.16181,1.0886,-0.28736,2,-56,0.51235,920.25,4
3.05,-0.16181,1.0886,-0.28736,2,-56,0.51235,920.25,4
3.1,-0.16181,1.0886,-0.28736,2,-56,0.51235,920.25,4
3.125,-0.16181,1.0886,-0.28736,2,-56,0.51235,920.25,4
5.25,-0.16181,1.0886,-0.28736,2,-55.5,1.1045,920.25,4
5.3,-0.16181,1.0886,-0.28736,2,-55.5,1.1045,920.25,4
5.325,-0.16181,1.0886,-0.28736,2,-55.5,1.1045,920.25,4
5.375,-0.16181,1.0886,-0.28736,2,-55.5,1.1045,920.25,4
5.4,-0.16181,1.0886,-0.28736,2,-55.5,1.1045,920.25,4
5.425,-0.16181,1.0886,-0.28736,2,-55.5,1.1045,920.25,4
13.75,0.41273,0.96229,-0.093505,2,-56,1.8607,925.25,2
13.825,0.41273,0.96229,-0.093505,2,-56,1.8607,925.25,2
13.875,0.41273,0.96229,-0.093505,2,-56,1.8607,925.25,2
13.9,0.41273,0.96229,-0.093505,2,-56,1.8607,925.25,2
13.95,0.41273,0.96229,-0.093505,2,-56,1.8607,925.25,2
57.25,0.42446,0.95081,-0.082102,2,-55.5,0.84829,920.75,2
57.325,0.42446,0.95081,-0.082102,2,-55.5,0.84829,920.75,2
57.375,0.42446,0.95081,-0.082102,2,-55.5,0.84829,920.75,2
57.4,0.42446,0.95081,-0.082102,2,-55.5,0.84829,920.75,2
57.45,0.42446,0.95081,-0.082102,2,-55.5,0.84829,920.75,2
57.5,0.42446,0.95081,-0.082102,2,-55.5,0.84829,920.75,2
58,0.2603,1.0082,-0.18473,2,-55.5,0.28532,921.75,2
58.1,0.2603,1.0082,-0.18473,2,-55.5,0.28532,921.75,2
58.125,0.2603,1.0082,-0.18473,2,-55.5,0.28532,921.75,2
58.175,0.2603,1.0082,-0.18473,2,-55.5,0.28532,921.75,2
58.2,0.2603,1.0082,-0.18473,2,-55.5,0.28532,921.75,2
58.25,0.2603,1.0082,-0.18473,2,-55.5,0.28532,921.75,2
71,0.2603,1.0082,-0.17333,2,-55,1.1658,920.25,2
71.075,0.2603,1.0082,-0.17333,2,-55,1.1658,920.25,2
71.125,0.2603,1.0082,-0.17333,2,-55,1.1658,920.25,2
71.175,0.2603,1.0082,-0.17333,2,-55,1.1658,920.25,2
71.2,0.2603,1.0082,-0.17333,2,-55,1.1658,920.25,2
71.25,0.2603,1.0082,-0.17333,2,-55,1.1658,920.25,2
74,0.24858,1.0197,-0.16192,2,-55,0.72864,921.25,2
74.075,0.24858,1.0197,-0.16192,2,-55,0.72864,921.25,2
74.125,0.24858,1.0197,-0.16192,2,-55,0.72864,921.25,2
74.15,0.24858,1.0197,-0.16192,2,-55,0.72864,921.25,2
74.2,0.24858,1.0197,-0.16192,2,-55,0.72864,921.25,2
74.25,0.24858,1.0197,-0.16192,2,-55,0.72864,921.25,2
112.25,-0.044557,1.1805,-0.059296,2,-50.5,4.7691,925.75,4
112.33,-0.044557,1.1805,-0.059296,2,-50.5,4.7691,925.75,4
112.4,-0.044557,1.1805,-0.059296,2,-50.5,4.7691,925.75,4
112.43,-0.044557,1.1805,-0.059296,2,-50.5,4.7691,925.75,4
112.48,-0.044557,1.1805,-0.059296,2,-50.5,4.7691,925.75,4
112.53,-0.044557,1.1805,-0.059296,2,-50.5,4.7691,925.75,4
112.55,-0.044557,1.1805,-0.059296,2,-48.5,0.58905,923.25,4
112.6,-0.044557,1.1805,-0.059296,2,-48.5,0.58905,923.25,4
112.65,-0.044557,1.1805,-0.059296,2,-48.5,0.58905,923.25,4
112.68,-0.044557,1.1805,-0.059296,2,-48.5,0.58905,923.25,4
112.73,-0.044557,1.1805,-0.059296,2,-48.5,0.58905,923.25,4
112.78,-0.044557,1.1805,-0.059296,2,-48.5,0.58905,923.25,4
112.8,0.17823,0.97377,-0.10491,2,-48,4.9578,920.25,4
112.85,0.17823,0.97377,-0.10491,2,-48,4.9578,920.25,4
112.9,0.17823,0.97377,-0.10491,2,-48,4.9578,920.25,4
112.93,0.17823,0.97377,-0.10491,2,-48,4.9578,920.25,4
112.98,0.17823,0.97377,-0.10491,2,-48,4.9578,920.25,4
113.03,0.17823,0.97377,-0.10491,2,-48,4.9578,920.25,4
113.05,0.47136,0.99674,-0.059296,2,-46.5,0.89431,922.25,4
113.1,0.47136,0.99674,-0.059296,2,-46.5,0.89431,922.25,4
113.15,0.47136,0.99674,-0.059296,2,-46.5,0.89431,922.25,4
113.18,0.47136,0.99674,-0.059296,2,-46.5,0.89431,922.25,4
113.23,0.47136,0.99674,-0.059296,2,-46.5,0.89431,922.25,4
113.28,0.47136,0.99674,-0.059296,2,-46.5,0.89431,922.25,4
113.3,0.014071,0.97377,-0.18473,3,-69.5,6.2264,922.25,4
113.35,0.014071,0.97377,-0.18473,3,-69.5,6.2264,922.25,4
113.4,0.014071,0.97377,-0.18473,3,-69.5,6.2264,922.25,4
113.45,0.014071,0.97377,-0.18473,3,-69.5,6.2264,922.25,4
113.48,0.014071,0.97377,-0.18473,3,-69.5,6.2264,922.25,4
113.53,0.014071,0.97377,-0.18473,3,-69.5,6.2264,922.25,4
113.55,0.014071,0.97377,-0.18473,2,-45,6.274,921.25,4
113.6,0.014071,0.97377,-0.18473,2,-45,6.274,921.25,4
113.65,0.014071,0.97377,-0.18473,2,-45,6.274,921.25,4
113.68,0.014071,0.97377,-0.18473,2,-45,6.274,921.25,4
113.73,0.014071,0.97377,-0.18473,2,-45,6.274,921.25,4
113.78,0.014071,0.97377,-0.18473,2,-45,6.274,921.25,4
113.8,0.56517,0.82449,0.0091224,2,-46.5,1.0262,924.25,4
113.85,0.56517,0.82449,0.0091224,2,-46.5,1.0262,924.25,4
113.9,0.56517,0.82449,0.0091224,2,-46.5,1.0262,924.25,4
113.93,0.56517,0.82449,0.0091224,2,-46.5,1.0262,924.25,4
113.98,0.56517,0.82449,0.0091224,2,-46.5,1.0262,924.25,4
114.03,0.56517,0.82449,0.0091224,2,-46.5,1.0262,924.25,4
115,0.14305,0.99674,0.066138,1,-58,5.6558,920.25,4
115.08,0.14305,0.99674,0.066138,1,-58,5.6558,920.25,4
115.13,0.14305,0.99674,0.066138,1,-58,5.6558,920.25,4
115.15,0.14305,0.99674,0.066138,1,-58,5.6558,920.25,4
115.2,0.14305,0.99674,0.066138,1,-58,5.6558,920.25,4
115.25,0.14305,0.99674,0.066138,1,-58,5.6558,920.25,4
116.5,0.29548,0.89339,0.020525,4,-57,1.2425,921.75,1
116.58,0.29548,0.89339,0.020525,4,-57,1.2425,921.75,1
116.6,0.29548,0.89339,0.020525,4,-57,1.2425,921.75,1
116.65,0.29548,0.89339,0.020525,4,-57,1.2425,921.75,1
116.7,0.29548,0.89339,0.020525,4,-57,1.2425,921.75,1
116.73,0.29548,0.89339,0.020525,4,-57,1.2425,921.75,1
117.25,0.29548,0.89339,0.020525,1,-58,4.5114,923.25,1
117.33,0.29548,0.89339,0.020525,1,-58,4.5114,923.25,1
117.38,0.29548,0.89339,0.020525,1,-58,4.5114,923.25,1
117.4,0.29548,0.89339,0.020525,1,-58,4.5114,923.25,1
117.45,0.29548,0.89339,0.020525,1,-58,4.5114,923.25,1
117.5,0.29548,0.89339,0.020525,1,-58,4.5114,923.25,1
117.55,0.29548,0.89339,0.020525,1,-57.5,0.76392,920.25,1
117.58,0.29548,0.89339,0.020525,1,-57.5,0.76392,920.25,1
117.63,0.29548,0.89339,0.020525,1,-57.5,0.76392,920.25,1
117.65,0.29548,0.89339,0.020525,1,-57.5,0.76392,920.25,1
117.7,0.29548,0.89339,0.020525,1,-57.5,0.76392,920.25,1
117.75,0.29548,0.89339,0.020525,1,-57.5,0.76392,920.25,1
117.78,0.29548,0.89339,0.020525,1,-57,5.8138,921.25,1
117.83,0.29548,0.89339,0.020525,1,-57,5.8138,921.25,1
117.88,0.29548,0.89339,0.020525,1,-57,5.8138,921.25,1
117.9,0.29548,0.89339,0.020525,1,-57,5.8138,921.25,1
117.95,0.29548,0.89339,0.020525,1,-57,5.8138,921.25,1
118,0.29548,0.89339,0.020525,1,-57,5.8138,921.25,1
118.03,0.29548,0.89339,0.020525,1,-58,0.061359,924.25,1
118.08,0.29548,0.89339,0.020525,1,-58,0.061359,924.25,1
118.13,0.29548,0.89339,0.020525,1,-58,0.061359,924.25,1
118.15,0.29548,0.89339,0.020525,1,-58,0.061359,924.25,1
118.2,0.29548,0.89339,0.020525,1,-58,0.061359,924.25,1
118.23,0.29548,0.89339,0.020525,1,-58,0.061359,924.25,1
119.5,0.48309,0.92784,-0.03649,1,-57.5,4.1003,923.25,1
119.58,0.48309,0.92784,-0.03649,1,-57.5,4.1003,923.25,1
119.6,0.48309,0.92784,-0.03649,1,-57.5,4.1003,923.25,1
119.65,0.48309,0.92784,-0.03649,1,-57.5,4.1003,923.25,1
119.7,0.48309,0.92784,-0.03649,1,-57.5,4.1003,923.25,1
119.75,0.48309,0.92784,-0.03649,1,-57.5,4.1003,923.25,1
119.78,0.48309,0.92784,-0.03649,4,-56,0.84676,920.25,1
119.83,0.48309,0.92784,-0.03649,4,-56,0.84676,920.25,1
119.88,0.48309,0.92784,-0.03649,4,-56,0.84676,920.25,1
119.9,0.48309,0.92784,-0.03649,4,-56,0.84676,920.25,1
119.95,0.48309,0.92784,-0.03649,4,-56,0.84676,920.25,1
120,0.48309,0.92784,-0.03649,4,-56,0.84676,920.25,1
120.03,0.48309,0.92784,-0.03649,4,-55.5,5.013,922.25,1
120.08,0.48309,0.92784,-0.03649,4,-55.5,5.013,922.25,1
120.1,0.48309,0.92784,-0.03649,4,-55.5,5.013,922.25,1
120.15,0.48309,0.92784,-0.03649,4,-55.5,5.013,922.25,1
120.2,0.48309,0.92784,-0.03649,4,-55.5,5.013,922.25,1
120.23,0.48309,0.92784,-0.03649,4,-55.5,5.013,922.25,1
120.5,0.47136,0.92784,-0.03649,1,-57.5,6.277,920.75,1
120.58,0.47136,0.92784,-0.03649,1,-57.5,6.277,920.75,1
120.6,0.47136,0.92784,-0.03649,1,-57.5,6.277,920.75,1
120.65,0.47136,0.92784,-0.03649,1,-57.5,6.277,920.75,1
120.7,0.47136,0.92784,-0.03649,1,-57.5,6.277,920.75,1
120.73,0.47136,0.92784,-0.03649,1,-57.5,6.277,920.75,1
121,0.47136,0.92784,-0.03649,1,-58,5.9074,924.75,1
121.08,0.47136,0.92784,-0.03649,1,-58,5.9074,924.75,1
121.13,0.47136,0.92784,-0.03649,1,-58,5.9074,924.75,1
121.15,0.47136,0.92784,-0.03649,1,-58,5.9074,924.75,1
121.2,0.47136,0.92784,-0.03649,1,-58,5.9074,924.75,1
121.23,0.47136,0.92784,-0.03649,1,-58,5.9074,924.75,1
121.5,0.47136,0.92784,-0.03649,1,-57,5.4073,921.75,1
121.58,0.47136,0.92784,-0.03649,1,-57,5.4073,921.75,1
121.63,0.47136,0.92784,-0.03649,1,-57,5.4073,921.75,1
121.65,0.47136,0.92784,-0.03649,1,-57,5.4073,921.75,1
121.7,0.47136,0.92784,-0.03649,1,-57,5.4073,921.75,1
121.73,0.47136,0.92784,-0.03649,1,-57,5.4073,921.75,1
122,0.47136,0.92784,-0.03649,1,-58,0.5507,920.25,1
122.08,0.47136,0.92784,-0.03649,1,-58,0.5507,920.25,1
122.13,0.47136,0.92784,-0.03649,1,-58,0.5507,920.25,1
122.15,0.47136,0.92784,-0.03649,1,-58,0.5507,920.25,1
122.2,0.47136,0.92784,-0.03649,1,-58,0.5507,920.25,1
122.25,0.47136,0.92784,-0.03649,1,-58,0.5507,920.25,1
122.75,0.55344,0.90487,-0.0022806,4,-56,6.2234,921.25,1
122.83,0.55344,0.90487,-0.0022806,4,-56,6.2234,921.25,1
122.88,0.55344,0.90487,-0.0022806,4,-56,6.2234,921.25,1
122.93,0.55344,0.90487,-0.0022806,4,-56,6.2234,921.25,1
122.95,0.55344,0.90487,-0.0022806,4,-56,6.2234,921.25,1
123,0.55344,0.90487,-0.0022806,4,-56,6.2234,921.25,1
123.03,0.55344,0.90487,-0.0022806,1,-57.5,0.059825,924.25,1
123.08,0.55344,0.90487,-0.0022806,1,-57.5,0.059825,924.25,1
123.13,0.55344,0.90487,-0.0022806,1,-57.5,0.059825,924.25,1
123.15,0.55344,0.90487,-0.0022806,1,-57.5,0.059825,924.25,1
123.2,0.55344,0.90487,-0.0022806,1,-57.5,0.059825,924.25,1
123.25,0.55344,0.90487,-0.0022806,1,-57.5,0.059825,924.25,1
123.28,0.55344,0.90487,-0.0022806,4,-55.5,0.42491,920.75,1
123.33,0.55344,0.90487,-0.0022806,4,-55.5,0.42491,920.75,1
123.38,0.55344,0.90487,-0.0022806,4,-55.5,0.42491,920.75,1
123.4,0.55344,0.90487,-0.0022806,4,-55.5,0.42491,920.75,1
123.45,0.55344,0.90487,-0.0022806,4,-55.5,0.42491,920.75,1
123.5,0.55344,0.90487,-0.0022806,4,-55.5,0.42491,920.75,1
123.75,0.55344,0.90487,-0.0022806,4,-55.5,1.465,922.75,1
123.83,0.55344,0.90487,-0.0022806,4,-55.5,1.465,922.75,1
123.88,0.55344,0.90487,-0.0022806,4,-55.5,1.465,922.75,1
123.9,0.55344,0.90487,-0.0022806,4,-55.5,1.465,922.75,1
123.95,0.55344,0.90487,-0.0022806,4,-55.5,1.465,922.75,1
124,0.55344,0.90487,-0.0022806,4,-55.5,1.465,922.75,1
124.5,0.44791,0.93932,-0.025087,1,-57,0.93266,923.25,1
124.6,0.44791,0.93932,-0.025087,1,-57,0.93266,923.25,1
124.63,0.44791,0.93932,-0.025087,1,-57,0.93266,923.25,1
124.68,0.44791,0.93932,-0.025087,1,-57,0.93266,923.25,1
124.73,0.44791,0.93932,-0.025087,1,-57,0.93266,923.25,1
124.78,0.44791,0.93932,-0.025087,1,-57,0.93266,923.25,1
124.8,0.44791,0.93932,-0.025087,1,-57.5,0.51235,920.25,1
124.85,0.44791,0.93932,-0.025087,1,-57.5,0.51235,920.25,1
124.88,0.44791,0.93932,-0.025087,1,-57.5,0.51235,920.25,1
124.93,0.44791,0.93932,-0.025087,1,-57.5,0.51235,920.25,1
124.98,0.44791,0.93932,-0.025087,1,-57.5,0.51235,920.25,1
125,0.44791,0.93932,-0.025087,1,-57.5,0.51235,920.25,1
125.05,0.44791,0.93932,-0.025087,1,-56.5,5.8368,921.25,1
125.1,0.44791,0.93932,-0.025087,1,-56.5,5.8368,921.25,1
125.13,0.44791,0.93932,-0.025087,1,-56.5,5.8368,921.25,1
125.18,0.44791,0.93932,-0.025087,1,-56.5,5.8368,921.25,1
125.23,0.44791,0.93932,-0.025087,1,-56.5,5.8368,921.25,1
125.25,0.44791,0.93932,-0.025087,1,-56.5,5.8368,921.25,1
125.5,0.44791,0.93932,-0.025087,1,-57,0.084369,920.75,1
125.6,0.44791,0.93932,-0.025087,1,-57,0.084369,920.75,1
125.63,0.44791,0.93932,-0.025087,1,-57,0.084369,920.75,1
125.68,0.44791,0.93932,-0.025087,1,-57,0.084369,920.75,1
125.73,0.44791,0.93932,-0.025087,1,-57,0.084369,920.75,1
125.75,0.44791,0.93932,-0.025087,1,-57,0.084369,920.75,1
126,0.44791,0.93932,-0.025087,1,-57.5,5.9887,924.75,1
126.08,0.44791,0.93932,-0.025087,1,-57.5,5.9887,924.75,1
126.13,0.44791,0.93932,-0.025087,1,-57.5,5.9887,924.75,1
126.18,0.44791,0.93932,-0.025087,1,-57.5,5.9887,924.75,1
126.2,0.44791,0.93932,-0.025087,1,-57.5,5.9887,924.75,1
126.25,0.44791,0.93932,-0.025087,1,-57.5,5.9887,924.75,1
127,0.36583,0.98526,-0.082102,3,-67,2.1184,920.25,1
127.08,0.36583,0.98526,-0.082102,3,-67,2.1184,920.25,1
127.13,0.36583,0.98526,-0.082102,3,-67,2.1184,920.25,1
127.15,0.36583,0.98526,-0.082102,3,-67,2.1184,920.25,1
127.2,0.36583,0.98526,-0.082102,3,-67,2.1184,920.25,1
127.25,0.36583,0.98526,-0.082102,3,-67,2.1184,920.25,1
127.5,0.36583,0.98526,-0.082102,3,-68,4.7538,921.25,1
127.58,0.36583,0.98526,-0.082102,3,-68,4.7538,921.25,1
127.63,0.36583,0.98526,-0.082102,3,-68,4.7538,921.25,1
127.65,0.36583,0.98526,-0.082102,3,-68,4.7538,921.25,1
127.7,0.36583,0.98526,-0.082102,3,-68,4.7538,921.25,1
127.75,0.36583,0.98526,-0.082102,3,-68,4.7538,921.25,1
128,0.36583,0.98526,-0.082102,1,-57.5,0.026078,920.75,1
128.08,0.36583,0.98526,-0.082102,1,-57.5,0.026078,920.75,1
128.1,0.36583,0.98526,-0.082102,1,-57.5,0.026078,920.75,1
128.15,0.36583,0.98526,-0.082102,1,-57.5,0.026078,920.75,1
128.2,0.36583,0.98526,-0.082102,1,-57.5,0.026078,920.75,1
128.22,0.36583,0.98526,-0.082102,1,-57.5,0.026078,920.75,1
129,0.45964,0.92784,-0.025087,1,-57.5,0.49854,923.75,1
129.08,0.45964,0.92784,-0.025087,1,-57.5,0.49854,923.75,1
129.13,0.45964,0.92784,-0.025087,1,-57.5,0.49854,923.75,1
129.15,0.45964,0.92784,-0.025087,1,-57.5,0.49854,923.75,1
129.2,0.45964,0.92784,-0.025087,1,-57.5,0.49854,923.75,1
129.25,0.45964,0.92784,-0.025087,1,-57.5,0.49854,923.75,1
129.5,0.45964,0.92784,-0.025087,1,-58,0.52922,920.25,1
129.58,0.45964,0.92784,-0.025087,1,-58,0.52922,920.25,1
129.6,0.45964,0.92784,-0.025087,1,-58,0.52922,920.25,1
129.65,0.45964,0.92784,-0.025087,1,-58,0.52922,920.25,1
129.7,0.45964,0.92784,-0.025087,1,-58,0.52922,920.25,1
129.72,0.45964,0.92784,-0.025087,1,-58,0.52922,920.25,1
130,0.45964,0.92784,-0.025087,1,-56.5,5.869,921.25,1
130.08,0.45964,0.92784,-0.025087,1,-56.5,5.869,921.25,1
130.1,0.45964,0.92784,-0.025087,1,-56.5,5.869,921.25,1
130.15,0.45964,0.92784,-0.025087,1,-56.5,5.869,921.25,1
130.2,0.45964,0.92784,-0.025087,1,-56.5,5.869,921.25,1
130.22,0.45964,0.92784,-0.025087,1,-56.5,5.869,921.25,1
130.28,0.45964,0.92784,-0.025087,1,-57,0.075165,920.75,1
130.33,0.45964,0.92784,-0.025087,1,-57,0.075165,920.75,1
130.35,0.45964,0.92784,-0.025087,1,-57,0.075165,920.75,1
130.4,0.45964,0.92784,-0.025087,1,-57,0.075165,920.75,1
130.45,0.45964,0.92784,-0.025087,1,-57,0.075165,920.75,1
130.47,0.45964,0.92784,-0.025087,1,-57,0.075165,920.75,1
131.25,0.40101,0.96229,-0.070699,1,-57,0.49548,923.75,1
131.33,0.40101,0.96229,-0.070699,1,-57,0.49548,923.75,1
131.38,0.40101,0.96229,-0.070699,1,-57,0.49548,923.75,1
131.43,0.40101,0.96229,-0.070699,1,-57,0.49548,923.75,1
131.45,0.40101,0.96229,-0.070699,1,-57,0.49548,923.75,1
131.5,0.40101,0.96229,-0.070699,1,-57,0.49548,923.75,1
131.75,0.40101,0.96229,-0.070699,1,-57,4.0558,923.25,1
131.83,0.40101,0.96229,-0.070699,1,-57,4.0558,923.25,1
131.88,0.40101,0.96229,-0.070699,1,-57,4.0558,923.25,1
131.9,0.40101,0.96229,-0.070699,1,-57,4.0558,923.25,1
131.95,0.40101,0.96229,-0.070699,1,-57,4.0558,923.25,1
131.97,0.40101,0.96229,-0.070699,1,-57,4.0558,923.25,1
132.03,0.40101,0.96229,-0.070699,1,-57.5,0.49241,920.25,1
132.08,0.40101,0.96229,-0.070699,1,-57.5,0.49241,920.25,1
132.1,0.40101,0.96229,-0.070699,1,-57.5,0.49241,920.25,1
132.15,0.40101,0.96229,-0.070699,1,-57.5,0.49241,920.25,1
132.2,0.40101,0.96229,-0.070699,1,-57.5,0.49241,920.25,1
132.22,0.40101,0.96229,-0.070699,1,-57.5,0.49241,920.25,1
132.28,0.40101,0.96229,-0.070699,4,-56,6.0163,921.25,1
132.33,0.40101,0.96229,-0.070699,4,-56,6.0163,921.25,1
132.35,0.40101,0.96229,-0.070699,4,-56,6.0163,921.25,1
132.4,0.40101,0.96229,-0.070699,4,-56,6.0163,921.25,1
132.45,0.40101,0.96229,-0.070699,4,-56,6.0163,921.25,1
132.47,0.40101,0.96229,-0.070699,4,-56,6.0163,921.25,1
132.75,0.40101,0.96229,-0.070699,1,-57.5,0.033748,924.25,1
132.83,0.40101,0.96229,-0.070699,1,-57.5,0.033748,924.25,1
132.88,0.40101,0.96229,-0.070699,1,-57.5,0.033748,924.25,1
132.9,0.40101,0.96229,-0.070699,1,-57.5,0.033748,924.25,1
132.95,0.40101,0.96229,-0.070699,1,-57.5,0.033748,924.25,1
133,0.40101,0.96229,-0.070699,1,-57.5,0.033748,924.25,1
133.03,0.40101,0.96229,-0.070699,1,-57.5,0.03835,920.75,1
133.08,0.40101,0.96229,-0.070699,1,-57.5,0.03835,920.75,1
133.13,0.40101,0.96229,-0.070699,1,-57.5,0.03835,920.75,1
133.15,0.40101,0.96229,-0.070699,1,-57.5,0.03835,920.75,1
133.2,0.40101,0.96229,-0.070699,1,-57.5,0.03835,920.75,1
133.25,0.40101,0.96229,-0.070699,1,-57.5,0.03835,920.75,1
133.75,0.43619,0.93932,-0.047893,1,-57,0.48167,923.75,1
133.83,0.43619,0.93932,-0.047893,1,-57,0.48167,923.75,1
133.88,0.43619,0.93932,-0.047893,1,-57,0.48167,923.75,1
133.9,0.43619,0.93932,-0.047893,1,-57,0.48167,923.75,1
133.95,0.43619,0.93932,-0.047893,1,-57,0.48167,923.75,1
133.97,0.43619,0.93932,-0.047893,1,-57,0.48167,923.75,1
134.25,0.43619,0.93932,-0.047893,1,-58,0.47553,920.25,1
134.33,0.43619,0.93932,-0.047893,1,-58,0.47553,920.25,1
134.38,0.43619,0.93932,-0.047893,1,-58,0.47553,920.25,1
134.4,0.43619,0.93932,-0.047893,1,-58,0.47553,920.25,1
134.45,0.43619,0.93932,-0.047893,1,-58,0.47553,920.25,1
134.47,0.43619,0.93932,-0.047893,1,-58,0.47553,920.25,1
134.53,0.43619,0.93932,-0.047893,1,-56.5,4.9118,922.25,1
134.58,0.43619,0.93932,-0.047893,1,-56.5,4.9118,922.25,1
134.63,0.43619,0.93932,-0.047893,1,-56.5,4.9118,922.25,1
134.65,0.43619,0.93932,-0.047893,1,-56.5,4.9118,922.25,1
134.7,0.43619,0.93932,-0.047893,1,-56.5,4.9118,922.25,1
134.72,0.43619,0.93932,-0.047893,1,-56.5,4.9118,922.25,1
135.75,0.55344,0.90487,-0.0022806,1,-58,5.9626,924.75,1
135.83,0.55344,0.90487,-0.0022806,1,-58,5.9626,924.75,1
135.88,0.55344,0.90487,-0.0022806,1,-58,5.9626,924.75,1
135.9,0.55344,0.90487,-0.0022806,1,-58,5.9626,924.75,1
135.95,0.55344,0.90487,-0.0022806,1,-58,5.9626,924.75,1
136,0.55344,0.90487,-0.0022806,1,-58,5.9626,924.75,1
136.03,0.55344,0.90487,-0.0022806,4,-55.5,5.484,921.75,1
136.08,0.55344,0.90487,-0.0022806,4,-55.5,5.484,921.75,1
136.13,0.55344,0.90487,-0.0022806,4,-55.5,5.484,921.75,1
136.15,0.55344,0.90487,-0.0022806,4,-55.5,5.484,921.75,1
136.2,0.55344,0.90487,-0.0022806,4,-55.5,5.484,921.75,1
136.25,0.55344,0.90487,-0.0022806,4,-55.5,5.484,921.75,1
136.5,0.55344,0.90487,-0.0022806,1,-59,2.0095,925.75,1
136.58,0.55344,0.90487,-0.0022806,1,-59,2.0095,925.75,1
136.63,0.55344,0.90487,-0.0022806,1,-59,2.0095,925.75,1
136.68,0.55344,0.90487,-0.0022806,1,-59,2.0095,925.75,1
136.7,0.55344,0.90487,-0.0022806,1,-59,2.0095,925.75,1
136.75,0.55344,0.90487,-0.0022806,1,-59,2.0095,925.75,1
137,0.55344,0.90487,-0.0022806,1,-58.5,0.45559,920.25,1
137.08,0.55344,0.90487,-0.0022806,1,-58.5,0.45559,920.25,1
137.13,0.55344,0.90487,-0.0022806,1,-58.5,0.45559,920.25,1
137.18,0.55344,0.90487,-0.0022806,1,-58.5,0.45559,920.25,1
137.2,0.55344,0.90487,-0.0022806,1,-58.5,0.45559,920.25,1
137.25,0.55344,0.90487,-0.0022806,1,-58.5,0.45559,920.25,1
137.3,0.55344,0.90487,-0.0022806,1,-57,5.7678,921.25,1
137.33,0.55344,0.90487,-0.0022806,1,-57,5.7678,921.25,1
137.38,0.55344,0.90487,-0.0022806,1,-57,5.7678,921.25,1
137.4,0.55344,0.90487,-0.0022806,1,-57,5.7678,921.25,1
137.45,0.55344,0.90487,-0.0022806,1,-57,5.7678,921.25,1
137.5,0.55344,0.90487,-0.0022806,1,-57,5.7678,921.25,1
137.75,0.55344,0.90487,-0.0022806,1,-58,5.5607,925.25,1
137.83,0.55344,0.90487,-0.0022806,1,-58,5.5607,925.25,1
137.88,0.55344,0.90487,-0.0022806,1,-58,5.5607,925.25,1
137.93,0.55344,0.90487,-0.0022806,1,-58,5.5607,925.25,1
137.95,0.55344,0.90487,-0.0022806,1,-58,5.5607,925.25,1
138,0.55344,0.90487,-0.0022806,1,-58,5.5607,925.25,1
138.75,0.41273,0.95081,-0.059296,1,-57.5,0.46633,923.75,1
138.83,0.41273,0.95081,-0.059296,1,-57.5,0.46633,923.75,1
138.88,0.41273,0.95081,-0.059296,1,-57.5,0.46633,923.75,1
138.9,0.41273,0.95081,-0.059296,1,-57.5,0.46633,923.75,1
138.95,0.41273,0.95081,-0.059296,1,-57.5,0.46633,923.75,1
139,0.41273,0.95081,-0.059296,1,-57.5,0.46633,923.75,1
139.25,0.41273,0.95081,-0.059296,4,-56,0.88511,920.25,1
139.33,0.41273,0.95081,-0.059296,4,-56,0.88511,920.25,1
139.38,0.41273,0.95081,-0.059296,4,-56,0.88511,920.25,1
139.4,0.41273,0.95081,-0.059296,4,-56,0.88511,920.25,1
139.45,0.41273,0.95081,-0.059296,4,-56,0.88511,920.25,1
139.47,0.41273,0.95081,-0.059296,4,-56,0.88511,920.25,1
139.53,0.41273,0.95081,-0.059296,3,-67.5,1.1167,922.25,1
139.58,0.41273,0.95081,-0.059296,3,-67.5,1.1167,922.25,1
139.63,0.41273,0.95081,-0.059296,3,-67.5,1.1167,922.25,1
139.65,0.41273,0.95081,-0.059296,3,-67.5,1.1167,922.25,1
139.7,0.41273,0.95081,-0.059296,3,-67.5,1.1167,922.25,1
139.72,0.41273,0.95081,-0.059296,3,-67.5,1.1167,922.25,1
140,0.41273,0.95081,-0.059296,1,-58,0.003068,920.75,1
140.08,0.41273,0.95081,-0.059296,1,-58,0.003068,920.75,1
140.13,0.41273,0.95081,-0.059296,1,-58,0.003068,920.75,1
140.18,0.41273,0.95081,-0.059296,1,-58,0.003068,920.75,1
140.2,0.41273,0.95081,-0.059296,1,-58,0.003068,920.75,1
140.25,0.41273,0.95081,-0.059296,1,-58,0.003068,920.75,1
140.5,0.41273,0.95081,-0.059296,1,-57,4.3841,922.75,1
140.55,0.41273,0.95081,-0.059296,1,-57,4.3841,922.75,1
140.6,0.41273,0.95081,-0.059296,1,-57,4.3841,922.75,1
140.65,0.41273,0.95081,-0.059296,1,-57,4.3841,922.75,1
140.68,0.41273,0.95081,-0.059296,1,-57,4.3841,922.75,1
140.72,0.41273,0.95081,-0.059296,1,-57,4.3841,922.75,1
141.5,0.54171,0.90487,0.043332,4,-57,1.2732,923.25,1
141.58,0.54171,0.90487,0.043332,4,-57,1.2732,923.25,1
141.6,0.54171,0.90487,0.043332,4,-57,1.2732,923.25,1
141.65,0.54171,0.90487,0.043332,4,-57,1.2732,923.25,1
141.7,0.54171,0.90487,0.043332,4,-57,1.2732,923.25,1
141.75,0.54171,0.90487,0.043332,4,-57,1.2732,923.25,1
141.78,0.54171,0.90487,0.043332,1,-64.5,3.9178,920.25,1
141.83,0.54171,0.90487,0.043332,1,-64.5,3.9178,920.25,1
141.85,0.54171,0.90487,0.043332,1,-64.5,3.9178,920.25,1
141.9,0.54171,0.90487,0.043332,1,-64.5,3.9178,920.25,1
141.95,0.54171,0.90487,0.043332,1,-64.5,3.9178,920.25,1
142,0.54171,0.90487,0.043332,1,-64.5,3.9178,920.25,1
143,0.99901,0.31923,0.077541,4,-57.5,5.7647,924.75,3
143.08,0.99901,0.31923,0.077541,4,-57.5,5.7647,924.75,3
143.13,0.99901,0.31923,0.077541,4,-57.5,5.7647,924.75,3
143.18,0.99901,0.31923,0.077541,4,-57.5,5.7647,924.75,3
143.2,0.99901,0.31923,0.077541,4,-57.5,5.7647,924.75,3
143.25,0.99901,0.31923,0.077541,4,-57.5,5.7647,924.75,3
143.3,0.99901,0.31923,0.077541,3,-54.5,0.22396,922.75,3
143.33,0.99901,0.31923,0.077541,3,-54.5,0.22396,922.75,3
143.38,0.99901,0.31923,0.077541,3,-54.5,0.22396,922.75,3
143.43,0.99901,0.31923,0.077541,3,-54.5,0.22396,922.75,3
143.45,0.99901,0.31923,0.077541,3,-54.5,0.22396,922.75,3
143.5,0.99901,0.31923,0.077541,3,-54.5,0.22396,922.75,3
143.55,0.99901,0.31923,0.077541,3,-55,0.10738,922.75,3
143.58,0.99901,0.31923,0.077541,3,-55,0.10738,922.75,3
143.63,0.99901,0.31923,0.077541,3,-55,0.10738,922.75,3
143.65,0.99901,0.31923,0.077541,3,-55,0.10738,922.75,3
143.7,0.99901,0.31923,0.077541,3,-55,0.10738,922.75,3
143.75,0.99901,0.31923,0.077541,3,-55,0.10738,922.75,3
143.8,1.0342,0.16995,-0.21894,4,-66.5,5.7708,921.75,3
143.83,1.0342,0.16995,-0.21894,4,-66.5,5.7708,921.75,3
143.88,1.0342,0.16995,-0.21894,4,-66.5,5.7708,921.75,3
143.93,1.0342,0.16995,-0.21894,4,-66.5,5.7708,921.75,3
143.95,1.0342,0.16995,-0.21894,4,-66.5,5.7708,921.75,3
144,1.0342,0.16995,-0.21894,4,-66.5,5.7708,921.75,3
146.25,1.128,0.032153,-0.12771,4,-62.5,3.6248,923.25,3
146.33,1.128,0.032153,-0.12771,4,-62.5,3.6248,923.25,3
146.38,1.128,0.032153,-0.12771,4,-62.5,3.6248,923.25,3
146.43,1.128,0.032153,-0.12771,4,-62.5,3.6248,923.25,3
146.45,1.128,0.032153,-0.12771,4,-62.5,3.6248,923.25,3
146.5,1.128,0.032153,-0.12771,4,-62.5,3.6248,923.25,3
149.25,1.1514,0.043636,-0.12771,4,-62.5,1.3591,922.25,3
149.33,1.1514,0.043636,-0.12771,4,-62.5,1.3591,922.25,3
149.38,1.1514,0.043636,-0.12771,4,-62.5,1.3591,922.25,3
149.43,1.1514,0.043636,-0.12771,4,-62.5,1.3591,922.25,3
149.45,1.1514,0.043636,-0.12771,4,-62.5,1.3591,922.25,3
149.5,1.1514,0.043636,-0.12771,4,-62.5,1.3591,922.25,3
152.25,1.1045,0.055119,-0.16192,4,-64,5.9181,920.75,3
152.33,1.1045,0.055119,-0.16192,4,-64,5.9181,920.75,3
152.38,1.1045,0.055119,-0.16192,4,-64,5.9181,920.75,3
152.4,1.1045,0.055119,-0.16192,4,-64,5.9181,920.75,3
152.45,1.1045,0.055119,-0.16192,4,-64,5.9181,920.75,3
152.5,1.1045,0.055119,-0.16192,4,-64,5.9181,920.75,3
153,1.1045,0.055119,-0.16192,3,-59.5,1.2548,922.75,3
153.08,1.1045,0.055119,-0.16192,3,-59.5,1.2548,922.75,3
153.13,1.1045,0.055119,-0.16192,3,-59.5,1.2548,922.75,3
153.18,1.1045,0.055119,-0.16192,3,-59.5,1.2548,922.75,3
153.22,1.1045,0.055119,-0.16192,3,-59.5,1.2548,922.75,3
153.25,1.1045,0.055119,-0.16192,3,-59.5,1.2548,922.75,3
153.3,1.1045,0.055119,-0.16192,3,-60,0.64887,923.75,3
153.33,1.1045,0.055119,-0.16192,3,-60,0.64887,923.75,3
153.38,1.1045,0.055119,-0.16192,3,-60,0.64887,923.75,3
153.43,1.1045,0.055119,-0.16192,3,-60,0.64887,923.75,3
153.47,1.1045,0.055119,-0.16192,3,-60,0.64887,923.75,3
153.5,1.1045,0.055119,-0.16192,3,-60,0.64887,923.75,3
154.5,1.1163,0.066602,-0.13912,1,-66.5,1.5064,924.25,3
154.58,1.1163,0.066602,-0.13912,1,-66.5,1.5064,924.25,3
154.63,1.1163,0.066602,-0.13912,1,-66.5,1.5064,924.25,3
154.65,1.1163,0.066602,-0.13912,1,-66.5,1.5064,924.25,3
154.7,1.1163,0.066602,-0.13912,1,-66.5,1.5064,924.25,3
154.75,1.1163,0.066602,-0.13912,1,-66.5,1.5064,924.25,3
155.5,1.1163,0.043636,-0.13912,4,-62.5,4.9885,921.75,3
155.58,1.1163,0.043636,-0.13912,4,-62.5,4.9885,921.75,3
155.63,1.1163,0.043636,-0.13912,4,-62.5,4.9885,921.75,3
155.65,1.1163,0.043636,-0.13912,4,-62.5,4.9885,921.75,3
155.7,1.1163,0.043636,-0.13912,4,-62.5,4.9885,921.75,3
155.75,1.1163,0.043636,-0.13912,4,-62.5,4.9885,921.75,3
157.75,1.1163,0.066602,-0.15052,4,-62,3.9776,922.75,3
157.83,1.1163,0.066602,-0.15052,4,-62,3.9776,922.75,3
157.88,1.1163,0.066602,-0.15052,4,-62,3.9776,922.75,3
157.9,1.1163,0.066602,-0.15052,4,-62,3.9776,922.75,3
157.95,1.1163,0.066602,-0.15052,4,-62,3.9776,922.75,3
158,1.1163,0.066602,-0.15052,4,-62,3.9776,922.75,3
159,1.128,0.055119,-0.13912,3,-59,5.2309,921.25,3
159.08,1.128,0.055119,-0.13912,3,-59,5.2309,921.25,3
159.13,1.128,0.055119,-0.13912,3,-59,5.2309,921.25,3
159.15,1.128,0.055119,-0.13912,3,-59,5.2309,921.25,3
159.2,1.128,0.055119,-0.13912,3,-59,5.2309,921.25,3
159.25,1.128,0.055119,-0.13912,3,-59,5.2309,921.25,3
159.5,1.128,0.055119,-0.13912,4,-64,2.7872,920.75,3
159.58,1.128,0.055119,-0.13912,4,-64,2.7872,920.75,3
159.63,1.128,0.055119,-0.13912,4,-64,2.7872,920.75,3
159.65,1.128,0.055119,-0.13912,4,-64,2.7872,920.75,3
159.7,1.128,0.055119,-0.13912,4,-64,2.7872,920.75,3
159.75,1.128,0.055119,-0.13912,4,-64,2.7872,920.75,3
162,1.3273,-0.01378,-0.059296,3,-61,5.9825,925.25,3
162.08,1.3273,-0.01378,-0.059296,3,-61,5.9825,925.25,3
162.13,1.3273,-0.01378,-0.059296,3,-61,5.9825,925.25,3
162.15,1.3273,-0.01378,-0.059296,3,-61,5.9825,925.25,3
162.2,1.3273,-0.01378,-0.059296,3,-61,5.9825,925.25,3
162.25,1.3273,-0.01378,-0.059296,3,-61,5.9825,925.25,3
162.75,1.3273,-0.01378,-0.059296,3,-59,1.7948,921.75,3
162.83,1.3273,-0.01378,-0.059296,3,-59,1.7948,921.75,3
162.88,1.3273,-0.01378,-0.059296,3,-59,1.7948,921.75,3
162.9,1.3273,-0.01378,-0.059296,3,-59,1.7948,921.75,3
162.95,1.3273,-0.01378,-0.059296,3,-59,1.7948,921.75,3
162.98,1.3273,-0.01378,-0.059296,3,-59,1.7948,921.75,3
163.03,1.3273,-0.01378,-0.059296,3,-60,0.58905,923.75,3
163.08,1.3273,-0.01378,-0.059296,3,-60,0.58905,923.75,3
163.13,1.3273,-0.01378,-0.059296,3,-60,0.58905,923.75,3
163.15,1.3273,-0.01378,-0.059296,3,-60,0.58905,923.75,3
163.2,1.3273,-0.01378,-0.059296,3,-60,0.58905,923.75,3
163.25,1.3273,-0.01378,-0.059296,3,-60,0.58905,923.75,3
164.25,1.2452,-0.01378,-0.093505,3,-60.5,0.28992,924.25,3
164.33,1.2452,-0.01378,-0.093505,3,-60.5,0.28992,924.25,3
164.38,1.2452,-0.01378,-0.093505,3,-60.5,0.28992,924.25,3
164.4,1.2452,-0.01378,-0.093505,3,-60.5,0.28992,924.25,3
164.45,1.2452,-0.01378,-0.093505,3,-60.5,0.28992,924.25,3
164.5,1.2452,-0.01378,-0.093505,3,-60.5,0.28992,924.25,3
166,1.2921,-0.025263,-0.070699,4,-65,0.10278,920.25,3
166.08,1.2921,-0.025263,-0.070699,4,-65,0.10278,920.25,3
166.13,1.2921,-0.025263,-0.070699,4,-65,0.10278,920.25,3
166.15,1.2921,-0.025263,-0.070699,4,-65,0.10278,920.25,3
166.2,1.2921,-0.025263,-0.070699,4,-65,0.10278,920.25,3
166.25,1.2921,-0.025263,-0.070699,4,-65,0.10278,920.25,3
166.5,1.2921,-0.025263,-0.070699,4,-63,5.441,921.25,3
166.58,1.2921,-0.025263,-0.070699,4,-63,5.441,921.25,3
166.63,1.2921,-0.025263,-0.070699,4,-63,5.441,921.25,3
166.68,1.2921,-0.025263,-0.070699,4,-63,5.441,921.25,3
166.7,1.2921,-0.025263,-0.070699,4,-63,5.441,921.25,3
166.75,1.2921,-0.025263,-0.070699,4,-63,5.441,921.25,3
167.75,1.1749,0.055119,-0.12771,3,-59,4.875,921.75,3
167.83,1.1749,0.055119,-0.12771,3,-59,4.875,921.75,3
167.85,1.1749,0.055119,-0.12771,3,-59,4.875,921.75,3
167.9,1.1749,0.055119,-0.12771,3,-59,4.875,921.75,3
167.95,1.1749,0.055119,-0.12771,3,-59,4.875,921.75,3
168,1.1749,0.055119,-0.12771,3,-59,4.875,921.75,3
172.25,1.257,-0.0022966,-0.082102,3,-59.5,4.2614,922.75,3
172.33,1.257,-0.0022966,-0.082102,3,-59.5,4.2614,922.75,3
172.38,1.257,-0.0022966,-0.082102,3,-59.5,4.2614,922.75,3
172.43,1.257,-0.0022966,-0.082102,3,-59.5,4.2614,922.75,3
172.48,1.257,-0.0022966,-0.082102,3,-59.5,4.2614,922.75,3
172.5,1.257,-0.0022966,-0.082102,3,-59.5,4.2614,922.75,3
173.25,1.1749,0.043636,-0.12771,3,-59.5,5.711,920.25,3
173.33,1.1749,0.043636,-0.12771,3,-59.5,5.711,920.25,3
173.38,1.1749,0.043636,-0.12771,3,-59.5,5.711,920.25,3
173.43,1.1749,0.043636,-0.12771,3,-59.5,5.711,920.25,3
173.45,1.1749,0.043636,-0.12771,3,-59.5,5.711,920.25,3
173.5,1.1749,0.043636,-0.12771,3,-59.5,5.711,920.25,3
174,1.1749,0.043636,-0.12771,4,-64.5,5.8951,920.75,3
174.08,1.1749,0.043636,-0.12771,4,-64.5,5.8951,920.75,3
174.13,1.1749,0.043636,-0.12771,4,-64.5,5.8951,920.75,3
174.15,1.1749,0.043636,-0.12771,4,-64.5,5.8951,920.75,3
174.2,1.1749,0.043636,-0.12771,4,-64.5,5.8951,920.75,3
174.25,1.1749,0.043636,-0.12771,4,-64.5,5.8951,920.75,3
178.25,1.2452,-0.025263,-0.082102,4,-62,1.3177,922.25,3
178.33,1.2452,-0.025263,-0.082102,4,-62,1.3177,922.25,3
178.38,1.2452,-0.025263,-0.082102,4,-62,1.3177,922.25,3
178.43,1.2452,-0.025263,-0.082102,4,-62,1.3177,922.25,3
178.45,1.2452,-0.025263,-0.082102,4,-62,1.3177,922.25,3
178.5,1.2452,-0.025263,-0.082102,4,-62,1.3177,922.25,3
181.5,1.2804,-0.0022966,-0.070699,3,-62.5,5.9626,925.25,3
181.6,1.2804,-0.0022966,-0.070699,3,-62.5,5.9626,925.25,3
181.65,1.2804,-0.0022966,-0.070699,3,-62.5,5.9626,925.25,3
181.7,1.2804,-0.0022966,-0.070699,3,-62.5,5.9626,925.25,3
181.73,1.2804,-0.0022966,-0.070699,3,-62.5,5.9626,925.25,3
181.78,1.2804,-0.0022966,-0.070699,3,-62.5,5.9626,925.25,3
183.75,1.1632,0.055119,-0.082102,3,-60,5.484,920.75,3
183.83,1.1632,0.055119,-0.082102,3,-60,5.484,920.75,3
183.88,1.1632,0.055119,-0.082102,3,-60,5.484,920.75,3
183.93,1.1632,0.055119,-0.082102,3,-60,5.484,920.75,3
183.98,1.1632,0.055119,-0.082102,3,-60,5.484,920.75,3
184,1.1632,0.055119,-0.082102,3,-60,5.484,920.75,3
184.5,1.1632,0.055119,-0.082102,3,-60,1.0293,922.75,3
184.58,1.1632,0.055119,-0.082102,3,-60,1.0293,922.75,3
184.63,1.1632,0.055119,-0.082102,3,-60,1.0293,922.75,3
184.65,1.1632,0.055119,-0.082102,3,-60,1.0293,922.75,3
184.7,1.1632,0.055119,-0.082102,3,-60,1.0293,922.75,3
184.75,1.1632,0.055119,-0.082102,3,-60,1.0293,922.75,3
186,1.2101,0.032153,-0.10491,3,-59,5.013,921.25,3
186.08,1.2101,0.032153,-0.10491,3,-59,5.013,921.25,3
186.13,1.2101,0.032153,-0.10491,3,-59,5.013,921.25,3
186.15,1.2101,0.032153,-0.10491,3,-59,5.013,921.25,3
186.2,1.2101,0.032153,-0.10491,3,-59,5.013,921.25,3
186.25,1.2101,0.032153,-0.10491,3,-59,5.013,921.25,3
192,1.1866,0.055119,-0.10491,4,-62,1.6966,921.75,3
192.08,1.1866,0.055119,-0.10491,4,-62,1.6966,921.75,3
192.13,1.1866,0.055119,-0.10491,4,-62,1.6966,921.75,3
192.15,1.1866,0.055119,-0.10491,4,-62,1.6966,921.75,3
192.2,1.1866,0.055119,-0.10491,4,-62,1.6966,921.75,3
192.25,1.1866,0.055119,-0.10491,4,-62,1.6966,921.75,3
196.25,1.2335,0.0091865,-0.093505,3,-59.5,5.257,920.75,3
196.33,1.2335,0.0091865,-0.093505,3,-59.5,5.257,920.75,3
196.38,1.2335,0.0091865,-0.093505,3,-59.5,5.257,920.75,3
196.43,1.2335,0.0091865,-0.093505,3,-59.5,5.257,920.75,3
196.45,1.2335,0.0091865,-0.093505,3,-59.5,5.257,920.75,3
196.5,1.2335,0.0091865,-0.093505,3,-59.5,5.257,920.75,3
198.25,1.1866,0.032153,-0.10491,4,-62.5,2.1123,921.25,3
198.33,1.1866,0.032153,-0.10491,4,-62.5,2.1123,921.25,3
198.38,1.1866,0.032153,-0.10491,4,-62.5,2.1123,921.25,3
198.4,1.1866,0.032153,-0.10491,4,-62.5,2.1123,921.25,3
198.45,1.1866,0.032153,-0.10491,4,-62.5,2.1123,921.25,3
198.5,1.1866,0.032153,-0.10491,4,-62.5,2.1123,921.25,3
199,1.1866,0.032153,-0.10491,4,-61.5,0.65961,922.75,3
199.08,1.1866,0.032153,-0.10491,4,-61.5,0.65961,922.75,3
199.13,1.1866,0.032153,-0.10491,4,-61.5,0.65961,922.75,3
199.15,1.1866,0.032153,-0.10491,4,-61.5,0.65961,922.75,3
199.2,1.1866,0.032153,-0.10491,4,-61.5,0.65961,922.75,3
199.25,1.1866,0.032153,-0.10491,4,-61.5,0.65961,922.75,3
201,1.2218,0.1355,-0.15052,4,-68,4.7691,925.25,3
201.08,1.2218,0.1355,-0.15052,4,-68,4.7691,925.25,3
201.13,1.2218,0.1355,-0.15052,4,-68,4.7691,925.25,3
201.15,1.2218,0.1355,-0.15052,4,-68,4.7691,925.25,3
201.2,1.2218,0.1355,-0.15052,4,-68,4.7691,925.25,3
201.25,1.2218,0.1355,-0.15052,4,-68,4.7691,925.25,3
201.5,0.88175,0.46851,0.088944,1,-58,4.4961,922.75,1
201.58,0.88175,0.46851,0.088944,1,-58,4.4961,922.75,1
201.63,0.88175,0.46851,0.088944,1,-58,4.4961,922.75,1
201.65,0.88175,0.46851,0.088944,1,-58,4.4961,922.75,1
201.7,0.88175,0.46851,0.088944,1,-58,4.4961,922.75,1
201.75,0.88175,0.46851,0.088944,1,-58,4.4961,922.75,1
201.8,0.88175,0.46851,0.088944,1,-60,1.488,921.75,1
201.83,0.88175,0.46851,0.088944,1,-60,1.488,921.75,1
201.88,0.88175,0.46851,0.088944,1,-60,1.488,921.75,1
201.9,0.88175,0.46851,0.088944,1,-60,1.488,921.75,1
201.95,0.88175,0.46851,0.088944,1,-60,1.488,921.75,1
202,0.88175,0.46851,0.088944,1,-60,1.488,921.75,1
202.05,0.88175,0.46851,0.088944,4,-58.5,1.8745,923.75,1
202.08,0.88175,0.46851,0.088944,4,-58.5,1.8745,923.75,1
202.13,0.88175,0.46851,0.088944,4,-58.5,1.8745,923.75,1
202.18,0.88175,0.46851,0.088944,4,-58.5,1.8745,923.75,1
202.2,0.88175,0.46851,0.088944,4,-58.5,1.8745,923.75,1
202.25,0.88175,0.46851,0.088944,4,-58.5,1.8745,923.75,1
202.5,0.88175,0.46851,0.088944,1,-65.5,5.6328,920.25,1
202.58,0.88175,0.46851,0.088944,1,-65.5,5.6328,920.25,1
202.63,0.88175,0.46851,0.088944,1,-65.5,5.6328,920.25,1
202.65,0.88175,0.46851,0.088944,1,-65.5,5.6328,920.25,1
202.7,0.88175,0.46851,0.088944,1,-65.5,5.6328,920.25,1
202.73,0.88175,0.46851,0.088944,1,-65.5,5.6328,920.25,1
203.25,0.88175,0.46851,0.088944,4,-56.5,0.12272,920.75,1
203.33,0.88175,0.46851,0.088944,4,-56.5,0.12272,920.75,1
203.38,0.88175,0.46851,0.088944,4,-56.5,0.12272,920.75,1
203.4,0.88175,0.46851,0.088944,4,-56.5,0.12272,920.75,1
203.45,0.88175,0.46851,0.088944,4,-56.5,0.12272,920.75,1
203.48,0.88175,0.46851,0.088944,4,-56.5,0.12272,920.75,1
204.25,0.34238,0.93932,-0.025087,1,-59.5,5.0422,921.75,1
204.33,0.34238,0.93932,-0.025087,1,-59.5,5.0422,921.75,1
204.35,0.34238,0.93932,-0.025087,1,-59.5,5.0422,921.75,1
204.4,0.34238,0.93932,-0.025087,1,-59.5,5.0422,921.75,1
204.45,0.34238,0.93932,-0.025087,1,-59.5,5.0422,921.75,1
204.48,0.34238,0.93932,-0.025087,1,-59.5,5.0422,921.75,1
205,0.34238,0.93932,-0.025087,1,-61,0.018408,920.25,1
205.08,0.34238,0.93932,-0.025087,1,-61,0.018408,920.25,1
205.13,0.34238,0.93932,-0.025087,1,-61,0.018408,920.25,1
205.18,0.34238,0.93932,-0.025087,1,-61,0.018408,920.25,1
205.2,0.34238,0.93932,-0.025087,1,-61,0.018408,920.25,1
205.25,0.34238,0.93932,-0.025087,1,-61,0.018408,920.25,1
205.28,0.34238,0.93932,-0.025087,1,-59.5,4.5406,922.25,1
205.33,0.34238,0.93932,-0.025087,1,-59.5,4.5406,922.25,1
205.38,0.34238,0.93932,-0.025087,1,-59.5,4.5406,922.25,1
205.4,0.34238,0.93932,-0.025087,1,-59.5,4.5406,922.25,1
205.45,0.34238,0.93932,-0.025087,1,-59.5,4.5406,922.25,1
205.5,0.34238,0.93932,-0.025087,1,-59.5,4.5406,922.25,1
205.53,0.34238,0.93932,-0.025087,4,-57,1.4481,924.25,1
205.58,0.34238,0.93932,-0.025087,4,-57,1.4481,924.25,1
205.63,0.34238,0.93932,-0.025087,4,-57,1.4481,924.25,1
205.65,0.34238,0.93932,-0.025087,4,-57,1.4481,924.25,1
205.7,0.34238,0.93932,-0.025087,4,-57,1.4481,924.25,1
205.75,0.34238,0.93932,-0.025087,4,-57,1.4481,924.25,1
206.25,0.45964,0.92784,-0.0022806,4,-58,0.76392,924.75,1
206.33,0.45964,0.92784,-0.0022806,4,-58,0.76392,924.75,1
206.38,0.45964,0.92784,-0.0022806,4,-58,0.76392,924.75,1
206.4,0.45964,0.92784,-0.0022806,4,-58,0.76392,924.75,1
206.45,0.45964,0.92784,-0.0022806,4,-58,0.76392,924.75,1
206.5,0.45964,0.92784,-0.0022806,4,-58,0.76392,924.75,1
206.53,0.45964,0.92784,-0.0022806,1,-60,4.7584,921.75,1
206.58,0.45964,0.92784,-0.0022806,1,-60,4.7584,921.75,1
206.63,0.45964,0.92784,-0.0022806,1,-60,4.7584,921.75,1
206.65,0.45964,0.92784,-0.0022806,1,-60,4.7584,921.75,1
206.7,0.45964,0.92784,-0.0022806,1,-60,4.7584,921.75,1
206.75,0.45964,0.92784,-0.0022806,1,-60,4.7584,921.75,1
207,0.45964,0.92784,-0.0022806,3,-61,0.51542,925.75,1
207.08,0.45964,0.92784,-0.0022806,3,-61,0.51542,925.75,1
207.13,0.45964,0.92784,-0.0022806,3,-61,0.51542,925.75,1
207.15,0.45964,0.92784,-0.0022806,3,-61,0.51542,925.75,1
207.2,0.45964,0.92784,-0.0022806,3,-61,0.51542,925.75,1
207.23,0.45964,0.92784,-0.0022806,3,-61,0.51542,925.75,1
207.28,0.45964,0.92784,-0.0022806,4,-56.5,5.2324,923.25,1
207.33,0.45964,0.92784,-0.0022806,4,-56.5,5.2324,923.25,1
207.38,0.45964,0.92784,-0.0022806,4,-56.5,5.2324,923.25,1
207.4,0.45964,0.92784,-0.0022806,4,-56.5,5.2324,923.25,1
207.45,0.45964,0.92784,-0.0022806,4,-56.5,5.2324,923.25,1
207.48,0.45964,0.92784,-0.0022806,4,-56.5,5.2324,923.25,1
208,0.40101,0.97377,-0.059296,4,-57,1.2349,924.25,1
208.08,0.40101,0.97377,-0.059296,4,-57,1.2349,924.25,1
208.13,0.40101,0.97377,-0.059296,4,-57,1.2349,924.25,1
208.15,0.40101,0.97377,-0.059296,4,-57,1.2349,924.25,1
208.2,0.40101,0.97377,-0.059296,4,-57,1.2349,924.25,1
208.25,0.40101,0.97377,-0.059296,4,-57,1.2349,924.25,1
208.28,0.40101,0.97377,-0.059296,1,-61,5.4993,920.75,1
208.33,0.40101,0.97377,-0.059296,1,-61,5.4993,920.75,1
208.38,0.40101,0.97377,-0.059296,1,-61,5.4993,920.75,1
208.4,0.40101,0.97377,-0.059296,1,-61,5.4993,920.75,1
208.45,0.40101,0.97377,-0.059296,1,-61,5.4993,920.75,1
208.5,0.40101,0.97377,-0.059296,1,-61,5.4993,920.75,1
208.53,0.40101,0.97377,-0.059296,3,-60.5,1.2333,924.75,1
208.58,0.40101,0.97377,-0.059296,3,-60.5,1.2333,924.75,1
208.63,0.40101,0.97377,-0.059296,3,-60.5,1.2333,924.75,1
208.65,0.40101,0.97377,-0.059296,3,-60.5,1.2333,924.75,1
208.7,0.40101,0.97377,-0.059296,3,-60.5,1.2333,924.75,1
208.75,0.40101,0.97377,-0.059296,3,-60.5,1.2333,924.75,1
209,0.45964,0.93932,-0.013684,1,-59.5,4.7262,921.75,1
209.08,0.45964,0.93932,-0.013684,1,-59.5,4.7262,921.75,1
209.13,0.45964,0.93932,-0.013684,1,-59.5,4.7262,921.75,1
209.18,0.45964,0.93932,-0.013684,1,-59.5,4.7262,921.75,1
209.23,0.45964,0.93932,-0.013684,1,-59.5,4.7262,921.75,1
209.28,0.45964,0.93932,-0.013684,1,-59.5,4.7262,921.75,1
209.5,0.45964,0.93932,-0.013684,4,-56,5.2815,923.25,1
209.58,0.45964,0.93932,-0.013684,4,-56,5.2815,923.25,1
209.63,0.45964,0.93932,-0.013684,4,-56,5.2815,923.25,1
209.68,0.45964,0.93932,-0.013684,4,-56,5.2815,923.25,1
209.73,0.45964,0.93932,-0.013684,4,-56,5.2815,923.25,1
209.75,0.45964,0.93932,-0.013684,4,-56,5.2815,923.25,1
210,0.45964,0.93932,-0.013684,1,-59.5,4.3412,922.25,1
210.08,0.45964,0.93932,-0.013684,1,-59.5,4.3412,922.25,1
210.13,0.45964,0.93932,-0.013684,1,-59.5,4.3412,922.25,1
210.18,0.45964,0.93932,-0.013684,1,-59.5,4.3412,922.25,1
210.2,0.45964,0.93932,-0.013684,1,-59.5,4.3412,922.25,1
210.25,0.45964,0.93932,-0.013684,1,-59.5,4.3412,922.25,1
210.5,0.44791,0.92784,-0.0022806,1,-60,2.5955,924.25,1
210.58,0.44791,0.92784,-0.0022806,1,-60,2.5955,924.25,1
210.63,0.44791,0.92784,-0.0022806,1,-60,2.5955,924.25,1
210.65,0.44791,0.92784,-0.0022806,1,-60,2.5955,924.25,1
210.7,0.44791,0.92784,-0.0022806,1,-60,2.5955,924.25,1
210.75,0.44791,0.92784,-0.0022806,1,-60,2.5955,924.25,1
211.5,0.61207,0.87042,0.043332,1,-60.5,6.1436,923.75,1
211.58,0.61207,0.87042,0.043332,1,-60.5,6.1436,923.75,1
211.6,0.61207,0.87042,0.043332,1,-60.5,6.1436,923.75,1
211.65,0.61207,0.87042,0.043332,1,-60.5,6.1436,923.75,1
211.68,0.61207,0.87042,0.043332,1,-60.5,6.1436,923.75,1
211.73,0.61207,0.87042,0.043332,1,-60.5,6.1436,923.75,1
212.03,0.61207,0.87042,0.043332,1,-60,0.35282,923.25,1
212.08,0.61207,0.87042,0.043332,1,-60,0.35282,923.25,1
212.13,0.61207,0.87042,0.043332,1,-60,0.35282,923.25,1
212.18,0.61207,0.87042,0.043332,1,-60,0.35282,923.25,1
212.2,0.61207,0.87042,0.043332,1,-60,0.35282,923.25,1
212.25,0.61207,0.87042,0.043332,1,-60,0.35282,923.25,1
212.5,0.61207,0.87042,0.043332,1,-61,6.1421,920.25,1
212.58,0.61207,0.87042,0.043332,1,-61,6.1421,920.25,1
212.63,0.61207,0.87042,0.043332,1,-61,6.1421,920.25,1
212.65,0.61207,0.87042,0.043332,1,-61,6.1421,920.25,1
212.7,0.61207,0.87042,0.043332,1,-61,6.1421,920.25,1
212.75,0.61207,0.87042,0.043332,1,-61,6.1421,920.25,1
212.78,0.61207,0.87042,0.043332,1,-59.5,5.303,921.25,1
212.83,0.61207,0.87042,0.043332,1,-59.5,5.303,921.25,1
212.88,0.61207,0.87042,0.043332,1,-59.5,5.303,921.25,1
212.9,0.61207,0.87042,0.043332,1,-59.5,5.303,921.25,1
212.95,0.61207,0.87042,0.043332,1,-59.5,5.303,921.25,1
212.98,0.61207,0.87042,0.043332,1,-59.5,5.303,921.25,1
213.75,0.43619,0.92784,-0.0022806,1,-59.5,4.0083,922.75,1
213.83,0.43619,0.92784,-0.0022806,1,-59.5,4.0083,922.75,1
213.88,0.43619,0.92784,-0.0022806,1,-59.5,4.0083,922.75,1
213.9,0.43619,0.92784,-0.0022806,1,-59.5,4.0083,922.75,1
213.95,0.43619,0.92784,-0.0022806,1,-59.5,4.0083,922.75,1
214,0.43619,0.92784,-0.0022806,1,-59.5,4.0083,922.75,1
214.03,0.43619,0.92784,-0.0022806,4,-56.5,4.8735,923.75,1
214.08,0.43619,0.92784,-0.0022806,4,-56.5,4.8735,923.75,1
214.13,0.43619,0.92784,-0.0022806,4,-56.5,4.8735,923.75,1
214.15,0.43619,0.92784,-0.0022806,4,-56.5,4.8735,923.75,1
214.2,0.43619,0.92784,-0.0022806,4,-56.5,4.8735,923.75,1
214.25,0.43619,0.92784,-0.0022806,4,-56.5,4.8735,923.75,1
214.75,0.36583,0.97377,-0.047893,4,-55.5,5.3521,920.25,1
214.83,0.36583,0.97377,-0.047893,4,-55.5,5.3521,920.25,1
214.88,0.36583,0.97377,-0.047893,4,-55.5,5.3521,920.25,1
214.9,0.36583,0.97377,-0.047893,4,-55.5,5.3521,920.25,1
214.95,0.36583,0.97377,-0.047893,4,-55.5,5.3521,920.25,1
215,0.36583,0.97377,-0.047893,4,-55.5,5.3521,920.25,1
215.5,0.38928,0.97377,-0.025087,1,-60.5,5.7018,920.75,1
215.58,0.38928,0.97377,-0.025087,1,-60.5,5.7018,920.75,1
215.6,0.38928,0.97377,-0.025087,1,-60.5,5.7018,920.75,1
215.65,0.38928,0.97377,-0.025087,1,-60.5,5.7018,920.75,1
215.7,0.38928,0.97377,-0.025087,1,-60.5,5.7018,920.75,1
215.75,0.38928,0.97377,-0.025087,1,-60.5,5.7018,920.75,1
216.25,0.38928,0.97377,-0.025087,1,-60,0.85443,922.75,1
216.33,0.38928,0.97377,-0.025087,1,-60,0.85443,922.75,1
216.38,0.38928,0.97377,-0.025087,1,-60,0.85443,922.75,1
216.4,0.38928,0.97377,-0.025087,1,-60,0.85443,922.75,1
216.45,0.38928,0.97377,-0.025087,1,-60,0.85443,922.75,1
216.48,0.38928,0.97377,-0.025087,1,-60,0.85443,922.75,1
217,0.48309,0.91636,0.020525,4,-56,5.4426,923.25,1
217.08,0.48309,0.91636,0.020525,4,-56,5.4426,923.25,1
217.13,0.48309,0.91636,0.020525,4,-56,5.4426,923.25,1
217.15,0.48309,0.91636,0.020525,4,-56,5.4426,923.25,1
217.2,0.48309,0.91636,0.020525,4,-56,5.4426,923.25,1
217.23,0.48309,0.91636,0.020525,4,-56,5.4426,923.25,1
217.28,0.48309,0.91636,0.020525,1,-60.5,6.2617,920.25,1
217.33,0.48309,0.91636,0.020525,1,-60.5,6.2617,920.25,1
217.38,0.48309,0.91636,0.020525,1,-60.5,6.2617,920.25,1
217.4,0.48309,0.91636,0.020525,1,-60.5,6.2617,920.25,1
217.45,0.48309,0.91636,0.020525,1,-60.5,6.2617,920.25,1
217.48,0.48309,0.91636,0.020525,1,-60.5,6.2617,920.25,1
217.53,0.48309,0.91636,0.020525,1,-59.5,5.3766,921.25,1
217.58,0.48309,0.91636,0.020525,1,-59.5,5.3766,921.25,1
217.63,0.48309,0.91636,0.020525,1,-59.5,5.3766,921.25,1
217.65,0.48309,0.91636,0.020525,1,-59.5,5.3766,921.25,1
217.7,0.48309,0.91636,0.020525,1,-59.5,5.3766,921.25,1
217.73,0.48309,0.91636,0.020525,1,-59.5,5.3766,921.25,1
217.78,0.48309,0.91636,0.020525,4,-57,4.4577,924.25,1
217.83,0.48309,0.91636,0.020525,4,-57,4.4577,924.25,1
217.85,0.48309,0.91636,0.020525,4,-57,4.4577,924.25,1
217.9,0.48309,0.91636,0.020525,4,-57,4.4577,924.25,1
217.95,0.48309,0.91636,0.020525,4,-57,4.4577,924.25,1
217.98,0.48309,0.91636,0.020525,4,-57,4.4577,924.25,1
218.5,0.62379,0.87042,0.054735,1,-59.5,0.79153,922.75,1
218.58,0.62379,0.87042,0.054735,1,-59.5,0.79153,922.75,1
218.63,0.62379,0.87042,0.054735,1,-59.5,0.79153,922.75,1
218.68,0.62379,0.87042,0.054735,1,-59.5,0.79153,922.75,1
218.7,0.62379,0.87042,0.054735,1,-59.5,0.79153,922.75,1
218.75,0.62379,0.87042,0.054735,1,-59.5,0.79153,922.75,1
218.78,0.62379,0.87042,0.054735,1,-59.5,4.8949,921.75,1
218.83,0.62379,0.87042,0.054735,1,-59.5,4.8949,921.75,1
218.88,0.62379,0.87042,0.054735,1,-59.5,4.8949,921.75,1
218.9,0.62379,0.87042,0.054735,1,-59.5,4.8949,921.75,1
218.95,0.62379,0.87042,0.054735,1,-59.5,4.8949,921.75,1
219,0.62379,0.87042,0.054735,1,-59.5,4.8949,921.75,1
219.5,0.62379,0.87042,0.054735,1,-59.5,0.28685,923.25,1
219.58,0.62379,0.87042,0.054735,1,-59.5,0.28685,923.25,1
219.6,0.62379,0.87042,0.054735,1,-59.5,0.28685,923.25,1
219.65,0.62379,0.87042,0.054735,1,-59.5,0.28685,923.25,1
219.7,0.62379,0.87042,0.054735,1,-59.5,0.28685,923.25,1
219.75,0.62379,0.87042,0.054735,1,-59.5,0.28685,923.25,1
219.78,0.62379,0.87042,0.054735,4,-56,0.099709,922.25,1
219.83,0.62379,0.87042,0.054735,4,-56,0.099709,922.25,1
219.85,0.62379,0.87042,0.054735,4,-56,0.099709,922.25,1
219.9,0.62379,0.87042,0.054735,4,-56,0.099709,922.25,1
219.95,0.62379,0.87042,0.054735,4,-56,0.099709,922.25,1
219.98,0.62379,0.87042,0.054735,4,-56,0.099709,922.25,1
220.25,0.36583,0.98526,-0.047893,1,-60,5.8521,924.25,1
220.33,0.36583,0.98526,-0.047893,1,-60,5.8521,924.25,1
220.35,0.36583,0.98526,-0.047893,1,-60,5.8521,924.25,1
220.4,0.36583,0.98526,-0.047893,1,-60,5.8521,924.25,1
220.45,0.36583,0.98526,-0.047893,1,-60,5.8521,924.25,1
220.48,0.36583,0.98526,-0.047893,1,-60,5.8521,924.25,1
220.53,0.36583,0.98526,-0.047893,3,-61,0.53536,925.25,1
220.58,0.36583,0.98526,-0.047893,3,-61,0.53536,925.25,1
220.6,0.36583,0.98526,-0.047893,3,-61,0.53536,925.25,1
220.65,0.36583,0.98526,-0.047893,3,-61,0.53536,925.25,1
220.7,0.36583,0.98526,-0.047893,3,-61,0.53536,925.25,1
220.73,0.36583,0.98526,-0.047893,3,-61,0.53536,925.25,1
220.78,0.36583,0.98526,-0.047893,4,-57.5,0.87284,924.75,1
220.83,0.36583,0.98526,-0.047893,4,-57.5,0.87284,924.75,1
220.85,0.36583,0.98526,-0.047893,4,-57.5,0.87284,924.75,1
220.9,0.36583,0.98526,-0.047893,4,-57.5,0.87284,924.75,1
220.95,0.36583,0.98526,-0.047893,4,-57.5,0.87284,924.75,1
220.98,0.36583,0.98526,-0.047893,4,-57.5,0.87284,924.75,1
221.03,0.36583,0.98526,-0.047893,3,-63,5.2631,922.75,1
221.05,0.36583,0.98526,-0.047893,3,-63,5.2631,922.75,1
221.1,0.36583,0.98526,-0.047893,3,-63,5.2631,922.75,1
221.15,0.36583,0.98526,-0.047893,3,-63,5.2631,922.75,1
221.2,0.36583,0.98526,-0.047893,3,-63,5.2631,922.75,1
221.23,0.36583,0.98526,-0.047893,3,-63,5.2631,922.75,1
221.5,0.36583,0.98526,-0.047893,4,-56.5,4.9701,923.75,1
221.58,0.36583,0.98526,-0.047893,4,-56.5,4.9701,923.75,1
221.63,0.36583,0.98526,-0.047893,4,-56.5,4.9701,923.75,1
221.65,0.36583,0.98526,-0.047893,4,-56.5,4.9701,923.75,1
221.7,0.36583,0.98526,-0.047893,4,-56.5,4.9701,923.75,1
221.75,0.36583,0.98526,-0.047893,4,-56.5,4.9701,923.75,1
221.78,0.36583,0.98526,-0.047893,1,-59.5,3.6447,923.25,1
221.83,0.36583,0.98526,-0.047893,1,-59.5,3.6447,923.25,1
221.88,0.36583,0.98526,-0.047893,1,-59.5,3.6447,923.25,1
221.9,0.36583,0.98526,-0.047893,1,-59.5,3.6447,923.25,1
221.95,0.36583,0.98526,-0.047893,1,-59.5,3.6447,923.25,1
222,0.36583,0.98526,-0.047893,1,-59.5,3.6447,923.25,1
222.5,0.34238,0.97377,-0.047893,1,-59.5,5.3214,921.25,1
222.58,0.34238,0.97377,-0.047893,1,-59.5,5.3214,921.25,1
222.63,0.34238,0.97377,-0.047893,1,-59.5,5.3214,921.25,1
222.68,0.34238,0.97377,-0.047893,1,-59.5,5.3214,921.25,1
222.7,0.34238,0.97377,-0.047893,1,-59.5,5.3214,921.25,1
222.75,0.34238,0.97377,-0.047893,1,-59.5,5.3214,921.25,1
222.8,0.34238,0.97377,-0.047893,1,-60.5,5.7478,920.75,1
222.83,0.34238,0.97377,-0.047893,1,-60.5,5.7478,920.75,1
222.88,0.34238,0.97377,-0.047893,1,-60.5,5.7478,920.75,1
222.9,0.34238,0.97377,-0.047893,1,-60.5,5.7478,920.75,1
222.95,0.34238,0.97377,-0.047893,1,-60.5,5.7478,920.75,1
223,0.34238,0.97377,-0.047893,1,-60.5,5.7478,920.75,1
223.25,0.34238,0.97377,-0.047893,3,-62.5,0.79153,924.75,1
223.33,0.34238,0.97377,-0.047893,3,-62.5,0.79153,924.75,1
223.38,0.34238,0.97377,-0.047893,3,-62.5,0.79153,924.75,1
223.43,0.34238,0.97377,-0.047893,3,-62.5,0.79153,924.75,1
223.45,0.34238,0.97377,-0.047893,3,-62.5,0.79153,924.75,1
223.5,0.34238,0.97377,-0.047893,3,-62.5,0.79153,924.75,1
224.03,0.36583,0.97377,-0.047893,4,-56.5,4.8704,923.75,1
224.1,0.36583,0.97377,-0.047893,4,-56.5,4.8704,923.75,1
224.15,0.36583,0.97377,-0.047893,4,-56.5,4.8704,923.75,1
224.2,0.36583,0.97377,-0.047893,4,-56.5,4.8704,923.75,1
224.25,0.36583,0.97377,-0.047893,4,-56.5,4.8704,923.75,1
224.28,0.36583,0.97377,-0.047893,4,-56.5,4.8704,923.75,1
224.5,0.36583,0.97377,-0.047893,1,-61,6.2111,920.25,1
224.58,0.36583,0.97377,-0.047893,1,-61,6.2111,920.25,1
224.63,0.36583,0.97377,-0.047893,1,-61,6.2111,920.25,1
224.65,0.36583,0.97377,-0.047893,1,-61,6.2111,920.25,1
224.7,0.36583,0.97377,-0.047893,1,-61,6.2111,920.25,1
224.73,0.36583,0.97377,-0.047893,1,-61,6.2111,920.25,1
224.78,0.36583,0.97377,-0.047893,4,-55,1.2548,921.25,1
224.83,0.36583,0.97377,-0.047893,4,-55,1.2548,921.25,1
224.85,0.36583,0.97377,-0.047893,4,-55,1.2548,921.25,1
224.9,0.36583,0.97377,-0.047893,4,-55,1.2548,921.25,1
224.95,0.36583,0.97377,-0.047893,4,-55,1.2548,921.25,1
224.98,0.36583,0.97377,-0.047893,4,-55,1.2548,921.25,1
225.5,0.38928,0.97377,-0.025087,1,-60,1.9896,925.25,1
225.58,0.38928,0.97377,-0.025087,1,-60,1.9896,925.25,1
225.6,0.38928,0.97377,-0.025087,1,-60,1.9896,925.25,1
225.65,0.38928,0.97377,-0.025087,1,-60,1.9896,925.25,1
225.7,0.38928,0.97377,-0.025087,1,-60,1.9896,925.25,1
225.75,0.38928,0.97377,-0.025087,1,-60,1.9896,925.25,1
225.78,0.38928,0.97377,-0.025087,1,-59,4.1709,922.75,1
225.83,0.38928,0.97377,-0.025087,1,-59,4.1709,922.75,1
225.85,0.38928,0.97377,-0.025087,1,-59,4.1709,922.75,1
225.9,0.38928,0.97377,-0.025087,1,-59,4.1709,922.75,1
225.95,0.38928,0.97377,-0.025087,1,-59,4.1709,922.75,1
226,0.38928,0.97377,-0.025087,1,-59,4.1709,922.75,1
226.5,0.50654,0.90487,0.031928,1,-61,1.5739,925.75,1
226.55,0.50654,0.90487,0.031928,1,-61,1.5739,925.75,1
226.58,0.50654,0.90487,0.031928,1,-61,1.5739,925.75,1
226.63,0.50654,0.90487,0.031928,1,-61,1.5739,925.75,1
226.68,0.50654,0.90487,0.031928,1,-61,1.5739,925.75,1
226.73,0.50654,0.90487,0.031928,1,-61,1.5739,925.75,1
226.75,0.50654,0.90487,0.031928,1,-60.5,6.2786,920.25,1
226.8,0.50654,0.90487,0.031928,1,-60.5,6.2786,920.25,1
226.85,0.50654,0.90487,0.031928,1,-60.5,6.2786,920.25,1
226.88,0.50654,0.90487,0.031928,1,-60.5,6.2786,920.25,1
226.93,0.50654,0.90487,0.031928,1,-60.5,6.2786,920.25,1
226.98,0.50654,0.90487,0.031928,1,-60.5,6.2786,920.25,1
227.5,0.51826,0.90487,0.031928,1,-59.5,2.7719,924.25,1
227.6,0.51826,0.90487,0.031928,1,-59.5,2.7719,924.25,1
227.63,0.51826,0.90487,0.031928,1,-59.5,2.7719,924.25,1
227.68,0.51826,0.90487,0.031928,1,-59.5,2.7719,924.25,1
227.7,0.51826,0.90487,0.031928,1,-59.5,2.7719,924.25,1
227.75,0.51826,0.90487,0.031928,1,-59.5,2.7719,924.25,1
227.8,0.51826,0.90487,0.031928,1,-60.5,1.9282,925.25,1
227.85,0.51826,0.90487,0.031928,1,-60.5,1.9282,925.25,1
227.88,0.51826,0.90487,0.031928,1,-60.5,1.9282,925.25,1
227.93,0.51826,0.90487,0.031928,1,-60.5,1.9282,925.25,1
227.95,0.51826,0.90487,0.031928,1,-60.5,1.9282,925.25,1
228,0.51826,0.90487,0.031928,1,-60.5,1.9282,925.25,1
228.25,0.51826,0.90487,0.031928,1,-59.5,0.92806,922.75,1
228.35,0.51826,0.90487,0.031928,1,-59.5,0.92806,922.75,1
228.38,0.51826,0.90487,0.031928,1,-59.5,0.92806,922.75,1
228.43,0.51826,0.90487,0.031928,1,-59.5,0.92806,922.75,1
228.48,0.51826,0.90487,0.031928,1,-59.5,0.92806,922.75,1
228.5,0.51826,0.90487,0.031928,1,-59.5,0.92806,922.75,1
228.55,0.51826,0.90487,0.031928,1,-59,4.9394,921.75,1
228.58,0.51826,0.90487,0.031928,1,-59,4.9394,921.75,1
228.63,0.51826,0.90487,0.031928,1,-59,4.9394,921.75,1
228.68,0.51826,0.90487,0.031928,1,-59,4.9394,921.75,1
228.73,0.51826,0.90487,0.031928,1,-59,4.9394,921.75,1
228.75,0.51826,0.90487,0.031928,1,-59,4.9394,921.75,1
229.5,0.56517,0.89339,0.043332,1,-60.5,0.061359,920.25,1
229.58,0.56517,0.89339,0.043332,1,-60.5,0.061359,920.25,1
229.63,0.56517,0.89339,0.043332,1,-60.5,0.061359,920.25,1
229.68,0.56517,0.89339,0.043332,1,-60.5,0.061359,920.25,1
229.7,0.56517,0.89339,0.043332,1,-60.5,0.061359,920.25,1
229.75,0.56517,0.89339,0.043332,1,-60.5,0.061359,920.25,1
230,0.56517,0.89339,0.043332,4,-56.5,1.4297,924.25,1
230.08,0.56517,0.89339,0.043332,4,-56.5,1.4297,924.25,1
230.1,0.56517,0.89339,0.043332,4,-56.5,1.4297,924.25,1
230.15,0.56517,0.89339,0.043332,4,-56.5,1.4297,924.25,1
230.2,0.56517,0.89339,0.043332,4,-56.5,1.4297,924.25,1
230.23,0.56517,0.89339,0.043332,4,-56.5,1.4297,924.25,1
230.5,0.33066,0.99674,-0.059296,4,-57.5,0.91118,924.75,1
230.58,0.33066,0.99674,-0.059296,4,-57.5,0.91118,924.75,1
230.63,0.33066,0.99674,-0.059296,4,-57.5,0.91118,924.75,1
230.65,0.33066,0.99674,-0.059296,4,-57.5,0.91118,924.75,1
230.7,0.33066,0.99674,-0.059296,4,-57.5,0.91118,924.75,1
230.75,0.33066,0.99674,-0.059296,4,-57.5,0.91118,924.75,1
230.78,0.33066,0.99674,-0.059296,3,-64,1.9037,922.75,1
230.83,0.33066,0.99674,-0.059296,3,-64,1.9037,922.75,1
230.88,0.33066,0.99674,-0.059296,3,-64,1.9037,922.75,1
230.9,0.33066,0.99674,-0.059296,3,-64,1.9037,922.75,1
230.95,0.33066,0.99674,-0.059296,3,-64,1.9037,922.75,1
231,0.33066,0.99674,-0.059296,3,-64,1.9037,922.75,1
231.03,0.33066,0.99674,-0.059296,1,-59,5.0038,921.75,1
231.08,0.33066,0.99674,-0.059296,1,-59,5.0038,921.75,1
231.13,0.33066,0.99674,-0.059296,1,-59,5.0038,921.75,1
231.15,0.33066,0.99674,-0.059296,1,-59,5.0038,921.75,1
231.2,0.33066,0.99674,-0.059296,1,-59,5.0038,921.75,1
231.23,0.33066,0.99674,-0.059296,1,-59,5.0038,921.75,1
232,0.30721,0.98526,-0.059296,4,-55,0.18868,922.25,1
232.08,0.30721,0.98526,-0.059296,4,-55,0.18868,922.25,1
232.13,0.30721,0.98526,-0.059296,4,-55,0.18868,922.25,1
232.15,0.30721,0.98526,-0.059296,4,-55,0.18868,922.25,1
232.2,0.30721,0.98526,-0.059296,4,-55,0.18868,922.25,1
232.23,0.30721,0.98526,-0.059296,4,-55,0.18868,922.25,1
232.28,0.30721,0.98526,-0.059296,1,-59.5,5.418,921.25,1
232.33,0.30721,0.98526,-0.059296,1,-59.5,5.418,921.25,1
232.38,0.30721,0.98526,-0.059296,1,-59.5,5.418,921.25,1
232.4,0.30721,0.98526,-0.059296,1,-59.5,5.418,921.25,1
232.45,0.30721,0.98526,-0.059296,1,-59.5,5.418,921.25,1
232.48,0.30721,0.98526,-0.059296,1,-59.5,5.418,921.25,1
232.53,0.30721,0.98526,-0.059296,1,-60,5.9457,924.25,1
232.58,0.30721,0.98526,-0.059296,1,-60,5.9457,924.25,1
232.63,0.30721,0.98526,-0.059296,1,-60,5.9457,924.25,1
232.65,0.30721,0.98526,-0.059296,1,-60,5.9457,924.25,1
232.7,0.30721,0.98526,-0.059296,1,-60,5.9457,924.25,1
232.73,0.30721,0.98526,-0.059296,1,-60,5.9457,924.25,1
232.78,0.30721,0.98526,-0.059296,3,-62,0.36662,925.25,1
232.83,0.30721,0.98526,-0.059296,3,-62,0.36662,925.25,1
232.88,0.30721,0.98526,-0.059296,3,-62,0.36662,925.25,1
232.9,0.30721,0.98526,-0.059296,3,-62,0.36662,925.25,1
232.95,0.30721,0.98526,-0.059296,3,-62,0.36662,925.25,1
232.98,0.30721,0.98526,-0.059296,3,-62,0.36662,925.25,1
233.5,0.43619,0.93932,-0.0022806,3,-64,5.5162,921.75,1
233.58,0.43619,0.93932,-0.0022806,3,-64,5.5162,921.75,1
233.6,0.43619,0.93932,-0.0022806,3,-64,5.5162,921.75,1
233.65,0.43619,0.93932,-0.0022806,3,-64,5.5162,921.75,1
233.7,0.43619,0.93932,-0.0022806,3,-64,5.5162,921.75,1
233.73,0.43619,0.93932,-0.0022806,3,-64,5.5162,921.75,1
234,0.43619,0.93932,-0.0022806,1,-59,3.7598,923.25,1
234.08,0.43619,0.93932,-0.0022806,1,-59,3.7598,923.25,1
234.1,0.43619,0.93932,-0.0022806,1,-59,3.7598,923.25,1
234.15,0.43619,0.93932,-0.0022806,1,-59,3.7598,923.25,1
234.2,0.43619,0.93932,-0.0022806,1,-59,3.7598,923.25,1
234.23,0.43619,0.93932,-0.0022806,1,-59,3.7598,923.25,1
234.28,0.43619,0.93932,-0.0022806,4,-55.5,5.5085,920.25,1
234.33,0.43619,0.93932,-0.0022806,4,-55.5,5.5085,920.25,1
234.35,0.43619,0.93932,-0.0022806,4,-55.5,5.5085,920.25,1
234.4,0.43619,0.93932,-0.0022806,4,-55.5,5.5085,920.25,1
234.43,0.43619,0.93932,-0.0022806,4,-55.5,5.5085,920.25,1
234.48,0.43619,0.93932,-0.0022806,4,-55.5,5.5085,920.25,1
234.53,0.43619,0.93932,-0.0022806,3,-64,5.3045,922.25,1
234.58,0.43619,0.93932,-0.0022806,3,-64,5.3045,922.25,1
234.6,0.43619,0.93932,-0.0022806,3,-64,5.3045,922.25,1
234.65,0.43619,0.93932,-0.0022806,3,-64,5.3045,922.25,1
234.68,0.43619,0.93932,-0.0022806,3,-64,5.3045,922.25,1
234.73,0.43619,0.93932,-0.0022806,3,-64,5.3045,922.25,1
234.78,0.43619,0.93932,-0.0022806,3,-64.5,5.7724,921.25,1
234.83,0.43619,0.93932,-0.0022806,3,-64.5,5.7724,921.25,1
234.85,0.43619,0.93932,-0.0022806,3,-64.5,5.7724,921.25,1
234.9,0.43619,0.93932,-0.0022806,3,-64.5,5.7724,921.25,1
234.93,0.43619,0.93932,-0.0022806,3,-64.5,5.7724,921.25,1
234.98,0.43619,0.93932,-0.0022806,3,-64.5,5.7724,921.25,1
235.5,0.30721,1.0197,-0.070699,1,-59.5,1.0477,922.75,1
235.58,0.30721,1.0197,-0.070699,1,-59.5,1.0477,922.75,1
235.63,0.30721,1.0197,-0.070699,1,-59.5,1.0477,922.75,1
235.68,0.30721,1.0197,-0.070699,1,-59.5,1.0477,922.75,1
235.7,0.30721,1.0197,-0.070699,1,-59.5,1.0477,922.75,1
235.75,0.30721,1.0197,-0.070699,1,-59.5,1.0477,922.75,1
235.78,0.30721,1.0197,-0.070699,1,-59,5.0453,921.75,1
235.83,0.30721,1.0197,-0.070699,1,-59,5.0453,921.75,1
235.88,0.30721,1.0197,-0.070699,1,-59,5.0453,921.75,1
235.93,0.30721,1.0197,-0.070699,1,-59,5.0453,921.75,1
235.95,0.30721,1.0197,-0.070699,1,-59,5.0453,921.75,1
236,0.30721,1.0197,-0.070699,1,-59,5.0453,921.75,1
236.5,0.30721,1.0197,-0.070699,1,-59.5,0.62126,923.25,1
236.58,0.30721,1.0197,-0.070699,1,-59.5,0.62126,923.25,1
236.63,0.30721,1.0197,-0.070699,1,-59.5,0.62126,923.25,1
236.65,0.30721,1.0197,-0.070699,1,-59.5,0.62126,923.25,1
236.7,0.30721,1.0197,-0.070699,1,-59.5,0.62126,923.25,1
236.75,0.30721,1.0197,-0.070699,1,-59.5,0.62126,923.25,1
237,0.28376,1.0197,-0.093505,1,-59,5.4748,921.25,1
237.08,0.28376,1.0197,-0.093505,1,-59,5.4748,921.25,1
237.13,0.28376,1.0197,-0.093505,1,-59,5.4748,921.25,1
237.18,0.28376,1.0197,-0.093505,1,-59,5.4748,921.25,1
237.2,0.28376,1.0197,-0.093505,1,-59,5.4748,921.25,1
237.25,0.28376,1.0197,-0.093505,1,-59,5.4748,921.25,1
237.5,0.28376,1.0197,-0.093505,1,-59.5,5.8966,920.75,1
237.58,0.28376,1.0197,-0.093505,1,-59.5,5.8966,920.75,1
237.63,0.28376,1.0197,-0.093505,1,-59.5,5.8966,920.75,1
237.68,0.28376,1.0197,-0.093505,1,-59.5,5.8966,920.75,1
237.73,0.28376,1.0197,-0.093505,1,-59.5,5.8966,920.75,1
237.75,0.28376,1.0197,-0.093505,1,-59.5,5.8966,920.75,1
238,0.28376,1.0197,-0.093505,4,-57,0.88817,924.75,1
238.08,0.28376,1.0197,-0.093505,4,-57,0.88817,924.75,1
238.1,0.28376,1.0197,-0.093505,4,-57,0.88817,924.75,1
238.15,0.28376,1.0197,-0.093505,4,-57,0.88817,924.75,1
238.2,0.28376,1.0197,-0.093505,4,-57,0.88817,924.75,1
238.25,0.28376,1.0197,-0.093505,4,-57,0.88817,924.75,1
238.5,0.42446,0.93932,-0.013684,1,-59.5,0.26078,923.75,1
238.58,0.42446,0.93932,-0.013684,1,-59.5,0.26078,923.75,1
238.63,0.42446,0.93932,-0.013684,1,-59.5,0.26078,923.75,1
238.65,0.42446,0.93932,-0.013684,1,-59.5,0.26078,923.75,1
238.7,0.42446,0.93932,-0.013684,1,-59.5,0.26078,923.75,1
238.75,0.42446,0.93932,-0.013684,1,-59.5,0.26078,923.75,1
239,0.42446,0.93932,-0.013684,4,-55.5,5.5668,920.25,1
239.08,0.42446,0.93932,-0.013684,4,-55.5,5.5668,920.25,1
239.1,0.42446,0.93932,-0.013684,4,-55.5,5.5668,920.25,1
239.15,0.42446,0.93932,-0.013684,4,-55.5,5.5668,920.25,1
239.2,0.42446,0.93932,-0.013684,4,-55.5,5.5668,920.25,1
239.23,0.42446,0.93932,-0.013684,4,-55.5,5.5668,920.25,1
239.28,0.42446,0.93932,-0.013684,1,-60,0.21629,920.25,1
239.33,0.42446,0.93932,-0.013684,1,-60,0.21629,920.25,1
239.35,0.42446,0.93932,-0.013684,1,-60,0.21629,920.25,1
239.4,0.42446,0.93932,-0.013684,1,-60,0.21629,920.25,1
239.45,0.42446,0.93932,-0.013684,1,-60,0.21629,920.25,1
239.48,0.42446,0.93932,-0.013684,1,-60,0.21629,920.25,1
239.75,0.43619,0.92784,0.0091224,1,-59.5,6.1221,924.25,1
239.85,0.43619,0.92784,0.0091224,1,-59.5,6.1221,924.25,1
239.88,0.43619,0.92784,0.0091224,1,-59.5,6.1221,924.25,1
239.93,0.43619,0.92784,0.0091224,1,-59.5,6.1221,924.25,1
239.98,0.43619,0.92784,0.0091224,1,-59.5,6.1221,924.25,1
240,0.43619,0.92784,0.0091224,1,-59.5,6.1221,924.25,1
240.05,0.43619,0.92784,0.0091224,1,-60,2.1399,925.25,1
240.1,0.43619,0.92784,0.0091224,1,-60,2.1399,925.25,1
240.13,0.43619,0.92784,0.0091224,1,-60,2.1399,925.25,1
240.18,0.43619,0.92784,0.0091224,1,-60,2.1399,925.25,1
240.23,0.43619,0.92784,0.0091224,1,-60,2.1399,925.25,1
240.25,0.43619,0.92784,0.0091224,1,-60,2.1399,925.25,1
240.5,0.43619,0.92784,0.0091224,4,-56,6.0209,922.75,1
240.58,0.43619,0.92784,0.0091224,4,-56,6.0209,922.75,1
240.63,0.43619,0.92784,0.0091224,4,-56,6.0209,922.75,1
240.65,0.43619,0.92784,0.0091224,4,-56,6.0209,922.75,1
240.7,0.43619,0.92784,0.0091224,4,-56,6.0209,922.75,1
240.75,0.43619,0.92784,0.0091224,4,-56,6.0209,922.75,1
240.78,0.43619,0.92784,0.0091224,3,-65.5,5.1649,921.75,1
240.83,0.43619,0.92784,0.0091224,3,-65.5,5.1649,921.75,1
240.85,0.43619,0.92784,0.0091224,3,-65.5,5.1649,921.75,1
240.9,0.43619,0.92784,0.0091224,3,-65.5,5.1649,921.75,1
240.95,0.43619,0.92784,0.0091224,3,-65.5,5.1649,921.75,1
241,0.43619,0.92784,0.0091224,3,-65.5,5.1649,921.75,1
241.25,0.43619,0.92784,0.0091224,4,-56,5.5085,923.25,1
241.33,0.43619,0.92784,0.0091224,4,-56,5.5085,923.25,1
241.35,0.43619,0.92784,0.0091224,4,-56,5.5085,923.25,1
241.4,0.43619,0.92784,0.0091224,4,-56,5.5085,923.25,1
241.45,0.43619,0.92784,0.0091224,4,-56,5.5085,923.25,1
241.48,0.43619,0.92784,0.0091224,4,-56,5.5085,923.25,1
241.53,0.43619,0.92784,0.0091224,1,-60,0.21169,920.25,1
241.58,0.43619,0.92784,0.0091224,1,-60,0.21169,920.25,1
241.6,0.43619,0.92784,0.0091224,1,-60,0.21169,920.25,1
241.65,0.43619,0.92784,0.0091224,1,-60,0.21169,920.25,1
241.7,0.43619,0.92784,0.0091224,1,-60,0.21169,920.25,1
241.75,0.43619,0.92784,0.0091224,1,-60,0.21169,920.25,1
242.25,0.34238,0.98526,-0.03649,1,-59.5,6.0454,920.75,1
242.33,0.34238,0.98526,-0.03649,1,-59.5,6.0454,920.75,1
242.38,0.34238,0.98526,-0.03649,1,-59.5,6.0454,920.75,1
242.4,0.34238,0.98526,-0.03649,1,-59.5,6.0454,920.75,1
242.45,0.34238,0.98526,-0.03649,1,-59.5,6.0454,920.75,1
242.5,0.34238,0.98526,-0.03649,1,-59.5,6.0454,920.75,1
242.75,0.34238,0.98526,-0.03649,1,-58.5,4.3381,922.75,1
242.85,0.34238,0.98526,-0.03649,1,-58.5,4.3381,922.75,1
242.88,0.34238,0.98526,-0.03649,1,-58.5,4.3381,922.75,1
242.93,0.34238,0.98526,-0.03649,1,-58.5,4.3381,922.75,1
242.95,0.34238,0.98526,-0.03649,1,-58.5,4.3381,922.75,1
243,0.34238,0.98526,-0.03649,1,-58.5,4.3381,922.75,1
243.5,0.50654,0.90487,0.043332,1,-60,1.8055,925.75,1
243.6,0.50654,0.90487,0.043332,1,-60,1.8055,925.75,1
243.63,0.50654,0.90487,0.043332,1,-60,1.8055,925.75,1
243.68,0.50654,0.90487,0.043332,1,-60,1.8055,925.75,1
243.7,0.50654,0.90487,0.043332,1,-60,1.8055,925.75,1
243.75,0.50654,0.90487,0.043332,1,-60,1.8055,925.75,1
244,0.50654,0.90487,0.043332,1,-58,4.7385,922.25,1
244.08,0.50654,0.90487,0.043332,1,-58,4.7385,922.25,1
244.13,0.50654,0.90487,0.043332,1,-58,4.7385,922.25,1
244.15,0.50654,0.90487,0.043332,1,-58,4.7385,922.25,1
244.2,0.50654,0.90487,0.043332,1,-58,4.7385,922.25,1
244.25,0.50654,0.90487,0.043332,1,-58,4.7385,922.25,1
244.5,0.43619,0.93932,0.020525,3,-65.5,0.72864,924.25,1
244.58,0.43619,0.93932,0.020525,3,-65.5,0.72864,924.25,1
244.63,0.43619,0.93932,0.020525,3,-65.5,0.72864,924.25,1
244.68,0.43619,0.93932,0.020525,3,-65.5,0.72864,924.25,1
244.7,0.43619,0.93932,0.020525,3,-65.5,0.72864,924.25,1
244.75,0.43619,0.93932,0.020525,3,-65.5,0.72864,924.25,1
245,0.43619,0.93932,0.020525,1,-59.5,2.5341,924.75,1
245.08,0.43619,0.93932,0.020525,1,-59.5,2.5341,924.75,1
245.1,0.43619,0.93932,0.020525,1,-59.5,2.5341,924.75,1
245.15,0.43619,0.93932,0.020525,1,-59.5,2.5341,924.75,1
245.2,0.43619,0.93932,0.020525,1,-59.5,2.5341,924.75,1
245.25,0.43619,0.93932,0.020525,1,-59.5,2.5341,924.75,1
245.5,0.43619,0.93932,0.020525,1,-58.5,4.2737,922.75,1
245.58,0.43619,0.93932,0.020525,1,-58.5,4.2737,922.75,1
245.6,0.43619,0.93932,0.020525,1,-58.5,4.2737,922.75,1
245.65,0.43619,0.93932,0.020525,1,-58.5,4.2737,922.75,1
245.7,0.43619,0.93932,0.020525,1,-58.5,4.2737,922.75,1
245.73,0.43619,0.93932,0.020525,1,-58.5,4.2737,922.75,1
245.78,0.43619,0.93932,0.020525,4,-55,0.85903,921.75,1
245.83,0.43619,0.93932,0.020525,4,-55,0.85903,921.75,1
245.85,0.43619,0.93932,0.020525,4,-55,0.85903,921.75,1
245.9,0.43619,0.93932,0.020525,4,-55,0.85903,921.75,1
245.95,0.43619,0.93932,0.020525,4,-55,0.85903,921.75,1
245.98,0.43619,0.93932,0.020525,4,-55,0.85903,921.75,1
246.03,0.43619,0.93932,0.020525,1,-59,3.3886,923.75,1
246.08,0.43619,0.93932,0.020525,1,-59,3.3886,923.75,1
246.1,0.43619,0.93932,0.020525,1,-59,3.3886,923.75,1
246.15,0.43619,0.93932,0.020525,1,-59,3.3886,923.75,1
246.2,0.43619,0.93932,0.020525,1,-59,3.3886,923.75,1
246.23,0.43619,0.93932,0.020525,1,-59,3.3886,923.75,1
246.28,0.43619,0.93932,0.020525,1,-59,0.65654,923.25,1
246.33,0.43619,0.93932,0.020525,1,-59,0.65654,923.25,1
246.35,0.43619,0.93932,0.020525,1,-59,0.65654,923.25,1
246.4,0.43619,0.93932,0.020525,1,-59,0.65654,923.25,1
246.45,0.43619,0.93932,0.020525,1,-59,0.65654,923.25,1
246.48,0.43619,0.93932,0.020525,1,-59,0.65654,923.25,1
246.53,0.43619,0.93932,0.020525,4,-55.5,5.5193,920.25,1
246.58,0.43619,0.93932,0.020525,4,-55.5,5.5193,920.25,1
246.6,0.43619,0.93932,0.020525,4,-55.5,5.5193,920.25,1
246.65,0.43619,0.93932,0.020525,4,-55.5,5.5193,920.25,1
246.7,0.43619,0.93932,0.020525,4,-55.5,5.5193,920.25,1
246.73,0.43619,0.93932,0.020525,4,-55.5,5.5193,920.25,1
246.78,0.34238,0.99674,-0.03649,1,-59,5.6021,921.25,1
246.83,0.34238,0.99674,-0.03649,1,-59,5.6021,921.25,1
246.85,0.34238,0.99674,-0.03649,1,-59,5.6021,921.25,1
246.9,0.34238,0.99674,-0.03649,1,-59,5.6021,921.25,1
246.95,0.34238,0.99674,-0.03649,1,-59,5.6021,921.25,1
246.98,0.34238,0.99674,-0.03649,1,-59,5.6021,921.25,1
247.25,0.34238,0.99674,-0.03649,1,-59.5,6.0608,920.75,1
247.33,0.34238,0.99674,-0.03649,1,-59.5,6.0608,920.75,1
247.38,0.34238,0.99674,-0.03649,1,-59.5,6.0608,920.75,1
247.4,0.34238,0.99674,-0.03649,1,-59.5,6.0608,920.75,1
247.45,0.34238,0.99674,-0.03649,1,-59.5,6.0608,920.75,1
247.5,0.34238,0.99674,-0.03649,1,-59.5,6.0608,920.75,1
247.75,0.34238,0.99674,-0.03649,1,-58.5,4.3304,922.75,1
247.83,0.34238,0.99674,-0.03649,1,-58.5,4.3304,922.75,1
247.88,0.34238,0.99674,-0.03649,1,-58.5,4.3304,922.75,1
247.9,0.34238,0.99674,-0.03649,1,-58.5,4.3304,922.75,1
247.95,0.34238,0.99674,-0.03649,1,-58.5,4.3304,922.75,1
248,0.34238,0.99674,-0.03649,1,-58.5,4.3304,922.75,1
248.03,0.34238,0.99674,-0.03649,4,-55.5,0.8667,921.75,1
248.08,0.34238,0.99674,-0.03649,4,-55.5,0.8667,921.75,1
248.13,0.34238,0.99674,-0.03649,4,-55.5,0.8667,921.75,1
248.15,0.34238,0.99674,-0.03649,4,-55.5,0.8667,921.75,1
248.2,0.34238,0.99674,-0.03649,4,-55.5,0.8667,921.75,1
248.25,0.34238,0.99674,-0.03649,4,-55.5,0.8667,921.75,1
248.75,0.51826,0.89339,0.043332,4,-55.5,5.507,923.25,1
248.83,0.51826,0.89339,0.043332,4,-55.5,5.507,923.25,1
248.88,0.51826,0.89339,0.043332,4,-55.5,5.507,923.25,1
248.93,0.51826,0.89339,0.043332,4,-55.5,5.507,923.25,1
248.95,0.51826,0.89339,0.043332,4,-55.5,5.507,923.25,1
249,0.51826,0.89339,0.043332,4,-55.5,5.507,923.25,1
249.05,0.51826,0.89339,0.043332,3,-66,5.9472,920.25,1
249.08,0.51826,0.89339,0.043332,3,-66,5.9472,920.25,1
249.13,0.51826,0.89339,0.043332,3,-66,5.9472,920.25,1
249.18,0.51826,0.89339,0.043332,3,-66,5.9472,920.25,1
249.2,0.51826,0.89339,0.043332,3,-66,5.9472,920.25,1
249.25,0.51826,0.89339,0.043332,3,-66,5.9472,920.25,1
249.3,0.51826,0.89339,0.043332,3,-65.5,1.8592,922.25,1
249.33,0.51826,0.89339,0.043332,3,-65.5,1.8592,922.25,1
249.38,0.51826,0.89339,0.043332,3,-65.5,1.8592,922.25,1
249.45,0.51826,0.89339,0.043332,3,-65.5,1.8592,922.25,1
249.5,0.51826,0.89339,0.043332,3,-65.5,1.8592,922.25,1
250,0.58862,0.88191,0.043332,1,-58.5,4.2399,922.75,1
250.08,0.58862,0.88191,0.043332,1,-58.5,4.2399,922.75,1
250.13,0.58862,0.88191,0.043332,1,-58.5,4.2399,922.75,1
250.15,0.58862,0.88191,0.043332,1,-58.5,4.2399,922.75,1
250.2,0.58862,0.88191,0.043332,1,-58.5,4.2399,922.75,1
250.5,0.58862,0.88191,0.043332,1,-58.5,5.1097,921.75,1
250.58,0.58862,0.88191,0.043332,1,-58.5,5.1097,921.75,1
250.63,0.58862,0.88191,0.043332,1,-58.5,5.1097,921.75,1
250.65,0.58862,0.88191,0.043332,1,-58.5,5.1097,921.75,1
250.7,0.58862,0.88191,0.043332,1,-58.5,5.1097,921.75,1
250.75,0.58862,0.88191,0.043332,1,-58.5,5.1097,921.75,1
250.78,0.58862,0.88191,0.043332,3,-64.5,6.1068,925.75,1
250.83,0.58862,0.88191,0.043332,3,-64.5,6.1068,925.75,1
250.88,0.58862,0.88191,0.043332,3,-64.5,6.1068,925.75,1
250.93,0.58862,0.88191,0.043332,3,-64.5,6.1068,925.75,1
250.95,0.58862,0.88191,0.043332,3,-64.5,6.1068,925.75,1
251,0.58862,0.88191,0.043332,3,-64.5,6.1068,925.75,1
251.5,0.33066,0.98526,-0.047893,1,-59,5.5545,921.25,1
251.58,0.33066,0.98526,-0.047893,1,-59,5.5545,921.25,1
251.63,0.33066,0.98526,-0.047893,1,-59,5.5545,921.25,1
251.68,0.33066,0.98526,-0.047893,1,-59,5.5545,921.25,1
251.7,0.33066,0.98526,-0.047893,1,-59,5.5545,921.25,1
251.75,0.33066,0.98526,-0.047893,1,-59,5.5545,921.25,1
252,0.33066,0.98526,-0.047893,1,-59.5,6.0868,924.25,1
252.08,0.33066,0.98526,-0.047893,1,-59.5,6.0868,924.25,1
252.13,0.33066,0.98526,-0.047893,1,-59.5,6.0868,924.25,1
252.2,0.33066,0.98526,-0.047893,1,-59.5,6.0868,924.25,1
252.25,0.33066,0.98526,-0.047893,1,-59.5,6.0868,924.25,1
252.3,0.33066,0.98526,-0.047893,1,-59.5,2.1215,925.25,1
252.33,0.33066,0.98526,-0.047893,1,-59.5,2.1215,925.25,1
252.38,0.33066,0.98526,-0.047893,1,-59.5,2.1215,925.25,1
252.4,0.33066,0.98526,-0.047893,1,-59.5,2.1215,925.25,1
252.45,0.33066,0.98526,-0.047893,1,-59.5,2.1215,925.25,1
252.5,0.33066,0.98526,-0.047893,1,-59.5,2.1215,925.25,1
252.55,0.33066,0.98526,-0.047893,1,-58.5,4.2737,922.75,1
252.63,0.33066,0.98526,-0.047893,1,-58.5,4.2737,922.75,1
252.68,0.33066,0.98526,-0.047893,1,-58.5,4.2737,922.75,1
252.7,0.33066,0.98526,-0.047893,1,-58.5,4.2737,922.75,1
252.75,0.33066,0.98526,-0.047893,1,-58.5,4.2737,922.75,1
252.8,0.33066,0.98526,-0.047893,1,-58,5.1204,921.75,1
252.83,0.33066,0.98526,-0.047893,1,-58,5.1204,921.75,1
252.88,0.33066,0.98526,-0.047893,1,-58,5.1204,921.75,1
252.93,0.33066,0.98526,-0.047893,1,-58,5.1204,921.75,1
252.95,0.33066,0.98526,-0.047893,1,-58,5.1204,921.75,1
253,0.33066,0.98526,-0.047893,1,-58,5.1204,921.75,1
253.05,0.33066,0.98526,-0.047893,1,-59,0.22396,923.75,1
253.08,0.33066,0.98526,-0.047893,1,-59,0.22396,923.75,1
253.13,0.33066,0.98526,-0.047893,1,-59,0.22396,923.75,1
253.18,0.33066,0.98526,-0.047893,1,-59,0.22396,923.75,1
253.2,0.33066,0.98526,-0.047893,1,-59,0.22396,923.75,1
253.25,0.33066,0.98526,-0.047893,1,-59,0.22396,923.75,1
253.75,0.37756,0.96229,-0.03649,1,-60.5,0.158,920.25,1
253.83,0.37756,0.96229,-0.03649,1,-60.5,0.158,920.25,1
253.88,0.37756,0.96229,-0.03649,1,-60.5,0.158,920.25,1
253.93,0.37756,0.96229,-0.03649,1,-60.5,0.158,920.25,1
253.95,0.37756,0.96229,-0.03649,1,-60.5,0.158,920.25,1
254,0.37756,0.96229,-0.03649,1,-60.5,0.158,920.25,1
254.03,0.37756,0.96229,-0.03649,1,-59.5,5.7217,921.25,1
254.08,0.37756,0.96229,-0.03649,1,-59.5,5.7217,921.25,1
254.13,0.37756,0.96229,-0.03649,1,-59.5,5.7217,921.25,1
254.18,0.37756,0.96229,-0.03649,1,-59.5,5.7217,921.25,1
254.2,0.37756,0.96229,-0.03649,1,-59.5,5.7217,921.25,1
254.25,0.37756,0.96229,-0.03649,1,-59.5,5.7217,921.25,1
254.5,0.20168,1.0427,-0.093505,1,-63,0.16874,920.75,1
254.58,0.20168,1.0427,-0.093505,1,-63,0.16874,920.75,1
254.63,0.20168,1.0427,-0.093505,1,-63,0.16874,920.75,1
254.65,0.20168,1.0427,-0.093505,1,-63,0.16874,920.75,1
254.7,0.20168,1.0427,-0.093505,1,-63,0.16874,920.75,1
254.75,0.20168,1.0427,-0.093505,1,-63,0.16874,920.75,1
256.25,0.63552,0.88191,0.088944,4,-56.5,4.6848,922.25,4
256.32,0.63552,0.88191,0.088944,4,-56.5,4.6848,922.25,4
256.38,0.63552,0.88191,0.088944,4,-56.5,4.6848,922.25,4
256.43,0.63552,0.88191,0.088944,4,-56.5,4.6848,922.25,4
256.45,0.63552,0.88191,0.088944,4,-56.5,4.6848,922.25,4
256.5,0.63552,0.88191,0.088944,4,-56.5,4.6848,922.25,4
265,0.084423,1.0771,0.066138,1,-55,5.78,921.75,1
265.1,0.084423,1.0771,0.066138,1,-55,5.78,921.75,1
265.13,0.084423,1.0771,0.066138,1,-55,5.78,921.75,1
265.18,0.084423,1.0771,0.066138,1,-55,5.78,921.75,1
265.23,0.084423,1.0771,0.066138,1,-55,5.78,921.75,1
265.25,0.084423,1.0771,0.066138,1,-55,5.78,921.75,1
265.5,0.084423,1.0771,0.066138,4,-57,5.9396,923.25,1
265.55,0.084423,1.0771,0.066138,4,-57,5.9396,923.25,1
265.6,0.084423,1.0771,0.066138,4,-57,5.9396,923.25,1
265.65,0.084423,1.0771,0.066138,4,-57,5.9396,923.25,1
265.68,0.084423,1.0771,0.066138,4,-57,5.9396,923.25,1
265.73,0.084423,1.0771,0.066138,4,-57,5.9396,923.25,1
265.78,0.084423,1.0771,0.066138,3,-61,5.0851,923.25,1
265.8,0.084423,1.0771,0.066138,3,-61,5.0851,923.25,1
265.85,0.084423,1.0771,0.066138,3,-61,5.0851,923.25,1
265.9,0.084423,1.0771,0.066138,3,-61,5.0851,923.25,1
265.95,0.084423,1.0771,0.066138,3,-61,5.0851,923.25,1
265.98,0.084423,1.0771,0.066138,3,-61,5.0851,923.25,1
266.25,1.1045,0.31923,0.33981,1,-59,1.379,924.25,3
266.32,1.1045,0.31923,0.33981,1,-59,1.379,924.25,3
266.38,1.1045,0.31923,0.33981,1,-59,1.379,924.25,3
266.4,1.1045,0.31923,0.33981,1,-59,1.379,924.25,3
266.45,1.1045,0.31923,0.33981,1,-59,1.379,924.25,3
266.5,1.1045,0.31923,0.33981,1,-59,1.379,924.25,3
266.53,1.1045,0.31923,0.33981,3,-54,6.162,924.25,3
266.57,1.1045,0.31923,0.33981,3,-54,6.162,924.25,3
266.63,1.1045,0.31923,0.33981,3,-54,6.162,924.25,3
266.65,1.1045,0.31923,0.33981,3,-54,6.162,924.25,3
266.7,1.1045,0.31923,0.33981,3,-54,6.162,924.25,3
266.75,1.1045,0.31923,0.33981,3,-54,6.162,924.25,3
266.78,1.2218,0.11254,-0.0022806,1,-57,5.6236,925.25,3
266.82,1.2218,0.11254,-0.0022806,1,-57,5.6236,925.25,3
266.88,1.2218,0.11254,-0.0022806,1,-57,5.6236,925.25,3
266.9,1.2218,0.11254,-0.0022806,1,-57,5.6236,925.25,3
266.95,1.2218,0.11254,-0.0022806,1,-57,5.6236,925.25,3
267,1.2218,0.11254,-0.0022806,1,-57,5.6236,925.25,3
267.05,1.2218,0.11254,-0.0022806,4,-66,5.1174,925.25,3
267.07,1.2218,0.11254,-0.0022806,4,-66,5.1174,925.25,3
267.13,1.2218,0.11254,-0.0022806,4,-66,5.1174,925.25,3
267.15,1.2218,0.11254,-0.0022806,4,-66,5.1174,925.25,3
267.2,1.2218,0.11254,-0.0022806,4,-66,5.1174,925.25,3
267.25,1.2218,0.11254,-0.0022806,4,-66,5.1174,925.25,3
267.28,1.2218,0.11254,-0.0022806,3,-57.5,5.8797,922.75,3
267.32,1.2218,0.11254,-0.0022806,3,-57.5,5.8797,922.75,3
267.38,1.2218,0.11254,-0.0022806,3,-57.5,5.8797,922.75,3
267.4,1.2218,0.11254,-0.0022806,3,-57.5,5.8797,922.75,3
267.45,1.2218,0.11254,-0.0022806,3,-57.5,5.8797,922.75,3
267.5,1.2218,0.11254,-0.0022806,3,-57.5,5.8797,922.75,3
268,1.128,-0.059712,-0.10491,4,-61,0.50775,923.25,3
268.07,1.128,-0.059712,-0.10491,4,-61,0.50775,923.25,3
268.13,1.128,-0.059712,-0.10491,4,-61,0.50775,923.25,3
268.15,1.128,-0.059712,-0.10491,4,-61,0.50775,923.25,3
268.2,1.128,-0.059712,-0.10491,4,-61,0.50775,923.25,3
268.25,1.128,-0.059712,-0.10491,4,-61,0.50775,923.25,3
269,1.128,-0.059712,-0.10491,3,-59.5,5.7892,920.75,3
269.07,1.128,-0.059712,-0.10491,3,-59.5,5.7892,920.75,3
269.13,1.128,-0.059712,-0.10491,3,-59.5,5.7892,920.75,3
269.15,1.128,-0.059712,-0.10491,3,-59.5,5.7892,920.75,3
269.2,1.128,-0.059712,-0.10491,3,-59.5,5.7892,920.75,3
269.25,1.128,-0.059712,-0.10491,3,-59.5,5.7892,920.75,3
272.75,1.128,0.02067,-0.12771,4,-61,0.23623,923.25,3
272.82,1.128,0.02067,-0.12771,4,-61,0.23623,923.25,3
272.88,1.128,0.02067,-0.12771,4,-61,0.23623,923.25,3
272.93,1.128,0.02067,-0.12771,4,-61,0.23623,923.25,3
272.95,1.128,0.02067,-0.12771,4,-61,0.23623,923.25,3
273,1.128,0.02067,-0.12771,4,-61,0.23623,923.25,3
274,1.1632,-0.0022966,-0.082102,4,-62,4.4317,925.25,3
274.07,1.1632,-0.0022966,-0.082102,4,-62,4.4317,925.25,3
274.13,1.1632,-0.0022966,-0.082102,4,-62,4.4317,925.25,3
274.18,1.1632,-0.0022966,-0.082102,4,-62,4.4317,925.25,3
274.2,1.1632,-0.0022966,-0.082102,4,-62,4.4317,925.25,3
274.25,1.1632,-0.0022966,-0.082102,4,-62,4.4317,925.25,3
274.5,1.1632,-0.0022966,-0.082102,4,-61,3.9807,922.75,3
274.57,1.1632,-0.0022966,-0.082102,4,-61,3.9807,922.75,3
274.63,1.1632,-0.0022966,-0.082102,4,-61,3.9807,922.75,3
274.68,1.1632,-0.0022966,-0.082102,4,-61,3.9807,922.75,3
274.7,1.1632,-0.0022966,-0.082102,4,-61,3.9807,922.75,3
274.75,1.1632,-0.0022966,-0.082102,4,-61,3.9807,922.75,3
276.25,1.1514,0.02067,-0.10491,1,-64.5,5.5361,924.25,3
276.32,1.1514,0.02067,-0.10491,1,-64.5,5.5361,924.25,3
276.38,1.1514,0.02067,-0.10491,1,-64.5,5.5361,924.25,3
276.4,1.1514,0.02067,-0.10491,1,-64.5,5.5361,924.25,3
276.45,1.1514,0.02067,-0.10491,1,-64.5,5.5361,924.25,3
276.5,1.1514,0.02067,-0.10491,1,-64.5,5.5361,924.25,3
277,1.1514,0.02067,-0.10491,3,-59.5,1.2977,922.75,3
277.07,1.1514,0.02067,-0.10491,3,-59.5,1.2977,922.75,3
277.13,1.1514,0.02067,-0.10491,3,-59.5,1.2977,922.75,3
277.15,1.1514,0.02067,-0.10491,3,-59.5,1.2977,922.75,3
277.2,1.1514,0.02067,-0.10491,3,-59.5,1.2977,922.75,3
277.25,1.1514,0.02067,-0.10491,3,-59.5,1.2977,922.75,3
278,1.1397,0.02067,-0.11631,4,-63.5,0.046019,920.25,3
278.07,1.1397,0.02067,-0.11631,4,-63.5,0.046019,920.25,3
278.13,1.1397,0.02067,-0.11631,4,-63.5,0.046019,920.25,3
278.18,1.1397,0.02067,-0.11631,4,-63.5,0.046019,920.25,3
278.2,1.1397,0.02067,-0.11631,4,-63.5,0.046019,920.25,3
278.25,1.1397,0.02067,-0.11631,4,-63.5,0.046019,920.25,3
278.3,1.1397,0.02067,-0.11631,3,-59,5.2922,921.25,3
278.32,1.1397,0.02067,-0.11631,3,-59,5.2922,921.25,3
278.38,1.1397,0.02067,-0.11631,3,-59,5.2922,921.25,3
278.43,1.1397,0.02067,-0.11631,3,-59,5.2922,921.25,3
278.45,1.1397,0.02067,-0.11631,3,-59,5.2922,921.25,3
278.5,1.1397,0.02067,-0.11631,3,-59,5.2922,921.25,3
278.75,1.1397,0.02067,-0.11631,3,-59,5.5806,920.75,3
278.82,1.1397,0.02067,-0.11631,3,-59,5.5806,920.75,3
278.88,1.1397,0.02067,-0.11631,3,-59,5.5806,920.75,3
278.93,1.1397,0.02067,-0.11631,3,-59,5.5806,920.75,3
278.95,1.1397,0.02067,-0.11631,3,-59,5.5806,920.75,3
279,1.1397,0.02067,-0.11631,3,-59,5.5806,920.75,3
280.75,1.128,0.02067,-0.11631,4,-61.5,5.349,921.25,3
280.82,1.128,0.02067,-0.11631,4,-61.5,5.349,921.25,3
280.88,1.128,0.02067,-0.11631,4,-61.5,5.349,921.25,3
280.93,1.128,0.02067,-0.11631,4,-61.5,5.349,921.25,3
280.95,1.128,0.02067,-0.11631,4,-61.5,5.349,921.25,3
281,1.128,0.02067,-0.11631,4,-61.5,5.349,921.25,3
282.25,1.128,0.032153,-0.11631,3,-61.5,5.7432,925.75,3
282.32,1.128,0.032153,-0.11631,3,-61.5,5.7432,925.75,3
282.38,1.128,0.032153,-0.11631,3,-61.5,5.7432,925.75,3
282.4,1.128,0.032153,-0.11631,3,-61.5,5.7432,925.75,3
282.45,1.128,0.032153,-0.11631,3,-61.5,5.7432,925.75,3
282.5,1.128,0.032153,-0.11631,3,-61.5,5.7432,925.75,3
283.25,1.1045,0.032153,-0.11631,4,-61.5,5.3643,921.25,3
283.32,1.1045,0.032153,-0.11631,4,-61.5,5.3643,921.25,3
283.38,1.1045,0.032153,-0.11631,4,-61.5,5.3643,921.25,3
283.43,1.1045,0.032153,-0.11631,4,-61.5,5.3643,921.25,3
283.45,1.1045,0.032153,-0.11631,4,-61.5,5.3643,921.25,3
283.5,1.1045,0.032153,-0.11631,4,-61.5,5.3643,921.25,3
284,1.1045,0.032153,-0.11631,4,-61.5,1.7319,924.75,3
284.07,1.1045,0.032153,-0.11631,4,-61.5,1.7319,924.75,3
284.1,1.1045,0.032153,-0.11631,4,-61.5,1.7319,924.75,3
284.15,1.1045,0.032153,-0.11631,4,-61.5,1.7319,924.75,3
284.2,1.1045,0.032153,-0.11631,4,-61.5,1.7319,924.75,3
284.25,1.1045,0.032153,-0.11631,4,-61.5,1.7319,924.75,3
285.25,1.1514,0.032153,-0.10491,3,-59.5,5.9012,920.25,3
285.32,1.1514,0.032153,-0.10491,3,-59.5,5.9012,920.25,3
285.38,1.1514,0.032153,-0.10491,3,-59.5,5.9012,920.25,3
285.4,1.1514,0.032153,-0.10491,3,-59.5,5.9012,920.25,3
285.45,1.1514,0.032153,-0.10491,3,-59.5,5.9012,920.25,3
285.5,1.1514,0.032153,-0.10491,3,-59.5,5.9012,920.25,3
286.75,1.3039,-0.036746,-0.03649,1,-65,0.27918,922.75,3
286.82,1.3039,-0.036746,-0.03649,1,-65,0.27918,922.75,3
286.85,1.3039,-0.036746,-0.03649,1,-65,0.27918,922.75,3
286.9,1.3039,-0.036746,-0.03649,1,-65,0.27918,922.75,3
286.95,1.3039,-0.036746,-0.03649,1,-65,0.27918,922.75,3
287,1.3039,-0.036746,-0.03649,1,-65,0.27918,922.75,3
290.25,1.3273,-0.048229,-0.03649,4,-63,0.010738,920.25,3
290.32,1.3273,-0.048229,-0.03649,4,-63,0.010738,920.25,3
290.38,1.3273,-0.048229,-0.03649,4,-63,0.010738,920.25,3
290.4,1.3273,-0.048229,-0.03649,4,-63,0.010738,920.25,3
290.45,1.3273,-0.048229,-0.03649,4,-63,0.010738,920.25,3
290.5,1.3273,-0.048229,-0.03649,4,-63,0.010738,920.25,3
290.53,1.3273,-0.048229,-0.03649,4,-61.5,5.3475,921.25,3
290.57,1.3273,-0.048229,-0.03649,4,-61.5,5.3475,921.25,3
290.63,1.3273,-0.048229,-0.03649,4,-61.5,5.3475,921.25,3
290.65,1.3273,-0.048229,-0.03649,4,-61.5,5.3475,921.25,3
290.7,1.3273,-0.048229,-0.03649,4,-61.5,5.3475,921.25,3
290.75,1.3273,-0.048229,-0.03649,4,-61.5,5.3475,921.25,3
294.25,1.1163,0.032153,-0.10491,4,-61,4.875,921.75,3
294.32,1.1163,0.032153,-0.10491,4,-61,4.875,921.75,3
294.38,1.1163,0.032153,-0.10491,4,-61,4.875,921.75,3
294.4,1.1163,0.032153,-0.10491,4,-61,4.875,921.75,3
294.45,1.1163,0.032153,-0.10491,4,-61,4.875,921.75,3
294.5,1.1163,0.032153,-0.10491,4,-61,4.875,921.75,3
296,1.3273,-0.036746,-0.047893,4,-62,4.4133,925.25,3
296.07,1.3273,-0.036746,-0.047893,4,-62,4.4133,925.25,3
296.13,1.3273,-0.036746,-0.047893,4,-62,4.4133,925.25,3
296.18,1.3273,-0.036746,-0.047893,4,-62,4.4133,925.25,3
296.2,1.3273,-0.036746,-0.047893,4,-62,4.4133,925.25,3
296.25,1.3273,-0.036746,-0.047893,4,-62,4.4133,925.25,3
296.5,1.3273,-0.036746,-0.047893,3,-59,4.964,921.75,3
296.57,1.3273,-0.036746,-0.047893,3,-59,4.964,921.75,3
296.63,1.3273,-0.036746,-0.047893,3,-59,4.964,921.75,3
296.65,1.3273,-0.036746,-0.047893,3,-59,4.964,921.75,3
296.7,1.3273,-0.036746,-0.047893,3,-59,4.964,921.75,3
296.73,1.3273,-0.036746,-0.047893,3,-59,4.964,921.75,3
297.25,1.3273,-0.036746,-0.047893,4,-61,0.16874,923.25,3
297.35,1.3273,-0.036746,-0.047893,4,-61,0.16874,923.25,3
297.38,1.3273,-0.036746,-0.047893,4,-61,0.16874,923.25,3
297.43,1.3273,-0.036746,-0.047893,4,-61,0.16874,923.25,3
297.45,1.3273,-0.036746,-0.047893,4,-61,0.16874,923.25,3
297.5,1.3273,-0.036746,-0.047893,4,-61,0.16874,923.25,3
298.25,1.128,0.032153,-0.11631,4,-62,2.6783,920.75,3
298.32,1.128,0.032153,-0.11631,4,-62,2.6783,920.75,3
298.38,1.128,0.032153,-0.11631,4,-62,2.6783,920.75,3
298.4,1.128,0.032153,-0.11631,4,-62,2.6783,920.75,3
298.45,1.128,0.032153,-0.11631,4,-62,2.6783,920.75,3
298.48,1.128,0.032153,-0.11631,4,-62,2.6783,920.75,3
298.75,1.128,0.032153,-0.11631,4,-61,3.8748,922.75,3
298.82,1.128,0.032153,-0.11631,4,-61,3.8748,922.75,3
298.88,1.128,0.032153,-0.11631,4,-61,3.8748,922.75,3
298.93,1.128,0.032153,-0.11631,4,-61,3.8748,922.75,3
298.95,1.128,0.032153,-0.11631,4,-61,3.8748,922.75,3
299,1.128,0.032153,-0.11631,4,-61,3.8748,922.75,3
300.25,1.2687,-0.036746,-0.047893,3,-59,5.2631,921.25,3
300.3,1.2687,-0.036746,-0.047893,3,-59,5.2631,921.25,3
300.35,1.2687,-0.036746,-0.047893,3,-59,5.2631,921.25,3
300.4,1.2687,-0.036746,-0.047893,3,-59,5.2631,921.25,3
300.45,1.2687,-0.036746,-0.047893,3,-59,5.2631,921.25,3
300.48,1.2687,-0.036746,-0.047893,3,-59,5.2631,921.25,3
300.53,1.2687,-0.036746,-0.047893,4,-61,5.4042,924.25,3
300.57,1.2687,-0.036746,-0.047893,4,-61,5.4042,924.25,3
300.6,1.2687,-0.036746,-0.047893,4,-61,5.4042,924.25,3
300.65,1.2687,-0.036746,-0.047893,4,-61,5.4042,924.25,3
300.7,1.2687,-0.036746,-0.047893,4,-61,5.4042,924.25,3
300.73,1.2687,-0.036746,-0.047893,4,-61,5.4042,924.25,3
302.25,1.1514,0.02067,-0.093505,4,-61,0.18408,923.25,3
302.32,1.1514,0.02067,-0.093505,4,-61,0.18408,923.25,3
302.38,1.1514,0.02067,-0.093505,4,-61,0.18408,923.25,3
302.43,1.1514,0.02067,-0.093505,4,-61,0.18408,923.25,3
302.48,1.1514,0.02067,-0.093505,4,-61,0.18408,923.25,3
302.5,1.1514,0.02067,-0.093505,4,-61,0.18408,923.25,3
303.25,1.1397,0.043636,-0.10491,3,-61,6.0331,925.25,3
303.32,1.1397,0.043636,-0.10491,3,-61,6.0331,925.25,3
303.38,1.1397,0.043636,-0.10491,3,-61,6.0331,925.25,3
303.4,1.1397,0.043636,-0.10491,3,-61,6.0331,925.25,3
303.45,1.1397,0.043636,-0.10491,3,-61,6.0331,925.25,3
303.5,1.1397,0.043636,-0.10491,3,-61,6.0331,925.25,3
306.25,1.3039,-0.048229,-0.047893,3,-59.5,4.378,922.75,3
306.32,1.3039,-0.048229,-0.047893,3,-59.5,4.378,922.75,3
306.38,1.3039,-0.048229,-0.047893,3,-59.5,4.378,922.75,3
306.4,1.3039,-0.048229,-0.047893,3,-59.5,4.378,922.75,3
306.45,1.3039,-0.048229,-0.047893,3,-59.5,4.378,922.75,3
306.5,1.3039,-0.048229,-0.047893,3,-59.5,4.378,922.75,3
312.25,1.257,-0.01378,-0.047893,4,-60.5,4.3642,922.25,3
312.33,1.257,-0.01378,-0.047893,4,-60.5,4.3642,922.25,3
312.38,1.257,-0.01378,-0.047893,4,-60.5,4.3642,922.25,3
312.4,1.257,-0.01378,-0.047893,4,-60.5,4.3642,922.25,3
312.45,1.257,-0.01378,-0.047893,4,-60.5,4.3642,922.25,3
312.5,1.257,-0.01378,-0.047893,4,-60.5,4.3642,922.25,3
313.5,1.1163,0.043636,-0.093505,3,-59,4.987,921.75,3
313.55,1.1163,0.043636,-0.093505,3,-59,4.987,921.75,3
313.6,1.1163,0.043636,-0.093505,3,-59,4.987,921.75,3
313.63,1.1163,0.043636,-0.093505,3,-59,4.987,921.75,3
313.68,1.1163,0.043636,-0.093505,3,-59,4.987,921.75,3
313.73,1.1163,0.043636,-0.093505,3,-59,4.987,921.75,3
314.25,1.1163,0.043636,-0.093505,3,-60,4.0973,923.25,3
314.33,1.1163,0.043636,-0.093505,3,-60,4.0973,923.25,3
314.38,1.1163,0.043636,-0.093505,3,-60,4.0973,923.25,3
314.4,1.1163,0.043636,-0.093505,3,-60,4.0973,923.25,3
314.45,1.1163,0.043636,-0.093505,3,-60,4.0973,923.25,3
314.5,1.1163,0.043636,-0.093505,3,-60,4.0973,923.25,3
315,1.1397,0.043636,-0.093505,1,-65,2.2887,924.25,3
315.08,1.1397,0.043636,-0.093505,1,-65,2.2887,924.25,3
315.1,1.1397,0.043636,-0.093505,1,-65,2.2887,924.25,3
315.15,1.1397,0.043636,-0.093505,1,-65,2.2887,924.25,3
315.18,1.1397,0.043636,-0.093505,1,-65,2.2887,924.25,3
315.23,1.1397,0.043636,-0.093505,1,-65,2.2887,924.25,3
316,1.339,-0.059712,-0.025087,1,-65,4.2783,921.75,3
316.08,1.339,-0.059712,-0.025087,1,-65,4.2783,921.75,3
316.13,1.339,-0.059712,-0.025087,1,-65,4.2783,921.75,3
316.15,1.339,-0.059712,-0.025087,1,-65,4.2783,921.75,3
316.2,1.339,-0.059712,-0.025087,1,-65,4.2783,921.75,3
316.23,1.339,-0.059712,-0.025087,1,-65,4.2783,921.75,3
317.5,1.257,-0.01378,-0.047893,3,-60.5,0.3252,924.25,3
317.6,1.257,-0.01378,-0.047893,3,-60.5,0.3252,924.25,3
317.63,1.257,-0.01378,-0.047893,3,-60.5,0.3252,924.25,3
317.68,1.257,-0.01378,-0.047893,3,-60.5,0.3252,924.25,3
317.73,1.257,-0.01378,-0.047893,3,-60.5,0.3252,924.25,3
317.75,1.257,-0.01378,-0.047893,3,-60.5,0.3252,924.25,3
320.75,1.1163,0.043636,-0.10491,4,-60.5,3.8672,922.75,3
320.83,1.1163,0.043636,-0.10491,4,-60.5,3.8672,922.75,3
320.85,1.1163,0.043636,-0.10491,4,-60.5,3.8672,922.75,3
320.9,1.1163,0.043636,-0.10491,4,-60.5,3.8672,922.75,3
320.93,1.1163,0.043636,-0.10491,4,-60.5,3.8672,922.75,3
320.98,1.1163,0.043636,-0.10491,4,-60.5,3.8672,922.75,3
321.75,1.257,-0.036746,-0.047893,4,-61,0.18254,923.25,3
321.83,1.257,-0.036746,-0.047893,4,-61,0.18254,923.25,3
321.88,1.257,-0.036746,-0.047893,4,-61,0.18254,923.25,3
321.93,1.257,-0.036746,-0.047893,4,-61,0.18254,923.25,3
321.95,1.257,-0.036746,-0.047893,4,-61,0.18254,923.25,3
322,1.257,-0.036746,-0.047893,4,-61,0.18254,923.25,3
323.5,1.1397,0.032153,-0.11631,4,-61,1.7656,921.75,3
323.6,1.1397,0.032153,-0.11631,4,-61,1.7656,921.75,3
323.63,1.1397,0.032153,-0.11631,4,-61,1.7656,921.75,3
323.68,1.1397,0.032153,-0.11631,4,-61,1.7656,921.75,3
323.73,1.1397,0.032153,-0.11631,4,-61,1.7656,921.75,3
323.75,1.1397,0.032153,-0.11631,4,-61,1.7656,921.75,3
324.5,1.1983,0.0091865,-0.082102,4,-60.5,4.4148,922.25,3
324.58,1.1983,0.0091865,-0.082102,4,-60.5,4.4148,922.25,3
324.63,1.1983,0.0091865,-0.082102,4,-60.5,4.4148,922.25,3
324.65,1.1983,0.0091865,-0.082102,4,-60.5,4.4148,922.25,3
324.7,1.1983,0.0091865,-0.082102,4,-60.5,4.4148,922.25,3
324.75,1.1983,0.0091865,-0.082102,4,-60.5,4.4148,922.25,3
325,1.1983,0.0091865,-0.082102,4,-62.5,5.8414,920.75,3
325.08,1.1983,0.0091865,-0.082102,4,-62.5,5.8414,920.75,3
325.13,1.1983,0.0091865,-0.082102,4,-62.5,5.8414,920.75,3
325.18,1.1983,0.0091865,-0.082102,4,-62.5,5.8414,920.75,3
325.2,1.1983,0.0091865,-0.082102,4,-62.5,5.8414,920.75,3
325.25,1.1983,0.0091865,-0.082102,4,-62.5,5.8414,920.75,3
327.25,1.339,-0.036746,-0.025087,3,-60.5,0.3206,924.25,3
327.35,1.339,-0.036746,-0.025087,3,-60.5,0.3206,924.25,3
327.38,1.339,-0.036746,-0.025087,3,-60.5,0.3206,924.25,3
327.43,1.339,-0.036746,-0.025087,3,-60.5,0.3206,924.25,3
327.48,1.339,-0.036746,-0.025087,3,-60.5,0.3206,924.25,3
327.5,1.339,-0.036746,-0.025087,3,-60.5,0.3206,924.25,3
327.55,1.339,-0.036746,-0.025087,4,-62.5,5.823,920.75,3
327.6,1.339,-0.036746,-0.025087,4,-62.5,5.823,920.75,3
327.63,1.339,-0.036746,-0.025087,4,-62.5,5.823,920.75,3
327.68,1.339,-0.036746,-0.025087,4,-62.5,5.823,920.75,3
327.73,1.339,-0.036746,-0.025087,4,-62.5,5.823,920.75,3
327.75,1.339,-0.036746,-0.025087,4,-62.5,5.823,920.75,3
328,1.339,-0.036746,-0.025087,4,-60.5,3.9377,922.75,3
328.08,1.339,-0.036746,-0.025087,4,-60.5,3.9377,922.75,3
328.13,1.339,-0.036746,-0.025087,4,-60.5,3.9377,922.75,3
328.18,1.339,-0.036746,-0.025087,4,-60.5,3.9377,922.75,3
328.2,1.339,-0.036746,-0.025087,4,-60.5,3.9377,922.75,3
328.25,1.339,-0.036746,-0.025087,4,-60.5,3.9377,922.75,3
329,1.3742,-0.0022966,-0.059296,3,-57,5.9227,923.25,3
329.08,1.3742,-0.0022966,-0.059296,3,-57,5.9227,923.25,3
329.13,1.3742,-0.0022966,-0.059296,3,-57,5.9227,923.25,3
329.18,1.3742,-0.0022966,-0.059296,3,-57,5.9227,923.25,3
329.2,1.3742,-0.0022966,-0.059296,3,-57,5.9227,923.25,3
329.25,1.3742,-0.0022966,-0.059296,3,-57,5.9227,923.25,3
329.3,1.0811,0.37665,-0.10491,4,-62.5,0.80381,922.25,1
329.33,1.0811,0.37665,-0.10491,4,-62.5,0.80381,922.25,1
329.38,1.0811,0.37665,-0.10491,4,-62.5,0.80381,922.25,1
329.43,1.0811,0.37665,-0.10491,4,-62.5,0.80381,922.25,1
329.45,1.0811,0.37665,-0.10491,4,-62.5,0.80381,922.25,1
329.5,1.0811,0.37665,-0.10491,4,-62.5,0.80381,922.25,1
329.55,1.0811,0.37665,-0.10491,4,-59,5.329,921.25,1
329.6,1.0811,0.37665,-0.10491,4,-59,5.329,921.25,1
329.63,1.0811,0.37665,-0.10491,4,-59,5.329,921.25,1
329.68,1.0811,0.37665,-0.10491,4,-59,5.329,921.25,1
329.7,1.0811,0.37665,-0.10491,4,-59,5.329,921.25,1
329.75,1.0811,0.37665,-0.10491,4,-59,5.329,921.25,1
330,0.68242,0.76708,0.25999,3,-56.5,0.89124,920.75,1
330.08,0.68242,0.76708,0.25999,3,-56.5,0.89124,920.75,1
330.13,0.68242,0.76708,0.25999,3,-56.5,0.89124,920.75,1
330.18,0.68242,0.76708,0.25999,3,-56.5,0.89124,920.75,1
330.2,0.68242,0.76708,0.25999,3,-56.5,0.89124,920.75,1
330.25,0.68242,0.76708,0.25999,3,-56.5,0.89124,920.75,1
330.3,0.68242,0.76708,0.25999,1,-59,1.488,925.25,1
330.35,0.68242,0.76708,0.25999,1,-59,1.488,925.25,1
330.38,0.68242,0.76708,0.25999,1,-59,1.488,925.25,1
330.43,0.68242,0.76708,0.25999,1,-59,1.488,925.25,1
330.48,0.68242,0.76708,0.25999,1,-59,1.488,925.25,1
330.5,0.68242,0.76708,0.25999,1,-59,1.488,925.25,1
330.55,0.68242,0.76708,0.25999,3,-58.5,5.7202,922.75,1
330.58,0.68242,0.76708,0.25999,3,-58.5,5.7202,922.75,1
330.63,0.68242,0.76708,0.25999,3,-58.5,5.7202,922.75,1
330.68,0.68242,0.76708,0.25999,3,-58.5,5.7202,922.75,1
330.73,0.68242,0.76708,0.25999,3,-58.5,5.7202,922.75,1
330.75,0.68242,0.76708,0.25999,3,-58.5,5.7202,922.75,1
331,0.68242,0.76708,0.25999,1,-62.5,5.4426,925.75,4
331.08,0.68242,0.76708,0.25999,1,-62.5,5.4426,925.75,4
331.13,0.68242,0.76708,0.25999,1,-62.5,5.4426,925.75,4
331.18,0.68242,0.76708,0.25999,1,-62.5,5.4426,925.75,4
331.2,0.68242,0.76708,0.25999,1,-62.5,5.4426,925.75,4
331.25,0.68242,0.76708,0.25999,1,-62.5,5.4426,925.75,4
331.5,0.68242,0.76708,0.25999,1,-68.5,2.2503,920.25,4
331.58,0.68242,0.76708,0.25999,1,-68.5,2.2503,920.25,4
331.63,0.68242,0.76708,0.25999,1,-68.5,2.2503,920.25,4
331.68,0.68242,0.76708,0.25999,1,-68.5,2.2503,920.25,4
331.73,0.68242,0.76708,0.25999,1,-68.5,2.2503,920.25,4
331.75,0.68242,0.76708,0.25999,1,-68.5,2.2503,920.25,4
