0,1.0342,0.38813,-0.013684,4,-59.5,4.4301,920.75,1
1,0.98728,0.21588,0.088944,4,-65,5.846,923.25,3
1.25,0.98728,-0.0022966,-0.13912,4,-67,5.8123,922.25,3
2.25,0.8583,0.16995,0.043332,3,-48,0.2439,921.25,3
2.3,0.8583,0.16995,0.043332,3,-50.5,1.06,925.25,3
2.325,0.8583,0.16995,0.043332,4,-67.5,4.5237,925.25,3
2.5,0.8583,0.16995,0.043332,4,-65,2.1261,920.75,3
2.75,0.92865,0.12402,-0.0022806,4,-65,5.1358,924.25,3
2.8,0.92865,0.12402,-0.0022806,3,-47.5,3.9945,920.25,3
3,0.92865,0.12402,-0.0022806,3,-47,3.9991,920.25,3
3.05,1.0576,0.11254,0.0091224,3,-47.5,3.9884,920.25,3
3.1,1.0576,0.11254,0.0091224,3,-47.5,6.1421,921.75,3
3.25,0.98728,0.15847,-0.070699,3,-47.5,6.162,921.75,3
3.325,0.98728,0.15847,-0.070699,3,-47.5,6.1804,921.75,3
3.35,0.98728,0.15847,-0.070699,3,-48,2.0908,923.25,3
3.375,0.92865,0.12402,-0.10491,3,-48,2.1,923.25,3
3.4,0.92865,0.12402,-0.10491,3,-48,2.1138,923.25,3
3.5,0.92865,0.12402,-0.10491,3,-48,2.0923,923.25,3
3.6,0.9052,0.11254,-0.11631,4,-65.5,1.037,924.75,3
3.75,0.9052,0.11254,-0.11631,3,-48,5.9503,922.25,3
3.825,0.9052,0.16995,-0.047893,3,-48,5.9396,922.25,3
3.875,0.9052,0.16995,-0.047893,3,-48,5.9534,922.25,3
4,0.92865,0.14698,-0.11631,3,-50.5,0.76852,925.75,3
4.5,0.91693,0.1355,-0.025087,4,-64.5,5.9304,922.75,3
4.575,0.91693,0.1355,-0.025087,3,-47.5,0.24237,921.25,3
4.75,0.9052,0.1355,-0.15052,4,-67,0.20555,925.25,3
5,0.9052,0.1355,-0.15052,3,-47.5,3.7306,920.75,3
5.1,0.91693,0.1355,-0.10491,3,-47.5,3.7276,920.75,3
5.125,0.91693,0.1355,-0.10491,3,-47.5,0.59825,920.75,3
5.25,1.0342,0.11254,-0.093505,3,-47.5,4.1233,920.25,3
5.5,1.0342,0.11254,-0.093505,3,-47,4.1417,920.25,3
5.625,1.0576,0.078086,-0.070699,3,-47.5,6.2786,921.75,3
5.65,1.0576,0.078086,-0.070699,3,-47.5,0.021476,921.75,3
5.75,1.0576,0.078086,-0.070699,3,-47.5,0.033748,921.75,3
5.85,0.91693,0.1355,-0.12771,3,-48,2.2258,923.25,3
5.9,0.92865,0.12402,-0.13912,3,-48,2.2411,923.25,3
6,0.96383,0.12402,-0.12771,4,-66.5,0.74091,924.75,3
6.25,0.96383,0.12402,-0.12771,4,-64,6.2571,922.25,3
6.325,0.96383,0.12402,-0.12771,3,-50.5,0.86056,925.75,3
6.75,0.96383,0.12402,-0.12771,3,-48.5,1.8868,923.75,3
6.85,0.96383,0.12402,-0.12771,3,-48,5.6312,922.75,3
6.875,1.2101,0.02067,0.0091224,4,-64,5.622,922.75,3
7,1.2101,0.02067,0.0091224,4,-64,4.0712,921.25,3
7.25,1.2101,0.02067,0.0091224,4,-67.5,0.026078,925.25,3
7.5,1.1866,0.043636,-0.013684,3,-47.5,0.60132,920.75,3
7.575,0.9521,0.12402,-0.15052,3,-49,1.514,924.25,3
7.75,1.0459,0.11254,-0.093505,3,-47.5,4.0712,920.25,3
7.825,1.0459,0.11254,-0.093505,3,-47.5,4.0911,920.25,3
8,1.0459,0.11254,-0.093505,3,-47.5,4.0773,920.25,3
8.1,0.9052,0.14698,-0.15052,4,-64.5,0.30526,921.75,3
8.125,0.9052,0.14698,-0.15052,4,-64.5,0.33287,921.75,3
8.25,0.9052,0.14698,-0.15052,4,-64.5,5.0683,923.25,3
8.5,0.98728,0.14698,-0.10491,4,-64.5,6.0715,922.25,3
8.75,0.98728,0.14698,-0.10491,3,-50.5,0.73324,925.75,3
9,0.91693,0.14698,-0.13912,4,-67.5,5.9426,925.75,3
9.1,0.91693,0.14698,-0.13912,3,-48.5,1.8408,923.75,3
9.15,0.91693,0.14698,-0.13912,3,-48,1.853,923.75,3
9.25,0.97555,0.14698,-0.12771,3,-48,2.4406,922.75,3
9.5,1.0928,0.078086,-0.070699,3,-47.5,0.28992,921.25,3
9.6,1.0928,0.078086,-0.070699,3,-47.5,0.31293,921.25,3
9.65,1.0928,0.078086,-0.070699,3,-47.5,0.29759,921.25,3
9.7,0.91693,0.14698,-0.12771,4,-67,0.12272,925.25,3
9.75,0.91693,0.14698,-0.12771,4,-64.5,4.5498,920.75,3
10,0.91693,0.14698,-0.12771,4,-64,1.4067,920.75,3
10.25,1.2101,0.0091865,-0.025087,4,-64.5,1.8899,920.25,3
10.5,1.2101,0.0091865,-0.025087,4,-65,0.39577,921.75,3
10.75,0.92865,0.12402,-0.13912,3,-48.5,2.1629,923.25,3
10.825,0.92865,0.12402,-0.13912,3,-49.5,1.3392,924.75,3
10.875,0.92865,0.12402,-0.13912,4,-67,0.56144,924.75,3
11,0.92865,0.12402,-0.13912,3,-48,5.915,922.25,3
11.1,0.91693,0.1355,-0.13912,3,-48,2.7719,922.25,3
11.25,1.1163,0.078086,-0.047893,4,-68.5,2.7059,925.75,3
11.5,1.1163,0.078086,-0.047893,4,-65.5,1.4251,923.75,3
11.75,1.1163,0.078086,-0.047893,3,-48,2.4099,922.75,3
11.875,0.92865,0.14698,-0.12771,4,-64.5,0.84829,921.25,3
12.25,0.91693,0.14698,-0.13912,3,-47.5,3.726,920.75,3
12.325,0.91693,0.14698,-0.13912,3,-47.5,3.7306,920.75,3
12.5,1.2101,0.032153,-0.025087,3,-49,1.5386,924.25,3
12.75,0.91693,0.14698,-0.13912,4,-64,1.8132,920.25,3
12.825,0.91693,0.14698,-0.13912,4,-64,0.26231,921.75,3
13,0.91693,0.14698,-0.13912,4,-64.5,0.28379,921.75,3
13.25,0.91693,0.14698,-0.13912,3,-48,2.0893,923.25,3
13.35,0.9521,0.1355,-0.13912,3,-49.5,1.2579,924.75,3
13.5,0.91693,0.14698,-0.13912,3,-48,5.8721,922.25,3
13.575,0.91693,0.14698,-0.13912,3,-47.5,2.7443,922.25,3
13.625,0.91693,0.14698,-0.13912,3,-47.5,5.8675,922.25,3
13.75,0.89348,0.12402,-0.16192,3,-50.5,0.7041,925.75,3
13.825,0.89348,0.12402,-0.16192,3,-50.5,0.71484,925.75,3
14,1.2101,0.0091865,-0.025087,3,-48.5,1.8055,923.75,3
14.25,1.3039,-0.025263,0.0091224,3,-48,2.3853,922.75,3
14.325,0.96383,0.1355,-0.13912,3,-47.5,0.23623,921.25,3
14.5,0.9052,0.14698,-0.13912,3,-50.5,0.97868,925.25,3
14.6,0.9052,0.14698,-0.13912,4,-67.5,6.2817,925.25,3
14.75,0.9052,0.14698,-0.13912,4,-64.5,1.2594,920.75,3
15,1.0342,0.1355,-0.093505,4,-66,4.0911,924.25,3
15.075,1.0342,0.1355,-0.093505,3,-47.5,4.065,920.25,3
15.125,1.0342,0.1355,-0.093505,3,-47.5,4.0727,920.25,3
15.25,1.1045,0.078086,-0.059296,3,-48,6.185,921.75,3
15.5,0.99901,0.14698,-0.10491,3,-48.5,2.1,923.25,3
15.6,1.1983,0.032153,-0.013684,4,-64.5,4.9885,923.25,3
15.75,1.1983,0.032153,-0.013684,4,-66.5,0.44179,924.75,3
16,1.1983,0.032153,-0.013684,3,-48,5.8567,922.25,3
16.075,1.1983,0.032153,-0.013684,3,-47.5,5.869,922.25,3
16.25,0.91693,0.14698,-0.15052,4,-67.5,5.8874,925.75,3
16.35,0.91693,0.14698,-0.15052,3,-48.5,1.8101,923.75,3
16.5,1.2335,0.02067,-0.0022806,4,-64.5,5.4963,922.75,3
16.75,1.2335,0.02067,-0.0022806,4,-64.5,0.80227,921.25,3
16.825,1.2335,0.02067,-0.0022806,4,-65,0.81454,921.25,3
17,0.92865,0.14698,-0.13912,3,-47.5,3.7889,920.75,3
17.25,0.92865,0.14698,-0.13912,3,-47.5,3.8089,920.75,3
17.5,0.9052,0.1355,-0.13912,4,-66,4.1065,924.25,3
17.575,0.9052,0.1355,-0.13912,3,-47.5,4.0957,920.25,3
17.75,0.91693,0.12402,-0.15052,4,-64.5,1.8285,920.25,3
17.825,0.91693,0.12402,-0.15052,4,-64.5,0.27918,921.75,3
18,0.91693,0.12402,-0.15052,3,-48,2.1077,923.25,3
18.1,0.89348,0.14698,-0.13912,3,-49.5,1.2717,924.75,3
18.25,0.89348,0.14698,-0.13912,4,-67,0.42951,924.75,3
18.325,0.89348,0.14698,-0.13912,3,-48,2.7044,922.25,3
18.5,0.9052,0.1355,-0.15052,3,-48,5.8537,922.25,3
18.575,1.0694,0.10105,-0.093505,4,-68,2.7013,925.75,3
18.75,1.0694,0.10105,-0.093505,4,-65.5,4.5099,923.75,3
19,1.0694,0.10105,-0.093505,3,-48,5.5346,922.75,3
19.075,1.0694,0.10105,-0.093505,3,-47.5,5.5438,922.75,3
19.125,0.91693,0.15847,-0.13912,4,-64.5,0.79153,921.25,3
19.25,0.91693,0.15847,-0.13912,4,-64.5,3.9132,921.25,3
19.5,0.9052,0.14698,-0.15052,3,-47.5,3.726,920.75,3
19.75,0.91693,0.14698,-0.16192,3,-47.5,3.7153,920.75,3
19.825,0.91693,0.14698,-0.16192,3,-47.5,3.726,920.75,3
19.875,0.91693,0.14698,-0.16192,4,-66,4.065,924.25,3
20,0.96383,0.15847,-0.12771,3,-47.5,4.0528,920.25,3
20.1,0.92865,0.14698,-0.13912,4,-65,0.2347,921.75,3
20.25,0.92865,0.14698,-0.13912,4,-65,0.24544,921.75,3
20.5,0.92865,0.14698,-0.13912,3,-48.5,2.077,923.25,3
20.575,0.9052,0.15847,-0.12771,4,-67,3.5788,924.75,3
20.75,0.9052,0.15847,-0.12771,3,-48,2.7167,922.25,3
20.825,0.89348,0.14698,-0.16192,3,-48,2.7105,922.25,3
21,1.1163,0.078086,-0.059296,4,-68,5.8429,925.75,3
21.25,1.1163,0.078086,-0.059296,3,-48.5,1.8331,923.75,3
21.5,0.94038,0.14698,-0.12771,3,-48,5.5806,922.75,3
21.6,1.1163,0.078086,-0.070699,3,-47.5,3.4423,921.25,3
21.65,1.1163,0.078086,-0.070699,3,-47.5,0.31447,921.25,3
21.75,1.1163,0.078086,-0.070699,3,-47.5,3.4469,921.25,3
21.825,0.89348,0.12402,-0.15052,4,-65,3.9285,921.25,3
22,0.89348,0.12402,-0.15052,3,-50.5,1.0201,925.25,3
22.075,0.89348,0.12402,-0.15052,3,-47.5,3.7997,920.75,3
22.125,0.91693,0.12402,-0.15052,4,-64.5,1.3054,920.75,3
22.25,0.91693,0.12402,-0.15052,3,-49,1.5616,924.25,3
22.35,0.9521,0.14698,-0.12771,4,-64.5,1.7779,920.25,3
22.5,0.9521,0.14698,-0.12771,4,-65,1.784,920.25,3
22.775,0.9521,0.14698,-0.12771,4,-65,0.26691,921.75,3
22.875,0.9521,0.14698,-0.12771,3,-48,2.0939,923.25,3
23,0.91693,0.1355,-0.13912,4,-67,0.43872,924.75,3
23.25,0.9052,0.14698,-0.15052,4,-64.5,5.9856,922.25,3
23.5,1.128,0.078086,-0.070699,4,-65.5,4.5329,923.75,3
23.75,1.128,0.078086,-0.070699,3,-48.5,1.7902,923.75,3
23.85,0.9052,0.14698,-0.15052,4,-64.5,5.4686,922.75,3
24,0.9052,0.14698,-0.15052,4,-64.5,0.76699,921.25,3
24.1,0.9052,0.14698,-0.15052,4,-65,0.75318,921.25,3
24.5,0.9052,0.14698,-0.15052,3,-47.5,3.7306,920.75,3
24.6,0.9052,0.14698,-0.15052,3,-47.5,3.7414,920.75,3
24.625,0.9052,0.14698,-0.15052,3,-47.5,3.7153,920.75,3
24.75,1.0107,0.1355,-0.11631,4,-66,3.9868,924.25,3
24.85,1.0107,0.1355,-0.11631,3,-47.5,4.0727,920.25,3
25,0.9052,0.14698,-0.15052,3,-47.5,4.0574,920.25,3
25.075,0.9052,0.14698,-0.15052,3,-48,6.1957,921.75,3
25.125,0.9052,0.14698,-0.15052,3,-47.5,6.2004,921.75,3
25.25,1.2218,0.02067,-0.013684,4,-65,4.9394,923.25,3
25.5,1.2218,0.02067,-0.013684,3,-49.5,1.2395,924.75,3
25.75,1.1983,0.032153,-0.013684,4,-64,5.9595,922.25,3
25.825,1.1983,0.032153,-0.013684,3,-50.5,0.72557,925.75,3
26,0.94038,0.1355,-0.12771,3,-48.5,1.8162,923.75,3
26.25,1.0928,0.089569,-0.082102,4,-64,2.3163,922.75,3
26.5,1.0928,0.089569,-0.082102,3,-47.5,0.26231,921.25,3
26.575,0.89348,0.14698,-0.15052,4,-64,0.77313,921.25,3
26.625,0.89348,0.14698,-0.15052,4,-67.5,6.1313,925.25,3
26.75,0.89348,0.14698,-0.15052,3,-47.5,3.7107,920.75,3
26.85,0.89348,0.14698,-0.15052,3,-47.5,3.7276,920.75,3
27,0.9052,0.14698,-0.15052,3,-47.5,3.7107,920.75,3
27.075,0.9052,0.14698,-0.15052,3,-47.5,0.57524,920.75,3
27.125,0.9052,0.14698,-0.15052,4,-63.5,1.2686,920.75,3
27.25,0.97555,0.15847,-0.12771,3,-47.5,4.0543,920.25,3
27.325,0.97555,0.15847,-0.12771,3,-47.5,4.0574,920.25,3
27.5,1.2101,0.032153,-0.013684,4,-64,0.21169,921.75,3
27.6,1.2101,0.032153,-0.013684,4,-65,1.7902,923.25,3
27.75,1.2101,0.032153,-0.013684,3,-49.5,1.221,924.75,3
28,0.91693,0.14698,-0.12771,3,-47.5,5.8414,922.25,3
28.25,0.9052,0.14698,-0.13912,4,-64,5.9258,922.25,3
28.35,0.9052,0.14698,-0.13912,4,-68,2.5848,925.75,3
28.5,0.9052,0.14698,-0.13912,3,-48.5,1.7748,923.75,3
28.75,0.89348,0.14698,-0.15052,3,-48,2.3669,922.75,3
29,0.9052,0.14698,-0.13912,3,-47.5,0.21629,921.25,3
29.25,1.1514,0.066602,-0.03649,4,-64.5,4.4271,920.75,3
29.5,1.1514,0.066602,-0.03649,4,-64,1.3131,920.75,3
29.75,0.9052,0.14698,-0.16192,3,-47.5,4.0528,920.25,3
29.85,0.9052,0.14698,-0.15052,4,-64.5,1.7733,920.25,3
30,0.9052,0.14698,-0.15052,4,-64.5,0.19788,921.75,3
30.25,0.9052,0.14698,-0.15052,3,-48,2.0724,923.25,3
30.325,0.9521,0.14698,-0.12771,4,-65,4.9486,923.25,3
30.5,0.9521,0.14698,-0.12771,4,-67,3.5005,924.75,3
30.6,0.9521,0.14698,-0.12771,3,-48,5.8291,922.25,3
30.625,0.9521,0.14698,-0.12771,3,-47.5,5.8414,922.25,3
30.75,0.9052,0.14698,-0.13912,4,-68,2.6354,925.75,3
31,0.9052,0.14698,-0.13912,3,-48.5,1.8147,923.75,3
31.075,0.9052,0.14698,-0.13912,3,-48.5,1.8316,923.75,3
31.25,1.0107,0.14698,-0.11631,3,-48,2.4053,922.75,3
31.5,1.1866,0.043636,-0.013684,4,-64.5,0.77159,921.25,3
31.6,1.1866,0.043636,-0.013684,3,-50,1.0431,925.25,3
31.65,1.1866,0.043636,-0.013684,4,-67.5,6.1681,925.25,3
32,0.91693,0.14698,-0.15052,4,-66,0.83449,924.25,3
32.1,0.91693,0.14698,-0.15052,3,-47.5,4.0988,920.25,3
32.15,0.91693,0.14698,-0.15052,3,-47.5,4.1034,920.25,3
32.25,1.1045,0.089569,-0.070699,3,-47.5,6.2157,921.75,3
32.5,0.91693,0.14698,-0.16192,3,-47.5,6.2004,921.75,3
32.6,0.91693,0.12402,-0.15052,3,-48,2.0939,923.25,3
32.75,1.2335,0.02067,-0.013684,3,-49.5,1.2609,924.75,3
32.85,1.2335,0.02067,-0.013684,3,-49.5,1.2763,924.75,3
32.9,1.2335,0.02067,-0.013684,4,-67,0.29452,924.75,3
33,1.2335,0.02067,-0.013684,3,-48,2.6937,922.25,3
33.075,0.91693,0.15847,-0.13912,3,-48,2.6983,922.25,3
33.25,1.0694,0.10105,-0.082102,4,-68.5,2.5295,925.75,3
33.5,1.0694,0.10105,-0.082102,4,-65.5,1.2671,923.75,3
33.625,1.0694,0.10105,-0.082102,4,-64.5,5.3843,922.75,3
33.75,1.0107,0.14698,-0.11631,3,-47.5,0.2393,921.25,3
33.825,1.0107,0.14698,-0.11631,3,-47.5,3.3947,921.25,3
34,1.2804,0.0091865,0.0091224,3,-47.5,3.7199,920.75,3
34.1,1.2804,0.0091865,0.0091224,3,-47.5,3.7245,920.75,3
34.25,1.2452,0.02067,-0.0022806,4,-66.5,0.80381,924.25,3
34.5,1.2452,0.02067,-0.0022806,4,-66,0.82988,924.25,3
34.75,1.2452,0.02067,-0.0022806,4,-65,4.8428,920.25,3
34.825,1.2452,0.02067,-0.0022806,3,-47.5,6.2111,921.75,3
35,0.9052,0.15847,-0.15052,3,-48,2.1338,923.25,3
35.125,0.9052,0.15847,-0.15052,3,-48,2.1414,923.25,3
35.175,1.1514,0.032153,-0.070699,4,-65.5,5.0284,923.25,3
35.5,0.87003,0.25033,-0.082102,3,-51,0.78386,922.25,3
36,1.2452,0.33072,-0.0022806,4,-62,1.9313,922.75,3
36.25,1.2452,0.33072,-0.0022806,4,-59.5,4.0206,921.25,3
36.325,1.2452,0.33072,-0.0022806,4,-60,4.4025,921.25,3
37.25,0.72932,0.67521,0.41963,3,-60.5,0.54303,921.75,1
39,0.72932,0.67521,0.41963,4,-58,6.0822,920.75,1
39.25,0.72932,0.67521,0.41963,4,-60,1.5953,924.25,1
39.75,0.72932,0.67521,0.41963,1,-58,1.4588,921.75,1
40.75,0.72932,0.67521,0.41963,4,-60,2.0939,923.75,1
41.5,0.72932,0.67521,0.41963,4,-61,5.2754,924.25,1
44.25,0.43619,0.93932,-0.047893,1,-62,5.2524,924.25,1
45.75,0.43619,0.93932,-0.047893,4,-60,3.4392,922.75,1
47,0.43619,0.93932,-0.047893,4,-59.5,4.4516,921.75,1
48.25,0.43619,0.93932,-0.047893,4,-60.5,0.25157,922.75,1
49.5,0.43619,0.93932,-0.047893,1,-61.5,5.8184,921.75,1
52.5,0.60034,0.87042,-0.0022806,1,-62,0.42645,922.25,1
54.75,0.60034,0.87042,-0.0022806,4,-60.5,6.0009,922.25,1
55.5,0.60034,0.87042,-0.0022806,1,-61,5.2355,922.75,1
57,0.60034,0.87042,-0.0022806,1,-60.5,5.0253,923.25,1
60.25,0.47136,0.92784,-0.013684,4,-58.5,1.8991,923.75,1
61.75,0.47136,0.92784,-0.013684,3,-63.5,5.4932,923.25,1
64,0.47136,0.92784,-0.013684,3,-63.5,0.26384,921.75,1
66.25,0.47136,0.92784,-0.013684,3,-63,4.4025,920.25,1
70.25,0.47136,0.92784,-0.013684,1,-61,4.0022,922.75,1
71.5,0.47136,0.92784,-0.013684,4,-60.5,0.158,923.25,1
72.5,0.47136,0.92784,-0.013684,1,-60.5,5.4763,923.75,1
74,0.51826,0.90487,0.031928,4,-60.5,2.8486,923.25,1
75.25,0.51826,0.90487,0.031928,1,-61,1.1643,921.25,1
77.75,0.51826,0.90487,0.031928,1,-64.5,1.0799,925.25,1
80,0.51826,0.90487,0.031928,4,-60.5,0.20402,922.75,1
80.75,0.51826,0.90487,0.031928,4,-60.5,2.7013,920.25,1
83.5,0.45964,0.92784,-0.025087,1,-61,3.8718,921.75,1
85.75,0.45964,0.92784,-0.025087,1,-61,2.0847,920.25,1
87.25,0.45964,0.92784,-0.025087,1,-59.5,1.2195,921.25,1
88.25,0.45964,0.92784,-0.025087,4,-61,4.016,921.75,1
89,0.45964,0.92784,-0.025087,4,-61,0.013806,922.25,1
89.5,0.45964,0.92784,-0.025087,1,-62.5,5.9779,922.75,1
91.5,0.45964,0.92784,-0.025087,1,-56.5,5.6282,922.25,4
92.5,0.22513,0.90487,-0.12771,1,-57,6.1421,925.25,4
94.25,0.084423,1.1805,0.031928,2,-57.5,4.6832,923.75,4
96.5,0.27203,0.99674,0.13456,2,-56,2.3547,925.75,4
97.75,0.22513,1.1575,-0.070699,2,-50.5,0.6366,924.25,4
99,0.060972,1.0771,-0.16192,2,-58.5,2.5541,925.75,2
101,0.060972,1.0771,-0.16192,2,-58,4.9517,924.75,2
101.5,0.060972,1.0771,-0.16192,2,-57.5,5.0652,923.75,2
102.75,0.060972,1.0771,-0.16192,2,-59,4.8443,924.25,2
104,0.060972,1.0771,-0.16192,2,-58,4.9563,923.75,2
105.5,0.060972,1.0771,-0.16192,2,-57.5,6.185,921.75,2
106.5,0.060972,1.0771,-0.16192,2,-57.5,5.777,922.75,2
110.5,0.57689,0.88191,0.020525,2,-58,5.8982,921.75,2
113,0.57689,0.88191,0.020525,2,-58.5,5.1342,923.25,2
115.5,0.57689,0.88191,0.020525,2,-59,5.0729,923.25,2
120.75,0.57689,0.88191,0.020525,2,-62.5,0.70563,925.75,2
125,0.7176,0.82449,0.077541,2,-56.5,5.3337,921.75,2
125.5,0.7176,0.82449,0.077541,2,-57,5.1787,922.25,2
126.75,0.7176,0.82449,0.077541,2,-57.5,0.067495,920.75,2
127.75,0.7176,0.82449,0.077541,2,-59,4.1264,924.75,2
128.75,0.7176,0.82449,0.077541,2,-57.5,6.0424,921.25,2
132,0.7176,0.83597,0.043332,2,-58.5,1.1351,924.25,2
132.75,0.7176,0.83597,0.043332,2,-56.5,5.2247,922.25,2
133.75,0.7176,0.83597,0.043332,2,-59,0.60899,925.25,2
134.75,0.7176,0.83597,0.043332,2,-56,5.5591,921.75,2
136.5,0.61207,0.87042,-0.0022806,2,-58,6.0086,920.75,2
137.75,0.61207,0.87042,-0.0022806,2,-57,5.1204,922.25,2
138.5,0.61207,0.87042,-0.0022806,2,-57,5.6849,921.25,2
139.5,0.61207,0.87042,-0.0022806,2,-56.5,5.4334,921.75,2
140.25,0.61207,0.87042,-0.0022806,2,-56,5.1143,922.25,2
142,0.79967,0.80152,0.077541,2,-56.5,5.326,921.75,2
143,0.79967,0.80152,0.077541,2,-57,4.0405,923.75,2
143.5,0.79967,0.80152,0.077541,2,-57,5.4533,921.25,2
144.25,0.79967,0.80152,0.077541,2,-58.5,6.2387,920.25,2
147.5,0.79967,0.80152,0.077541,2,-58,5.5545,922.25,2
150.53,0.79967,0.80152,0.077541,2,-57,5.2631,922.75,2
152.25,0.58862,0.92784,-0.013684,2,-58.5,0.71023,924.75,2
153.25,0.58862,0.92784,-0.013684,2,-57.5,5.8261,921.25,2
154,0.58862,0.92784,-0.013684,2,-58,6.2464,920.25,2
154.75,0.58862,0.92784,-0.013684,2,-57.5,5.0713,922.25,2
157.25,0.58862,0.92784,-0.013684,2,-57.5,5.372,922.25,2
159,0.62379,0.85894,-0.0022806,2,-56,5.1864,921.75,2
159.5,0.62379,0.85894,-0.0022806,2,-56.5,5.0115,922.25,2
160.25,0.62379,0.85894,-0.0022806,2,-57,0.88204,923.75,2
160.5,0.62379,0.85894,-0.0022806,2,-59,0.25924,925.25,2
161.5,0.62379,0.85894,-0.0022806,2,-55.5,5.257,921.75,2
162,0.62379,0.85894,-0.0022806,2,-58,0.5415,924.75,2
163.75,0.60034,0.88191,-0.0022806,2,-58,0.013806,920.25,2
164.5,0.60034,0.88191,-0.0022806,2,-57,5.3183,922.25,2
165.75,0.60034,0.88191,-0.0022806,2,-58,0.072097,920.75,2
166.75,0.60034,0.88191,-0.0022806,2,-59,4.0298,924.75,2
167.5,0.60034,0.88191,-0.0022806,2,-56.5,4.8428,922.75,2
169.75,0.58862,0.88191,-0.025087,2,-58,4.4301,923.75,2
171.5,0.58862,0.88191,-0.025087,2,-57.5,4.6019,923.25,2
173.5,0.79967,0.81301,0.043332,2,-56.5,0.20249,920.25,2
174,0.79967,0.81301,0.043332,2,-58,0.81761,924.75,2
174.75,0.79967,0.81301,0.043332,2,-57,4.8581,922.75,2
176,0.79967,0.81301,0.043332,2,-57.5,5.2125,921.75,2
177.25,0.79967,0.81301,0.043332,2,-58,4.2077,923.75,2
178.75,0.63552,0.84746,-0.013684,2,-57.5,1.4926,923.25,2
179.75,0.63552,0.84746,-0.013684,2,-57,5.5392,921.25,2
180.75,0.63552,0.84746,-0.013684,2,-58,6.1405,920.25,2
181.5,0.63552,0.84746,-0.013684,2,-58,0.30986,924.75,2
183.5,0.68242,0.80152,-0.047893,2,-57.5,4.6403,923.25,2
184.25,0.68242,0.80152,-0.047893,2,-57,0.80381,923.75,2
184.75,0.68242,0.80152,-0.047893,2,-56.5,5.2416,921.25,2
186,0.68242,0.80152,-0.047893,2,-57.5,4.2123,923.25,2
187.25,0.68242,0.80152,-0.047893,2,-57,5.3244,921.25,2
189,0.68242,0.80152,-0.047893,2,-57.5,4.6633,922.25,2
190.75,0.62379,0.87042,-0.03649,2,-57,0.95567,923.25,2
197.5,0.62379,0.87042,-0.03649,2,-57.5,6.027,920.75,4
198,0.62379,0.87042,-0.03649,2,-56,1.6981,921.75,4
205.5,0.42446,0.97377,-0.11631,1,-64.5,1.7319,923.25,4
207,0.42446,0.97377,-0.11631,4,-57,2.0479,920.75,1
207.75,0.42446,0.97377,-0.11631,4,-58.5,0.88204,921.75,1
208.5,0.42446,0.97377,-0.11631,4,-57.5,5.8982,922.25,1
208.75,0.42446,0.97377,-0.11631,4,-56,5.0253,923.75,1
209.5,0.72932,0.65224,0.41963,4,-62,0.56604,925.25,1
209.58,0.72932,0.65224,0.41963,4,-62,0.12732,920.75,1
210,0.9521,0.3422,-0.48121,3,-52.5,5.5285,921.75,3
212.75,0.94038,0.16995,-0.03649,3,-53.5,5.8813,923.25,3
213.5,1.0107,0.19292,-0.093505,4,-63,6.0086,923.75,3
214,0.92865,0.14698,-0.11631,4,-63,5.6067,921.25,3
214.5,1.3859,0.0091865,-0.0022806,4,-63,5.3337,924.25,3
215,1.3625,0.032153,0.077541,4,-62,5.0023,921.75,3
215.25,1.3625,0.032153,0.077541,4,-62.5,0.15033,923.25,3
215.75,1.0459,0.15847,-0.03649,4,-61.5,1.353,922.25,3
216,1.0459,0.15847,-0.03649,4,-62.5,5.8659,923.75,3
216.5,1.2921,0.032153,0.031928,4,-63,5.5607,921.25,3
216.75,1.2921,0.032153,0.031928,4,-63,6.0838,920.75,3
217.25,1.0576,0.12402,-0.059296,4,-64,0.33748,920.25,3
217.75,1.339,0.02067,0.054735,4,-62.5,0.35588,923.25,3
218,1.339,0.02067,0.054735,4,-64,4.99,924.75,3
218.5,1.1045,0.11254,-0.013684,4,-63,6.0209,923.75,3
220,1.1397,0.12402,-0.047893,4,-62,0.14573,923.25,3
221,1.2687,0.066602,0.0091224,4,-62.5,5.8199,923.75,3
221.5,0.96383,0.19292,-0.11631,4,-64,1.1827,925.25,3
222,0.98728,0.19292,-0.12771,4,-62.5,2.1951,924.25,3
222.5,1.0459,0.15847,-0.093505,4,-62.5,0.16567,923.25,3
223,0.96383,0.18143,-0.12771,4,-65.5,0.67342,925.75,3
223.25,0.96383,0.18143,-0.12771,4,-62.5,5.8414,923.75,3
223.75,1.1866,0.078086,-0.03649,4,-62,5.4656,921.25,3
224.5,0.96383,0.18143,-0.11631,4,-63.5,5.4686,924.25,3
224.75,0.96383,0.18143,-0.11631,4,-63.5,0.51388,920.25,3
225,0.99901,0.19292,-0.13912,3,-52,5.7616,923.25,3
225.5,1.339,0.032153,0.031928,4,-61,1.4358,922.25,3
226,0.96383,0.19292,-0.10491,4,-62.5,6.0485,923.75,3
226.75,1.128,0.10105,-0.025087,4,-63,5.4472,924.25,3
227.25,1.2335,0.055119,0.020525,3,-52,5.6957,923.25,3
227.5,1.2335,0.055119,0.020525,4,-61.5,0.079767,923.25,3
228,1.0342,0.21588,-0.10491,4,-62,1.2011,922.25,3
228.5,1.257,0.055119,0.0091224,4,-62,0.72711,922.75,3
228.75,1.257,0.055119,0.0091224,4,-62,5.4809,921.25,3
229.75,1.2452,0.066602,-0.0022806,4,-62,0.11045,923.25,3
230.25,1.2452,0.066602,-0.0022806,4,-63,4.7983,924.75,3
231,1.0459,0.18143,-0.10491,1,-63,5.9411,921.25,3
231.5,1.0107,0.18143,-0.11631,4,-63,5.9334,920.75,3
232,0.98728,0.21588,-0.11631,4,-61.5,1.7441,921.75,3
232.25,0.98728,0.21588,-0.11631,4,-61.5,0.056757,923.25,3
232.75,0.94038,0.2044,-0.12771,4,-61.5,1.2118,922.25,3
233,0.94038,0.2044,-0.12771,4,-65,0.58598,925.75,3
233.25,0.94038,0.2044,-0.12771,4,-62,2.6553,923.75,3
233.75,1.2452,0.078086,0.0091224,4,-64,1.1428,925.25,3
234,1.0928,0.15847,-0.059296,4,-62.5,5.2646,924.25,3
235,0.97555,0.2044,-0.12771,4,-63,4.7446,924.75,3
235.25,0.97555,0.2044,-0.12771,4,-61.5,1.2226,922.25,3
235.75,1.0459,0.18143,-0.082102,4,-61.5,0.63047,922.75,3
236,1.0459,0.18143,-0.082102,4,-62,5.3904,921.25,3
237,0.97555,0.21588,-0.12771,4,-61.5,1.7411,921.75,3
238,1.1632,0.11254,-0.025087,4,-62,5.7478,923.75,3
238.5,1.1045,0.1355,-0.047893,4,-62,2.2488,921.25,3
239.5,1.0107,0.2044,-0.11631,4,-61.5,0.073631,923.25,3
240,1.0928,0.15847,-0.082102,4,-61.5,1.2149,922.25,3
240.5,1.0928,0.15847,-0.082102,4,-62,5.7647,923.75,3
241,1.0811,0.15847,-0.070699,4,-62,5.395,921.25,3
241.25,1.0811,0.15847,-0.070699,4,-62.5,5.9273,920.75,3
241.5,0.98728,0.19292,-0.11631,4,-63.5,0.158,920.25,3
242,0.98728,0.19292,-0.11631,4,-61.5,1.7135,921.75,3
242.75,0.94038,0.2044,-0.13912,4,-64.5,0.52616,925.75,3
243.5,1.0225,0.2044,-0.11631,4,-63.5,1.0416,925.25,3
244,1.0342,0.2044,-0.11631,4,-63.5,0.14573,920.25,3
244.5,0.92865,0.21588,-0.12771,3,-52.5,5.711,923.25,3
245,1.0811,0.18143,-0.082102,4,-61.5,1.1505,922.25,3
245.75,1.0928,0.14698,-0.059296,4,-62,5.3797,921.25,3
246,1.0928,0.14698,-0.059296,4,-63.5,1.0569,925.25,3
246.5,0.98728,0.2044,-0.12771,4,-64,0.15186,920.25,3
246.75,0.98728,0.2044,-0.12771,4,-61.5,4.832,921.75,3
247.25,1.1632,0.11254,-0.047893,4,-62.5,1.5463,924.75,3
247.75,1.1397,0.1355,-0.047893,4,-61.5,5.6987,923.75,3
248,1.1397,0.1355,-0.047893,4,-61.5,0.57984,922.75,3
248.25,1.3039,0.066602,0.0091224,4,-64,1.0232,925.25,3
249.25,0.96383,0.21588,-0.12771,4,-61.5,1.6782,921.75,3
249.33,0.96383,0.21588,-0.12771,4,-61.5,6.2663,923.25,3
249.75,1.2921,0.055119,0.020525,4,-61.5,1.1505,922.25,3
250.5,0.98728,0.21588,-0.12771,4,-61.5,0.59825,922.75,3
251,1.3742,0.043636,0.043332,4,-62.5,5.8859,920.75,3
251.5,0.94038,0.21588,-0.13912,4,-63.5,0.1534,920.25,3
251.75,0.94038,0.21588,-0.13912,4,-61.5,1.7012,921.75,3
252,1.0576,0.16995,-0.070699,1,-62.5,5.1664,922.25,3
252.5,1.0576,0.16995,-0.070699,4,-64.5,0.49701,925.75,3
253.25,0.94038,0.21588,-0.12771,4,-64,1.014,925.25,3
253.5,0.94038,0.21588,-0.12771,4,-62.5,5.869,920.75,3
254,1.2452,0.089569,0.0091224,4,-61.5,1.6797,921.75,3
254.5,1.257,0.089569,0.0091224,4,-62.5,4.6648,924.75,3
255.25,1.1045,0.15847,-0.070699,4,-61.5,0.57371,922.75,3
255.75,1.1045,0.14698,-0.070699,4,-63,2.7489,920.75,3
256.5,0.97555,0.21588,-0.12771,4,-62,1.7089,921.75,3
256.75,0.97555,0.21588,-0.12771,4,-62.5,4.7032,924.75,3
257.25,1.0459,0.19292,-0.10491,4,-62,5.6819,923.75,3
257.75,0.96383,0.22737,-0.12771,4,-62.5,2.1844,921.25,3
258,0.96383,0.22737,-0.12771,4,-63,1.014,925.25,3
259,1.1045,0.15847,-0.082102,4,-61.5,1.6628,921.75,3
260.25,0.92865,0.21588,-0.15052,4,-61.5,0.58138,922.75,3
261.5,1.0811,0.16995,-0.082102,4,-61.5,0.013806,923.25,3
261.75,0.94038,0.21588,-0.13912,4,-61.5,1.1536,922.25,3
262.25,1.3039,0.055119,0.0091224,4,-61.5,2.6124,923.75,3
262.5,1.3039,0.055119,0.0091224,4,-62,3.7966,922.75,3
263.5,1.128,0.26182,-0.13912,4,-65.5,1.5769,924.25,3
263.75,1.3039,0.30775,-0.013684,3,-51,5.5499,921.75,3
264,0.92865,0.49148,-0.025087,1,-57.5,5.0928,923.25,1
264.5,0.70587,0.65224,0.36262,4,-59.5,0.62433,922.25,1
267.5,0.70587,0.65224,0.36262,4,-56.5,1.4496,922.75,4
267.63,0.70587,0.65224,0.36262,1,-61,4.2292,921.25,4
268.5,0.014071,1.1575,-0.03649,4,-51.5,6.274,920.25,4
268.6,0.014071,1.1575,-0.03649,3,-65,1.2042,920.25,4
269,0.14305,0.98526,-0.059296,4,-57,0.25157,924.75,4
269.5,0.14305,0.98526,-0.059296,4,-64.5,5.5515,925.75,4
