0,0.18995,1.2494,-0.13912,2,-68,5.5668,925.25,4
0.25,0.18995,1.2494,-0.13912,1,-47.5,4.4056,925.25,4
0.75,0.30721,0.97377,0.043332,2,-57,0.20709,920.25,4
2,0.30721,0.97377,0.043332,2,-56.5,5.7264,923.75,4
2.25,0.30721,0.97377,0.043332,2,-56,0.36049,921.25,4
3.5,0.18995,0.97377,-0.070699,2,-56,5.122,923.25,4
4.75,0.18995,0.97377,-0.070699,2,-56,1.5033,921.25,2
6.25,0.43619,0.95081,-0.047893,2,-57.5,5.2662,924.75,2
7.75,0.43619,0.95081,-0.047893,2,-57,0.44025,924.25,2
9.25,0.79967,0.81301,0.088944,2,-56.5,5.7202,923.75,2
9.75,0.79967,0.81301,0.088944,2,-56,0.65808,921.25,2
10,0.79967,0.81301,0.088944,2,-56,1.1351,920.75,2
10.5,0.79967,0.81301,0.088944,2,-57,4.6296,920.25,2
11,0.79967,0.81301,0.088944,2,-57.5,5.2754,924.75,2
12.75,0.79967,0.81301,0.088944,2,-58,6.2234,924.25,2
15,0.41273,0.92784,0.020525,2,-58,5.9181,920.75,2
18,0.41273,0.92784,0.020525,2,-57.5,1.8807,921.75,2
19.25,0.41273,0.92784,0.020525,2,-55.5,1.7641,922.75,2
19.75,0.41273,0.92784,0.020525,2,-57.5,2.6967,920.75,2
21,0.57689,0.87042,0.054735,2,-56,0.35895,924.75,2
21.25,0.57689,0.87042,0.054735,2,-55.5,5.0177,922.25,2
21.5,0.57689,0.87042,0.054735,2,-58,1.4956,922.75,2
24.25,0.45964,0.91636,-0.0022806,2,-57,1.8623,921.25,2
25.25,0.45964,0.91636,-0.0022806,2,-57,1.6782,921.75,2
31.25,0.45964,0.91636,-0.0022806,2,-57.5,0.013806,923.75,2
32,0.45964,0.91636,-0.0022806,2,-57,1.4097,920.75,2
32.75,0.45964,0.91636,-0.0022806,2,-57,6.1482,923.25,2
33.5,0.45964,0.91636,-0.0022806,2,-59,4.829,925.75,2
35.25,0.49481,0.91636,-0.059296,2,-57,5.9733,923.25,2
36.25,0.49481,0.91636,-0.059296,2,-58,5.8077,923.75,2
37,0.49481,0.91636,-0.059296,2,-58,5.4579,924.25,2
37.75,0.49481,0.91636,-0.059296,2,-57,4.9133,924.75,2
42.75,0.42446,0.95081,-0.059296,2,-58.5,5.6665,924.75,2
43.5,0.42446,0.95081,-0.059296,2,-56.5,0.17027,922.75,2
45,0.42446,0.95081,-0.059296,2,-58,0.28532,923.25,2
47.25,0.42446,0.95081,-0.059296,2,-58,1.1244,921.75,2
51.5,0.48309,0.92784,-0.025087,2,-58,1.4404,920.75,2
52.5,0.48309,0.92784,-0.025087,2,-59,5.461,924.75,2
54.25,0.48309,0.92784,-0.025087,2,-58.5,5.7448,924.25,2
57.5,0.48309,0.92784,-0.025087,2,-58.5,0.76085,922.25,2
65.25,0.48309,0.92784,-0.025087,2,-59.5,4.8873,925.75,2
66.75,0.68242,0.83597,0.16876,2,-57,0.55837,921.75,2
67.5,0.68242,0.83597,0.16876,2,-59.5,5.2217,925.75,2
70.25,0.68242,0.83597,0.16876,2,-57.5,4.8781,922.75,2
71.75,0.68242,0.83597,0.16876,2,-58,5.4917,921.75,2
72.75,0.68242,0.83597,0.16876,2,-57.5,4.8781,922.75,2
77.75,0.68242,0.88191,0.020525,2,-59,0.15493,921.25,2
90,0.68242,0.88191,0.020525,2,-58.5,5.711,922.75,2
93.5,0.68242,0.88191,0.020525,2,-57.5,0.076699,921.75,2
101.25,0.7645,0.82449,0.15736,2,-59,4.8597,924.75,2
103.25,0.7645,0.82449,0.15736,2,-57.5,0.2393,921.75,2
104.25,0.7645,0.82449,0.15736,2,-57,5.3735,923.75,2
107.25,0.7645,0.82449,0.15736,2,-59,0.37122,921.25,2
112.25,0.62379,0.83597,0.088944,2,-59,4.7845,925.25,2
114,0.62379,0.83597,0.088944,2,-57.5,5.3398,923.75,2
116,0.62379,0.83597,0.088944,2,-58,5.4686,922.25,2
120,0.62379,0.83597,0.088944,2,-58.5,0.56144,920.25,2
123.25,0.62379,0.83597,0.088944,2,-58.5,4.6664,924.75,2
135.25,0.58862,0.88191,0.054735,2,-60.5,0.81915,924.75,2
138.5,0.58862,0.88191,0.054735,2,-58,4.9931,922.75,2
140.75,0.58862,0.88191,0.054735,2,-57.5,4.4317,923.75,2
148.25,0.58862,0.88191,0.054735,2,-58,4.7078,923.75,2
152.75,0.58862,0.88191,0.054735,2,-58.5,5.7647,922.25,2
156.5,0.58862,0.88191,0.054735,2,-59,4.7109,924.25,2
158.5,0.58862,0.88191,0.054735,2,-59,0.40804,920.75,2
161.75,0.58862,0.88191,0.054735,2,-58,5.1204,923.25,2
165,0.63552,0.85894,0.043332,2,-58,4.5697,923.75,2
167.25,0.63552,0.85894,0.043332,2,-57.5,5.3613,922.25,2
169,0.63552,0.85894,0.043332,2,-57.5,4.8121,923.25,2
170.75,0.63552,0.85894,0.043332,2,-58.5,6.274,920.75,2
172,0.63552,0.85894,0.043332,2,-57,5.3106,922.25,2
175.25,0.63552,0.85894,0.043332,2,-58.5,0.53536,922.75,2
181.5,0.52999,0.91636,0.11175,2,-58,5.4732,923.25,2
185.5,0.52999,0.91636,0.11175,2,-58.5,5.0315,924.25,2
191.5,0.52999,0.91636,0.11175,2,-58.5,5.9012,922.25,2
198.75,0.47136,0.92784,-0.059296,4,-58.5,6.1129,922.25,4
200,-0.021106,1.0771,-0.03649,1,-62,0.68722,920.75,4
200.75,0.20168,0.98526,0.020525,4,-56,5.0805,923.25,4
201,0.20168,0.98526,0.020525,4,-58.5,0.52155,924.75,4
201.75,0.20168,0.98526,0.020525,4,-58,1.5539,923.75,4
202.25,0.20168,0.98526,0.020525,1,-61,2.235,921.25,4
203,0.20168,0.98526,0.020525,4,-56.5,5.6159,920.25,4
203.08,0.20168,0.98526,0.020525,4,-56,0.61666,921.75,4
204,0.54171,0.88191,-0.025087,1,-67.5,0.59979,925.75,1
204.5,0.54171,0.88191,-0.025087,1,-61.5,6.185,922.75,1
204.75,0.54171,0.88191,-0.025087,1,-61.5,4.6372,920.75,1
205.75,0.62379,0.87042,0.043332,1,-62,5.4456,923.25,1
206.25,0.62379,0.87042,0.043332,4,-56.5,5.3904,922.25,1
206.5,0.62379,0.87042,0.043332,4,-57,4.0911,923.75,1
206.75,0.62379,0.87042,0.043332,1,-62,5.8184,922.75,1
207.5,0.45964,0.82449,0.18017,1,-62,0.96181,924.25,1
208.25,0.45964,0.82449,0.18017,3,-68.5,1.1229,923.25,1
208.75,0.45964,0.82449,0.18017,4,-56.5,5.8307,922.25,1
209,0.45964,0.82449,0.18017,4,-57,1.0492,923.75,1
209.25,0.45964,0.82449,0.18017,1,-63,6.1114,922.75,1
211.5,0.56517,0.88191,0.043332,1,-65,6.2065,922.75,1
213,0.56517,0.88191,0.043332,1,-63.5,6.0761,923.25,1
214,0.56517,0.88191,0.043332,1,-63.5,0.17334,922.75,1
215.25,0.56517,0.88191,0.043332,1,-64.5,1.1735,921.75,1
216.5,0.56517,0.88191,0.043332,1,-65,0.69336,922.75,1
218.75,0.58862,0.87042,0.0091224,1,-65,5.4656,923.75,1
219.75,0.58862,0.87042,0.0091224,1,-64,5.0238,924.25,1
221,0.58862,0.87042,0.0091224,1,-66.5,0.61052,925.75,1
222.75,0.58862,0.87042,0.0091224,4,-57.5,5.0269,923.25,1
224,0.58862,0.87042,0.0091224,1,-64.5,4.5559,921.25,1
225.25,0.58862,0.87042,0.0091224,4,-57.5,1.873,923.25,1
225.75,0.58862,0.87042,0.0091224,4,-57.5,6.0868,922.25,1
226.25,0.58862,0.87042,0.0091224,1,-62.5,3.5159,922.75,1
228.5,0.65897,0.85894,0.031928,4,-58,1.2164,923.75,1
229.5,0.65897,0.85894,0.031928,4,-59,0.70103,924.25,1
230.5,0.65897,0.85894,0.031928,1,-65.5,4.582,924.75,1
232.75,0.65897,0.85894,0.031928,1,-66.5,1.399,924.75,1
236,0.57689,0.88191,-0.0022806,1,-64,0.28225,922.75,1
237.5,0.57689,0.88191,-0.0022806,1,-66,1.4742,924.75,1
239,0.57689,0.88191,-0.0022806,1,-65,3.9561,920.75,1
239.75,0.57689,0.88191,-0.0022806,1,-66,1.3591,921.75,1
240.25,0.57689,0.88191,-0.0022806,3,-58,2.2304,922.25,1
240.75,0.57689,0.88191,-0.0022806,4,-58.5,0.6412,922.75,1
242.75,0.51826,0.90487,0.020525,4,-57.5,0.28992,922.25,1
243.25,0.51826,0.90487,0.020525,4,-57.5,5.9979,922.75,1
244,0.51826,0.90487,0.020525,4,-57,1.2993,924.25,1
244.75,0.51826,0.90487,0.020525,4,-57,5.4104,923.25,1
245.75,0.51826,0.90487,0.020525,4,-58,4.4317,921.25,1
246.75,0.51826,0.90487,0.020525,1,-64.5,2.2964,924.25,1
248.5,0.54171,0.89339,0.0091224,1,-63.5,5.1066,921.25,1
249.75,0.54171,0.89339,0.0091224,4,-57,2.258,923.25,1
250.25,0.54171,0.89339,0.0091224,1,-64,5.8951,923.75,1
251.5,0.54171,0.89339,0.0091224,1,-64.5,2.2872,924.25,1
253.25,0.70587,0.84746,0.077541,1,-63.5,5.0698,921.25,1
254.5,0.70587,0.84746,0.077541,1,-65.5,5.0192,924.75,1
255.5,0.70587,0.84746,0.077541,4,-57.5,5.8844,922.75,1
256.5,0.70587,0.84746,0.077541,4,-57.5,1.221,924.25,1
257.25,0.70587,0.84746,0.077541,1,-65.5,1.9113,924.75,1
258,0.70587,0.84746,0.077541,1,-64,5.1281,921.25,1
259.25,0.70587,0.84746,0.077541,4,-57,5.3797,923.25,1
260.5,0.65897,0.84746,0.054735,1,-64.5,5.1036,921.25,1
261.75,0.65897,0.84746,0.054735,1,-63.5,6.1405,923.25,1
262.5,0.65897,0.84746,0.054735,1,-62.5,5.2708,923.75,1
263.25,0.65897,0.84746,0.054735,4,-58,6.1252,920.75,1
264,0.65897,0.84746,0.054735,1,-64,0.15033,921.75,1
265.28,0.58862,0.91636,-0.047893,1,-63,6.2402,922.75,1
266.5,0.58862,0.91636,-0.047893,4,-57.5,3.8119,921.75,1
267,0.58862,0.91636,-0.047893,4,-58,0.11198,922.25,1
267.75,0.58862,0.91636,-0.047893,4,-57.5,5.9258,922.75,1
269,0.58862,0.91636,-0.047893,4,-57,2.1598,923.25,1
270.5,0.56517,0.90487,-0.0022806,1,-66.5,1.4327,925.25,1
271.5,0.56517,0.90487,-0.0022806,1,-64.5,0.070563,923.25,1
272.5,0.56517,0.90487,-0.0022806,1,-64,0.56297,922.75,1
274,0.56517,0.90487,-0.0022806,1,-64,0.049087,923.25,1
274.75,0.56517,0.90487,-0.0022806,4,-57.5,1.7257,923.75,1
275.75,0.56517,0.90487,-0.0022806,4,-57.5,1.2026,924.25,1
277.25,0.67069,0.83597,0.043332,4,-58,0.80381,923.75,1
277.5,0.67069,0.83597,0.043332,1,-64.5,0.75012,921.25,1
278.25,0.67069,0.83597,0.043332,4,-57,4.3412,924.25,1
278.5,0.67069,0.83597,0.043332,1,-60,0.86056,920.25,1
278.75,0.67069,0.83597,0.043332,3,-63,5.3613,923.25,1
279.75,1.0342,0.3422,0.20297,3,-58.5,0.03068,923.75,3
280,1.0342,0.3422,0.20297,3,-57,1.5585,921.25,3
280.07,1.0342,0.3422,0.20297,1,-56.5,0.42338,921.25,3
280.5,0.87003,0.37665,-0.070699,4,-61,0.79153,920.75,3
280.6,0.87003,0.37665,-0.070699,4,-64.5,4.223,924.25,3
281,1.1163,-0.025263,-0.082102,4,-66.5,4.7814,921.75,3
281.25,1.1163,-0.025263,-0.082102,4,-66,0.48627,923.25,3
283.25,1.0694,0.089569,-0.16192,4,-65,6.2326,920.25,3
283.5,1.0694,0.089569,-0.16192,3,-53.5,5.573,923.25,3
284,1.1397,0.043636,-0.11631,4,-63.5,4.0697,922.25,3
284.5,1.1397,0.043636,-0.11631,4,-63.5,5.5545,923.75,3
285.5,1.128,0.055119,-0.10491,4,-64.5,5.0054,924.25,3
286.25,1.1045,0.066602,-0.12771,4,-63.5,5.9948,923.25,3
287.75,1.0459,0.10105,-0.17333,4,-66,0.90045,925.25,3
288.75,0.94038,0.1355,-0.19613,4,-65,4.516,924.75,3
289,0.94038,0.1355,-0.19613,4,-63.5,0.88817,922.25,3
290.25,1.0928,0.066602,-0.13912,4,-64.5,5.5868,920.75,3
290.75,1.0225,0.1355,-0.18473,4,-63,1.4358,921.75,3
291.25,1.0225,0.1355,-0.18473,4,-65,1.3514,924.75,3
291.5,1.0225,0.1355,-0.18473,4,-63,4.0819,922.25,3
292.75,1.1866,0.032153,-0.082102,4,-64.5,5.5852,920.75,3
293,1.1866,0.032153,-0.082102,4,-65,6.0853,920.25,3
293.75,1.339,-0.025263,-0.047893,4,-63,3.9607,922.25,3
294,1.339,-0.025263,-0.047893,3,-56.5,1.063,925.75,3
294.75,1.1514,0.055119,-0.10491,4,-65.5,0.81608,925.25,3
296.5,1.0811,0.089569,-0.15052,4,-66.5,0.26078,925.75,3
297,0.99901,0.14698,-0.19613,4,-63.5,1.9205,921.25,3
297.5,0.99901,0.14698,-0.19613,4,-64,5.5499,920.75,3
297.75,0.99901,0.14698,-0.19613,4,-64,1.7856,924.25,3
301,1.3273,-0.025263,-0.059296,4,-64.5,1.2425,924.75,3
302.25,1.2687,0.0091865,-0.12771,4,-65.5,5.9334,920.75,3
303,0.9521,0.21588,-0.13912,4,-63,4.8336,921.75,3
303.5,1.1632,0.1355,-0.013684,4,-63,1.1919,922.25,3
304.75,1.0342,0.16995,-0.13912,4,-65,0.60899,925.25,3
305,1.0342,0.16995,-0.13912,4,-63.5,4.8673,924.25,3
305.75,1.0459,0.14698,-0.18473,4,-63.5,5.9963,923.25,3
306.5,0.97555,0.18143,-0.20754,4,-63,5.3797,923.75,3
306.75,0.97555,0.18143,-0.20754,4,-63,1.8423,921.25,3
307.5,1.339,0.0091865,-0.047893,4,-63.5,4.8735,924.25,3
308.75,1.2452,0.055119,-0.082102,4,-66.5,0.19021,925.75,3
309,1.2452,0.055119,-0.082102,4,-63,0.19635,922.75,3
309.25,1.2452,0.055119,-0.082102,4,-63,4.99,921.25,3
309.5,1.2452,0.055119,-0.082102,4,-64,5.5055,920.75,3
310.75,1.1749,0.078086,-0.10491,4,-63.5,0.7808,922.25,3
311.25,1.1749,0.078086,-0.10491,4,-63.5,5.3521,923.75,3
311.75,1.1749,0.066602,-0.11631,4,-65.5,0.65501,925.25,3
312.25,1.1749,0.066602,-0.11631,4,-63,1.6782,924.25,3
313,1.3859,-0.0022966,-0.03649,4,-63,5.8613,923.25,3
313.75,1.1632,0.089569,-0.10491,4,-63,5.3567,923.75,3
314,1.1632,0.089569,-0.10491,4,-63,4.9425,921.25,3
314.75,1.1749,0.078086,-0.10491,4,-63.5,4.8597,924.25,3
315,1.1749,0.078086,-0.10491,4,-63,1.3514,921.75,3
315.5,1.1749,0.078086,-0.10491,4,-64,4.3596,924.75,3
315.75,1.1749,0.078086,-0.10491,4,-63,0.77313,922.25,3
317.25,1.3156,0.02067,-0.059296,4,-63.5,1.6843,924.25,3
317.75,1.1045,0.12402,-0.15052,4,-63,5.8613,923.25,3
318.25,1.1045,0.12402,-0.15052,4,-63,0.7133,922.25,3
318.5,1.1045,0.12402,-0.15052,4,-63,5.3413,923.75,3
319,0.98728,0.18143,-0.19613,4,-63.5,1.8178,921.25,3
319.75,0.98728,0.15847,-0.19613,4,-64.5,5.9979,920.25,3
320.75,1.2218,0.032153,-0.10491,4,-63,0.73017,922.25,3
322,0.98728,0.16995,-0.19613,4,-63.5,5.4334,920.75,3
322.75,1.2335,0.043636,-0.093505,4,-62.5,5.8491,923.25,3
323.5,1.1632,0.078086,-0.11631,4,-63,2.1721,923.75,3
323.75,1.1632,0.078086,-0.11631,4,-63.5,4.967,921.25,3
324.5,1.339,-0.01378,-0.070699,4,-65,5.9917,920.25,3
325,1.339,-0.01378,-0.070699,4,-63,1.3116,921.75,3
325.5,1.2218,0.043636,-0.093505,4,-63,0.77619,922.25,3
326,1.2218,0.043636,-0.093505,4,-63,5.3321,923.75,3
326.75,1.0459,0.1355,-0.17333,4,-63.5,5.4303,920.75,3
327.5,1.1163,0.11254,-0.13912,4,-63,1.3008,921.75,3
327.75,1.1163,0.11254,-0.13912,4,-64,1.1505,924.75,3
328,1.1163,0.11254,-0.13912,4,-66,0.096641,925.75,3
328.5,1.1163,0.11254,-0.13912,4,-63,0.11658,922.75,3
330.78,1.1983,0.089569,-0.11631,4,-62.5,5.2754,923.75,3
331,1.1983,0.089569,-0.11631,4,-62.5,4.9149,921.25,3
332.5,1.0811,0.1355,-0.16192,4,-62.5,5.8383,923.25,3
333,1.0576,0.1355,-0.16192,3,-56.5,1.0861,925.75,3
333.25,1.0576,0.1355,-0.16192,4,-63.5,5.3873,923.75,3
333.5,1.0576,0.1355,-0.16192,4,-63.5,4.9977,921.25,3
334.75,0.99901,0.16995,-0.20754,4,-62.5,5.915,923.25,3
335.25,0.99901,0.16995,-0.20754,4,-63,0.77619,922.25,3
335.75,0.99901,0.16995,-0.20754,4,-62.5,2.2166,923.75,3
336.75,1.2335,0.078086,-0.093505,4,-65,5.9273,920.25,3
337.25,1.2335,0.078086,-0.093505,4,-63,5.8046,923.25,3
338,0.97555,0.19292,-0.24174,4,-62.5,2.1875,923.75,3
338.5,0.97555,0.19292,-0.24174,4,-63,1.7257,921.25,3
339,0.97555,0.19292,-0.24174,4,-63.5,5.3643,920.75,3
339.75,1.0576,0.14698,-0.18473,3,-54.5,5.5484,923.25,3
340.25,1.3742,0.02067,-0.059296,3,-56.5,1.0462,925.75,3
340.75,1.3742,0.02067,-0.059296,4,-63,0.056757,922.75,3
341.25,1.1163,0.11254,-0.16192,4,-64,5.3505,920.75,3
341.75,1.1163,0.11254,-0.16192,4,-64.5,5.8751,920.25,3
342.5,1.3742,0.0091865,-0.059296,4,-63,0.68722,922.25,3
343,1.3742,0.0091865,-0.059296,4,-62.5,5.2646,923.75,3
343.5,1.3742,0.0091865,-0.059296,4,-63.5,1.738,921.25,3
344.25,1.3742,0.0091865,-0.059296,4,-64.5,5.8659,920.25,3
344.5,1.3742,0.0091865,-0.059296,4,-62.5,5.78,923.25,3
344.75,1.3742,0.0091865,-0.059296,4,-63.5,4.2323,924.75,3
345.75,1.0459,0.14698,-0.18473,4,-62.5,0.079767,922.75,3
346,1.0459,0.14698,-0.18473,3,-56.5,1.2548,925.25,3
346.25,1.0459,0.14698,-0.18473,4,-64,5.3827,920.75,3
347,1.128,0.11254,-0.15052,4,-62.5,5.8061,923.25,3
348,1.1163,0.11254,-0.15052,4,-62.5,0.084369,922.75,3
348.75,1.1632,0.078086,-0.13912,4,-63,4.7415,924.25,3
349,1.1632,0.078086,-0.13912,4,-65.5,5.915,920.25,3
349.5,1.1397,0.21588,-0.12771,4,-65.5,1.2134,924.75,3
349.75,1.1397,0.21588,-0.12771,1,-57,0.76085,922.25,3
350.25,1.1397,0.21588,-0.12771,3,-57,1.0922,923.75,3
350.75,0.89348,0.56038,-0.32157,4,-60,5.3214,921.25,1
351.25,0.58862,0.82449,0.031928,4,-57.5,5.6006,920.25,1
352.25,0.58862,0.82449,0.031928,3,-68,5.8629,922.25,1
355,0.58862,0.82449,0.031928,1,-62,6.2157,923.75,1
355.75,0.62379,0.85894,-0.0022806,4,-58.5,1.399,920.75,1
356.25,0.62379,0.85894,-0.0022806,4,-59.5,4.2813,924.25,1
356.5,0.62379,0.85894,-0.0022806,1,-59.5,0.97101,921.75,1
367.5,0.62379,0.85894,-0.0022806,1,-61,0.57217,922.75,1
368.25,0.62379,0.85894,-0.0022806,1,-60,1.8592,920.75,1
370.75,0.62379,0.85894,-0.0022806,4,-58.5,4.4025,924.25,1
371.25,0.62379,0.85894,-0.0022806,1,-60,6.2004,923.25,1
382.25,0.62379,0.85894,-0.0022806,4,-57.5,0.87744,922.75,1
383.5,0.54171,0.91636,0.066138,3,-64.5,0.158,923.25,1
384,0.54171,0.91636,0.066138,4,-60,1.557,925.75,1
384.75,0.54171,0.91636,0.066138,1,-60,2.7213,921.25,1
400.5,0.54171,0.91636,0.066138,4,-59,5.6849,923.25,1
401.25,0.54171,0.91636,0.066138,4,-58.5,4.536,923.75,1
419.25,0.54171,0.91636,0.066138,1,-61,0.039884,920.75,1
420.25,0.60034,0.88191,0.088944,1,-63.5,3.4269,924.75,1
420.75,0.60034,0.88191,0.088944,1,-61,1.017,923.75,1
421.25,0.60034,0.88191,0.088944,4,-58.5,0.12272,922.75,1
421.5,0.60034,0.88191,0.088944,1,-62.5,5.8491,925.25,1
422,0.60034,0.88191,0.088944,4,-58.5,2.6308,920.25,1
423.25,0.45964,0.97377,-0.013684,4,-59,5.5085,923.75,1
425.25,0.45964,0.97377,-0.013684,1,-63.5,3.8932,924.75,1
428.5,-0.0093803,0.87042,0.0091224,4,-49,1.4926,921.25,4
449.25,1.3977,-0.14009,0.12315,1,-59.5,6.1068,923.25,3
449.5,1.3977,-0.14009,0.12315,1,-57.5,5.0422,924.75,3
449.75,0.99901,0.066602,-0.03649,4,-63.5,1.8975,922.25,3
450,0.99901,0.066602,-0.03649,3,-52,5.5791,923.75,3
450.25,1.0694,0.055119,-0.047893,4,-62.5,4.4439,922.75,3
450.75,1.1983,0.032153,0.077541,4,-66,1.8929,925.25,3
451.5,1.3039,-0.036746,0.066138,4,-64.5,0.61359,920.25,3
451.6,1.3039,-0.036746,0.066138,4,-63.5,2.0939,921.75,3
451.75,1.3039,-0.036746,0.066138,4,-64,3.792,923.25,3
452,1.3039,-0.036746,0.066138,4,-63,1.6674,922.25,3
452.5,1.3508,-0.071196,0.088944,1,-59,5.5193,923.75,3
452.75,1.3508,-0.071196,0.088944,3,-51.5,6.1773,922.75,3
453,0.92865,0.11254,-0.11631,3,-51,0.91732,921.25,3
453.1,0.92865,0.11254,-0.11631,4,-63.5,5.7954,921.25,3
453.75,1.2335,-0.0022966,0.020525,3,-51,4.6725,920.25,3
454.25,1.1983,0.02067,0.020525,4,-65,2.143,924.75,3
455,1.0225,0.11254,-0.059296,4,-64.5,6.2402,923.75,3
455.25,1.2335,0.02067,0.11175,1,-58,0.53996,922.75,3
455.5,1.2335,0.02067,0.11175,3,-50.5,0.97408,921.25,3
455.58,1.2335,0.02067,0.11175,1,-59,1.8853,921.25,3
455.75,1.0225,0.14698,0.043332,3,-50.5,4.4455,920.75,3
456,0.94038,0.1355,0.0091224,4,-64.5,0.001534,924.25,3
456.25,0.94038,0.1355,0.0091224,4,-64,1.014,920.25,3
456.5,0.99901,0.15847,-0.0022806,4,-63.5,0.7133,923.25,3
457,1.0107,0.11254,-0.025087,4,-62.5,1.6245,922.25,3
457.25,1.0107,0.11254,-0.025087,4,-67,1.1382,925.75,3
457.75,0.94038,0.12402,-0.082102,4,-62.5,2.5771,921.25,3
458.25,1.2687,0.0091865,0.054735,4,-64,0.024544,920.75,3
458.5,1.2687,0.0091865,0.054735,3,-51.5,1.5693,920.25,3
458.75,1.2687,0.0091865,0.054735,4,-65,0.4065,920.25,3
459.25,1.0576,0.12402,-0.03649,1,-61,6.208,923.25,3
460,1.0459,0.11254,-0.047893,4,-62.5,1.037,922.75,3
460.25,1.0459,0.11254,-0.047893,4,-63,5.7494,921.25,3
460.5,1.0459,0.11254,-0.047893,4,-64.5,1.985,925.25,3
460.75,0.94038,0.14698,0.15736,3,-50,1.063,920.75,3
460.85,0.94038,0.14698,0.15736,4,-61,4.3949,920.75,3
461.25,1.1866,0.032153,0.23718,4,-61.5,0.076699,921.75,3
461.5,0.98728,0.15847,0.077541,4,-62.5,1.5693,923.25,3
462,0.94038,0.14698,0.088944,3,-51,0.39577,922.25,3
462.5,0.98728,0.14698,0.10035,3,-50.5,6.07,922.75,3
462.6,0.98728,0.14698,0.10035,4,-61.5,1.7089,922.75,3
462.75,0.9052,0.1355,0.020525,3,-50.5,0.79153,921.25,3
463,1.0576,0.11254,0.031928,3,-50.5,1.221,920.75,3
463.1,1.0576,0.11254,0.031928,4,-61.5,3.4576,920.75,3
463.5,0.99901,0.14698,0.043332,3,-50.5,4.6909,920.25,3
463.6,0.99901,0.14698,0.043332,3,-50.5,4.6756,920.25,3
463.75,0.9521,0.14698,-0.013684,4,-62,5.596,921.75,3
464,0.97555,0.15847,0.0091224,4,-62,0.83295,923.25,3
464.25,0.97555,0.15847,0.0091224,4,-64,5.4855,924.75,3
464.5,0.97555,0.15847,0.0091224,4,-62,1.8899,922.25,3
464.75,0.97555,0.15847,0.0091224,4,-63.5,0.25157,923.75,3
465.25,1.1983,0.043636,0.10035,4,-65,1.9405,925.25,3
465.5,1.1983,0.043636,0.10035,4,-62.5,0.37276,920.75,3
466.5,1.3156,-0.01378,0.12315,4,-65,5.4717,924.75,3
467,0.91693,0.14698,-0.03649,4,-66,1.3852,925.75,3
467.5,0.92865,0.1355,-0.047893,4,-62,5.8859,921.25,3
468,1.3156,-0.025263,0.11175,3,-50.5,1.1305,920.75,3
468.1,1.3156,-0.025263,0.11175,4,-62,0.13039,920.75,3
468.5,0.99901,0.1355,-0.03649,1,-60,2.4973,920.25,3
468.75,1.2218,0.0091865,0.088944,1,-59,6.254,923.25,3
469.25,1.1397,0.055119,0.054735,1,-59,0.8621,922.25,3
469.35,1.1397,0.055119,0.054735,4,-62.5,1.557,922.25,3
470,1.0107,0.12402,-0.025087,4,-62,1.172,922.75,3
470.08,1.0107,0.12402,-0.025087,3,-50.5,0.75318,921.25,3
470.13,1.0107,0.12402,-0.025087,4,-61.5,2.6937,921.25,3
470.78,1.2687,0.02067,0.088944,4,-64,0.66268,920.25,3
471,1.2687,0.02067,0.088944,4,-63,2.1414,921.75,3
471.25,1.2687,0.02067,0.088944,4,-63.5,0.60132,923.25,3
471.75,1.339,-0.01378,0.14596,4,-62.5,4.8228,922.25,3
472.5,1.1163,0.10105,0.020525,1,-59,1.5999,921.25,3
472.6,1.1163,0.10105,0.020525,4,-63,5.8767,921.25,3
474,1.1866,0.043636,0.077541,4,-64.5,2.3086,924.75,3
474.5,0.92865,0.12402,-0.047893,4,-64,0.13499,923.75,3
474.75,0.92865,0.12402,-0.047893,4,-63,1.1812,922.75,3
475,0.92865,0.12402,-0.047893,4,-63,5.8506,921.25,3
475.25,0.94038,0.14698,-0.025087,3,-50,4.2123,920.75,3
475.5,0.94038,0.14698,-0.025087,4,-61.5,6.2817,920.75,3
475.75,1.0576,0.11254,0.020525,4,-63,0.48781,920.25,3
476,1.1749,0.043636,0.066138,1,-59,6.2264,923.25,3
476.25,1.1749,0.043636,0.066138,4,-63.5,0.52309,923.25,3
476.5,0.92865,0.1355,-0.047893,3,-50.5,0.001534,922.25,3
476.6,0.92865,0.1355,-0.047893,4,-62.5,4.7032,922.25,3
477,0.92865,0.14698,-0.059296,1,-59,0.39117,922.75,3
477.25,0.91693,0.14698,-0.03649,3,-50.5,0.70256,921.25,3
477.35,0.91693,0.14698,-0.03649,3,-50.5,0.69796,921.25,3
477.5,0.9521,0.14698,-0.03649,4,-66,4.8643,925.25,3
478,1.3625,-0.025263,0.12315,4,-64,2.7243,924.25,3
478.1,1.3625,-0.025263,0.12315,4,-63.5,0.60132,920.25,3
478.25,1.3625,-0.025263,0.12315,4,-62,2.2273,921.75,3
478.75,1.2452,0.0091865,0.088944,3,-51,2.5955,923.25,3
478.85,1.2452,0.0091865,0.088944,3,-52,1.7257,924.75,3
479,1.1866,0.043636,0.043332,4,-62,1.6644,922.25,3
479.25,0.94038,0.14698,-0.059296,4,-63.5,0.069029,923.75,3
479.5,0.94038,0.14698,-0.059296,4,-62,1.1582,922.75,3
480,0.9521,0.12402,-0.070699,3,-52.5,4.516,925.25,3
480.25,1.1514,0.043636,0.054735,4,-63.5,0.38656,920.75,3
480.5,1.2218,0.066602,0.19157,3,-50,4.6265,920.25,3
480.75,1.2218,0.066602,0.19157,3,-50,4.6372,920.25,3
480.88,1.1163,0.16995,0.11175,4,-65.5,5.5085,921.75,3
481.25,0.92865,0.14698,0.020525,4,-61.5,1.8454,922.25,3
481.75,1.0107,0.16995,0.031928,3,-51,2.2166,923.75,3
482,0.99901,0.16995,0.0091224,3,-51,6.0071,922.75,3
482.1,0.99901,0.16995,0.0091224,1,-59,0.35128,922.75,3
482.25,0.96383,0.14698,-0.03649,4,-66,4.9839,925.25,3
483,0.94038,0.15847,-0.047893,4,-64,0.6412,920.25,3
483.25,0.94038,0.15847,-0.047893,1,-59,1.1858,921.75,3
483.5,0.98728,0.16995,-0.025087,4,-63.5,0.63814,923.25,3
483.75,0.98728,0.16995,-0.025087,1,-59,4.8673,924.75,3
483.85,0.98728,0.16995,-0.025087,4,-62.5,4.8428,922.25,3
484,0.98728,0.16995,-0.025087,4,-66.5,1.4358,925.75,3
484.25,1.0107,0.14698,-0.025087,1,-59,5.711,923.75,3
484.75,1.1163,0.078086,0.043332,4,-62.5,5.8997,921.25,3
485,1.0342,0.14698,-0.025087,1,-59,2.054,920.75,3
485.1,1.0342,0.14698,-0.025087,4,-63,0.096641,920.75,3
485.25,1.0342,0.14698,-0.025087,4,-64.5,5.889,924.25,3
485.5,1.0342,0.14698,-0.025087,4,-63.5,0.67035,920.25,3
485.75,1.0811,0.12402,-0.0022806,1,-59,6.1421,923.25,3
486,1.0811,0.12402,-0.0022806,4,-63.5,0.56757,923.25,3
486.25,1.0342,0.1355,-0.013684,4,-62.5,1.6122,922.25,3
486.75,1.1866,0.055119,0.054735,4,-64,0.033748,923.75,3
487,1.1866,0.055119,0.054735,4,-63,1.1259,922.75,3
487.25,1.1866,0.055119,0.054735,4,-63,5.7739,921.25,3
488.25,1.3156,-0.0022966,0.11175,4,-63.5,3.7383,923.25,3
488.5,1.0225,0.1355,-0.013684,4,-65,2.2534,924.75,3
488.75,1.0225,0.1355,-0.013684,4,-62.5,1.6628,922.25,3
489,1.0225,0.1355,-0.013684,3,-51.5,5.3919,923.75,3
489.25,0.96383,0.14698,-0.03649,4,-64,0.049087,923.75,3
489.5,0.96383,0.14698,-0.03649,3,-51,5.9718,922.75,3
489.6,0.94038,0.15847,-0.047893,4,-63,5.7156,921.25,3
491,0.98728,0.15847,-0.025087,3,-51,0.0061359,922.25,3
491.25,0.98728,0.15847,-0.025087,3,-51,0.018408,922.25,3
492,1.3039,-0.01378,0.11175,1,-59,1.6091,921.25,3
492.25,0.9521,0.14698,-0.03649,3,-51,1.1152,920.75,3
492.35,0.9521,0.14698,-0.03649,4,-63,0.033748,920.75,3
492.75,1.2335,0.032153,0.077541,4,-63.5,0.54763,920.25,3
493,1.0694,0.12402,-0.0022806,4,-63.5,0.50468,923.25,3
493.5,1.0107,0.14698,-0.025087,3,-51,0.0061359,922.25,3
493.6,1.0107,0.14698,-0.025087,3,-51,0.0076699,922.25,3
493.75,1.0107,0.14698,-0.025087,1,-58.5,0.72864,922.25,3
494,1.4094,-0.01378,0.14596,3,-51.5,5.3091,923.75,3
494.75,1.2687,0.02067,0.088944,4,-63,6.231,920.75,3
495.25,1.2804,0.02067,0.10035,3,-51,0.33594,921.75,3
495.5,1.2804,0.02067,0.10035,3,-51,0.33594,921.75,3
496,1.3508,-0.0022966,0.10035,4,-65,2.0923,924.75,3
496.25,0.92865,0.14698,-0.059296,4,-67,1.2548,925.75,3
496.75,1.0928,0.10105,0.020525,1,-59,0.30526,922.75,3
497.5,0.99901,0.14698,-0.025087,4,-64,2.6584,924.25,3
497.75,0.99901,0.14698,-0.025087,4,-63.5,0.59672,920.25,3
498.5,1.2335,0.032153,0.077541,4,-62.5,4.7078,922.25,3
498.75,1.2335,0.032153,0.077541,4,-66,1.2563,925.75,3
499.75,1.0107,0.15847,-0.025087,4,-63.5,6.274,920.75,3
500,1.0107,0.15847,-0.025087,1,-59,5.1695,924.25,3
500.25,1.1749,0.055119,0.043332,3,-50.5,0.3114,921.75,3
500.35,1.1749,0.055119,0.043332,1,-59,1.1551,921.75,3
500.5,1.1749,0.055119,0.043332,4,-63,3.568,923.25,3
500.75,0.98728,0.16995,-0.025087,3,-51,6.2617,922.25,3
501,0.98728,0.16995,-0.025087,3,-51,6.2464,922.25,3
501.25,0.98728,0.14698,-0.03649,4,-66.5,1.1704,925.75,3
501.35,0.98728,0.14698,-0.03649,1,-59,5.5622,923.75,3
501.75,1.1632,0.078086,0.043332,4,-63,5.7095,921.25,3
502,0.94038,0.15847,-0.03649,4,-63.5,6.2157,920.75,3
502.5,1.1163,0.089569,0.020525,4,-63.5,0.48781,920.25,3
503,0.98728,0.15847,-0.047893,3,-51.5,5.6006,923.25,3
503.5,0.92865,0.14698,-0.070699,4,-66,1.2425,925.75,3
504,0.9052,0.1355,-0.059296,1,-59.5,1.4711,921.25,3
504.5,1.339,-0.01378,0.12315,4,-63,6.2817,920.75,3
505,1.3156,-0.01378,0.10035,4,-62.5,5.168,921.75,3
505.75,1.3039,0.0091865,0.10035,4,-62.5,4.6342,922.25,3
506.25,0.96383,0.14698,-0.047893,4,-64,6.1605,923.75,3
506.35,0.96383,0.14698,-0.047893,4,-62.5,4.1172,922.75,3
506.5,0.96383,0.14698,-0.047893,3,-51,0.69029,921.25,3
506.75,0.89348,0.14698,-0.070699,4,-65.5,1.6015,925.25,3
507,0.89348,0.14698,-0.070699,4,-63,6.2464,920.75,3
507.25,1.0811,0.12402,-0.0022806,4,-64,5.6834,924.25,3
508,1.2101,0.043636,0.066138,3,-52.5,1.6659,924.75,3
508.25,1.2101,0.055119,0.066138,4,-62.5,1.534,922.25,3
508.75,1.339,-0.0022966,0.11175,4,-63,0.98175,922.75,3
509.5,1.2804,0.02067,0.088944,4,-64,5.6358,924.25,3
510,1.257,0.032153,0.11175,4,-63,5.099,921.75,3
510.25,1.257,0.032153,0.11175,4,-63.5,0.22243,923.25,3
511,0.98728,0.19292,0.043332,4,-61,0.27151,923.75,3
511.5,1.1514,0.078086,0.11175,4,-61,6.0331,921.25,3
511.6,1.1514,0.078086,0.11175,1,-60,4.2859,925.25,3
511.75,1.1514,0.078086,0.11175,4,-60,0.52309,920.75,3
512,1.1514,0.078086,0.11175,1,-59.5,5.2048,924.25,3
512.5,0.98728,0.18143,0.054735,4,-60,5.7003,921.75,3
512.75,0.98728,0.18143,0.054735,4,-60,1.0523,923.25,3
513,0.98728,0.18143,0.054735,4,-60.5,5.9135,924.75,3
513.75,1.339,0.055119,0.14596,4,-65,4.4117,922.75,3
514.25,1.128,0.16995,-0.013684,4,-66,1.7441,925.25,3
514.35,1.128,0.16995,-0.013684,4,-63,0.13806,920.75,3
514.75,1.0576,0.39961,0.088944,4,-61,4.085,920.25,1
515,1.1397,0.45703,0.15736,4,-61,1.5539,923.25,1
515.25,1.1397,0.45703,0.15736,4,-68.5,0.096641,924.75,1
516.25,0.50654,0.95081,0.2942,1,-59.5,0.43258,921.25,1
516.75,0.50654,0.95081,0.2942,3,-65,2.1813,924.25,1
517.25,0.50654,0.95081,0.2942,1,-59,0.1626,921.75,1
517.5,0.50654,0.95081,0.2942,1,-59.5,0.87284,924.75,1
518,0.50654,0.95081,0.2942,1,-58.5,5.7524,922.25,1
518.5,0.50654,0.95081,0.2942,4,-59.5,2.1598,922.75,1
518.75,0.50654,0.95081,0.2942,3,-64.5,0.41417,921.25,1
521.5,-0.15009,0.85894,0.20297,1,-57.5,1.1827,920.75,4
521.75,-0.15009,0.85894,0.20297,1,-65.5,5.9948,924.25,4
522.25,-0.15009,0.85894,0.20297,1,-57,2.0571,921.75,4
523,0.2603,1.2264,-0.15052,4,-57.5,0.12732,925.75,4
523.5,0.2603,1.2264,-0.15052,1,-64.5,0.66421,922.75,4
