0,0.96383,0.56038,0.41963,4,-61.5,0.81915,921.25,1
0.25,1.1163,0.10105,-0.11631,4,-65,0.87744,920.75,3
0.75,1.1749,0.11254,0.13456,4,-66,1.6015,920.25,3
0.775,1.1749,0.11254,0.13456,3,-49.5,0.2439,921.75,3
1,1.1163,0.0091865,-0.059296,4,-64,0.25004,921.75,3
1.25,1.1163,0.0091865,-0.059296,3,-50,2.3363,923.25,3
2.25,0.99901,0.089569,-0.047893,4,-65.5,0.20095,921.25,3
2.75,0.9052,0.066602,-0.15052,4,-65.5,0.43105,920.75,3
3,0.9052,0.066602,-0.15052,3,-50.5,1.7211,924.25,3
3.25,0.91693,0.078086,-0.13912,4,-66,1.0784,920.25,3
3.3,0.91693,0.078086,-0.13912,3,-49.5,3.2597,921.75,3
3.5,0.96383,0.078086,-0.13912,4,-65.5,5.6358,921.75,3
3.75,0.94038,0.089569,-0.12771,4,-67.5,5.7325,924.75,3
4,0.94038,0.089569,-0.12771,3,-49.5,6.2356,922.25,3
4.075,0.94038,0.089569,-0.12771,4,-64.5,5.1879,922.25,3
5.5,1.0342,0.089569,-0.10491,3,-50.5,4.9977,924.25,3
5.575,1.0342,0.089569,-0.10491,4,-66.5,6.1298,924.25,3
6,1.0694,0.078086,-0.093505,4,-65,5.5484,921.75,3
6.075,1.0694,0.078086,-0.093505,4,-65.5,3.9837,923.25,3
6.5,0.92865,0.10105,-0.16192,3,-50,6.0822,922.25,3
7,1.1632,0.0091865,-0.047893,4,-66.5,0.24544,923.75,3
7.075,1.1632,0.0091865,-0.047893,4,-65,4.4976,922.75,3
7.75,0.9052,0.089569,-0.16192,4,-66.5,0.21322,920.75,3
8.5,0.96383,0.10105,-0.13912,4,-66,0.7992,923.25,3
9,1.2687,-0.048229,-0.0022806,3,-50,6.2387,922.25,3
9.25,1.2452,-0.036746,-0.013684,3,-50,5.3521,923.75,3
9.375,1.2452,-0.036746,-0.013684,4,-66.5,0.33441,923.75,3
9.5,1.2452,-0.036746,-0.013684,4,-65,4.5206,922.75,3
9.575,1.2452,-0.036746,-0.013684,3,-49.5,0.66421,921.25,3
10.25,1.0225,0.089569,-0.12771,3,-50.5,1.8653,924.25,3
10.75,1.0811,0.055119,-0.093505,4,-65,5.4533,921.75,3
10.825,1.0811,0.055119,-0.093505,3,-50,5.5315,923.25,3
11,1.0811,0.055119,-0.093505,4,-65.5,3.8718,923.25,3
11.5,1.1045,0.043636,-0.093505,4,-65,4.8504,922.25,3
11.75,1.1045,0.043636,-0.093505,4,-65.5,0.2485,923.75,3
12.25,1.1163,0.032153,-0.070699,4,-68,1.9528,925.25,3
12.75,1.1866,0.02067,-0.047893,4,-67,5.9672,924.25,3
13,1.1866,0.02067,-0.047893,3,-49,4.3458,920.25,3
13.25,0.98728,0.10105,-0.13912,4,-65,2.2764,921.75,3
13.75,0.94038,0.078086,-0.15052,4,-65,1.827,922.25,3
14.25,1.1163,0.032153,-0.070699,4,-66.5,0.28992,923.75,3
14.5,0.92865,0.078086,-0.15052,4,-65.5,5.9472,921.25,3
15.25,0.94038,0.089569,-0.16192,4,-66,0.73324,920.25,3
15.5,0.94038,0.089569,-0.16192,4,-65.5,2.2304,921.75,3
15.75,0.94038,0.089569,-0.16192,4,-65.5,5.3674,921.75,3
16,1.2921,-0.036746,0.0091224,4,-67.5,2.2703,924.75,3
16.5,0.98728,0.11254,-0.13912,4,-66.5,0.18254,923.75,3
16.75,1.2335,-0.0022966,-0.013684,3,-50,5.8997,922.75,3
17,1.2335,-0.0022966,-0.013684,4,-66,5.9043,921.25,3
17.5,0.9521,0.10105,-0.17333,3,-50.5,2.0172,924.25,3
17.75,0.96383,0.089569,-0.17333,3,-49.5,4.6219,920.25,3
17.825,0.96383,0.089569,-0.17333,4,-66,0.86517,920.25,3
18,0.96383,0.089569,-0.17333,4,-65.5,5.4963,921.75,3
18.5,1.0576,0.066602,-0.12771,4,-67,5.4564,924.75,3
19.75,1.0107,0.10105,-0.15052,4,-68,1.8101,925.25,3
19.85,1.0107,0.10105,-0.15052,3,-49.5,0.95874,920.75,3
20,1.0107,0.10105,-0.15052,4,-66,0.15493,920.75,3
21,0.9052,0.12402,-0.15052,4,-65,4.8873,922.25,3
21.5,1.3742,-0.059712,-0.0022806,4,-66.5,0.17487,923.75,3
22,1.1397,0.032153,-0.082102,4,-68,1.8346,925.25,3
22.5,0.92865,0.10105,-0.15052,4,-66.5,2.8133,924.25,3
22.75,0.92865,0.10105,-0.15052,3,-49.5,1.3284,920.25,3
22.85,0.92865,0.10105,-0.15052,4,-66.5,0.74091,920.25,3
23,0.9052,0.11254,-0.17333,4,-65,5.3919,921.75,3
23.1,0.9052,0.11254,-0.17333,4,-65.5,0.71023,923.25,3
23.25,0.9052,0.11254,-0.17333,4,-67.5,2.2411,924.75,3
23.75,0.99901,0.11254,-0.13912,4,-66,0.13039,923.75,3
24.25,0.99901,0.12402,-0.13912,4,-65.5,5.869,921.25,3
24.5,0.99901,0.12402,-0.13912,4,-68,1.8147,925.25,3
24.75,0.99901,0.12402,-0.13912,4,-66,0.1488,920.75,3
25.75,1.3156,-0.048229,-0.0022806,4,-64.5,4.8658,922.25,3
26.5,1.2687,-0.025263,-0.025087,3,-49.5,5.8859,922.75,3
26.575,1.2687,-0.025263,-0.025087,4,-65,4.3657,922.75,3
26.75,1.2687,-0.025263,-0.025087,4,-65.5,5.9104,921.25,3
27.25,0.99901,0.11254,-0.13912,4,-65.5,0.17794,920.75,3
27.75,1.1397,0.032153,-0.070699,3,-49.5,0.32214,921.75,3
27.85,1.1397,0.032153,-0.070699,4,-64.5,5.4257,921.75,3
28,0.92865,0.11254,-0.16192,4,-67,2.2258,924.75,3
28.5,1.3508,-0.048229,0.0091224,3,-52,1.0738,925.75,3
28.75,1.0811,0.078086,-0.10491,3,-50,2.1537,923.75,3
28.825,1.0811,0.078086,-0.10491,4,-65.5,0.16107,923.75,3
29.25,1.0694,0.078086,-0.10491,4,-65.5,5.9166,921.25,3
29.75,1.0107,0.11254,-0.13912,4,-65.5,0.25464,920.75,3
30.25,0.98728,0.11254,-0.13912,3,-50,5.5745,923.25,3
31.25,1.257,-0.036746,-0.025087,3,-50.5,2.1967,923.75,3
31.325,1.257,-0.036746,-0.025087,4,-65.5,1.3361,922.75,3
31.5,0.9521,0.12402,-0.15052,4,-64.5,6.0454,921.25,3
32.25,1.0811,0.066602,-0.082102,4,-66.5,5.8107,924.25,3
32.5,0.97555,0.11254,-0.13912,4,-64.5,5.3321,921.75,3
33,0.9521,0.12402,-0.15052,3,-49.5,5.6174,923.25,3
33.075,0.9521,0.12402,-0.15052,4,-68,2.2381,924.75,3
33.25,0.89348,0.1355,-0.13912,4,-65,4.7722,922.25,3
33.75,1.0342,0.12402,-0.093505,3,-50,5.4272,923.75,3
34,1.0107,0.14698,-0.070699,4,-66,5.981,921.25,3
35,1.0694,0.066602,-0.047893,4,-65.5,2.3424,921.75,3
35.5,0.92865,0.1355,-0.082102,4,-67.5,2.4206,924.75,3
35.75,0.92865,0.1355,-0.082102,3,-49,0.049087,922.25,3
36.25,0.94038,0.12402,-0.11631,4,-65,4.4225,922.75,3
36.5,0.96383,0.1355,-0.10491,3,-49.5,0.78386,921.25,3
36.75,1.2804,-0.048229,-0.013684,4,-65.5,0.12425,920.75,3
37,1.2804,-0.048229,-0.013684,4,-65.5,0.13039,920.75,3
37.25,1.2804,-0.048229,-0.013684,3,-50,4.5682,920.25,3
38.5,0.99901,0.11254,-0.16192,4,-66,6.2341,923.75,3
38.75,0.92865,0.10105,-0.16192,4,-65.5,1.0876,922.75,3
39,0.92865,0.10105,-0.16192,3,-51.5,1.3407,925.25,3
39.25,1.1749,0.032153,-0.070699,3,-50,1.0094,920.75,3
39.325,1.1749,0.032153,-0.070699,4,-65.5,6.2817,920.75,3
40,0.96383,0.12402,-0.15052,4,-64.5,2.1215,921.75,3
40.25,0.96383,0.12402,-0.15052,3,-50,5.6404,923.25,3
40.5,0.98728,0.11254,-0.13912,3,-50,0.03068,922.25,3
40.6,0.98728,0.11254,-0.13912,4,-64.5,4.8106,922.25,3
42,1.1397,0.032153,-0.070699,4,-66.5,5.6987,924.25,3
42.25,0.98728,0.12402,-0.15052,4,-64.5,5.2155,921.75,3
42.5,0.98728,0.12402,-0.15052,3,-50,5.6021,923.25,3
43.25,0.92865,0.11254,-0.15052,4,-66,6.2096,923.75,3
44,1.3273,-0.059712,-0.0022806,4,-65.5,0.010738,920.75,3
44.5,0.98728,0.12402,-0.13912,3,-50,1.3254,920.25,3
44.6,0.98728,0.12402,-0.13912,4,-66,0.57831,920.25,3
44.75,0.98728,0.12402,-0.13912,4,-64.5,5.2079,921.75,3
46,0.92865,0.12402,-0.15052,4,-65,4.1816,922.75,3
46.25,0.91693,0.12402,-0.16192,3,-49.5,0.70103,921.25,3
46.35,0.91693,0.12402,-0.16192,4,-69,1.6429,925.25,3
46.5,0.91693,0.12402,-0.16192,4,-65.5,0.073631,920.75,3
46.75,0.91693,0.12402,-0.16192,4,-65.5,5.6987,924.25,3
47,0.96383,0.12402,-0.15052,4,-66,0.50775,920.25,3
47.25,0.96383,0.12402,-0.15052,4,-65,5.2048,921.75,3
47.75,1.0342,0.10105,-0.12771,4,-67,2.1,924.75,3
48.25,1.0576,0.089569,-0.11631,4,-66.5,6.1927,923.75,3
48.5,0.94038,0.12402,-0.15052,3,-50,0.6274,921.25,3
48.75,0.92865,0.12402,-0.15052,3,-50,3.7813,921.25,3
49.25,1.1749,0.032153,-0.059296,4,-66.5,5.7141,924.25,3
49.5,1.1749,0.032153,-0.059296,4,-66.5,0.59365,920.25,3
49.75,1.1749,0.032153,-0.059296,4,-65,5.2324,921.75,3
50.25,1.1866,0.02067,-0.047893,3,-50,0.0061359,922.25,3
50.375,1.1866,0.02067,-0.047893,4,-64.5,4.7216,922.25,3
50.5,1.1866,0.02067,-0.047893,3,-50.5,5.3137,923.75,3
50.75,1.0928,0.066602,-0.082102,3,-50,5.9227,922.75,3
50.825,1.0928,0.066602,-0.082102,4,-64.5,4.2491,922.75,3
51,1.0928,0.066602,-0.082102,4,-65.5,5.7846,921.25,3
51.5,1.1866,0.0091865,-0.03649,3,-50,0.95107,920.75,3
51.575,1.1866,0.0091865,-0.03649,4,-65.5,0.0061359,920.75,3
51.75,1.1866,0.0091865,-0.03649,3,-50.5,1.827,924.25,3
51.875,1.1632,0.032153,-0.047893,4,-66.5,0.65501,920.25,3
52,1.1632,0.032153,-0.047893,4,-65,5.2692,921.75,3
52.25,1.1632,0.032153,-0.047893,4,-65.5,0.55837,923.25,3
52.5,0.92865,0.12402,-0.16192,4,-65,4.6986,922.25,3
53,1.0811,0.078086,-0.10491,3,-50.5,5.2784,923.75,3
53.25,1.0811,0.078086,-0.10491,3,-50.5,5.2769,923.75,3
53.5,1.2804,-0.025263,-0.013684,4,-65.5,1.0707,922.75,3
53.75,1.0811,0.078086,-0.10491,4,-67.5,1.6506,925.25,3
54.25,1.128,0.032153,-0.082102,4,-66,0.58905,920.25,3
54.5,0.97555,0.12402,-0.15052,3,-50,0.31447,921.75,3
54.75,0.97555,0.12402,-0.15052,4,-65,3.657,923.25,3
55.5,1.2687,0.0091865,-0.025087,3,-50.5,5.2907,923.75,3
55.6,1.2687,0.0091865,-0.025087,4,-65.5,6.205,923.75,3
55.75,1.2687,0.0091865,-0.025087,4,-65,1.0508,922.75,3
56,1.2687,0.0091865,-0.025087,4,-65.5,5.731,921.25,3
56.25,1.1045,0.10105,-0.082102,4,-66.5,6.2617,920.75,3
57,1.1397,0.043636,-0.070699,4,-65.5,0.6366,923.25,3
57.5,1.0107,0.12402,-0.13912,4,-65,1.6015,922.25,3
58,1.3273,-0.025263,-0.0022806,4,-66,0.0076699,923.75,3
58.25,1.3273,-0.025263,-0.0022806,3,-50,5.8874,922.75,3
58.35,1.3273,-0.025263,-0.0022806,4,-64.5,4.1878,922.75,3
58.75,1.3625,-0.048229,0.020525,4,-67.5,1.6076,925.25,3
58.825,1.3625,-0.048229,0.020525,4,-65,0.026078,920.75,3
59.25,1.0342,0.089569,-0.11631,3,-50,1.399,920.25,3
59.35,1.0342,0.089569,-0.11631,4,-66,0.61359,920.25,3
59.5,1.0342,0.089569,-0.11631,4,-64.5,2.2028,921.75,3
60,1.1983,0.0091865,-0.047893,3,-50,0.0092039,922.25,3
60.1,1.1983,0.0091865,-0.047893,4,-64,4.7814,922.25,3
60.5,1.3156,-0.025263,-0.013684,4,-65.5,6.2724,923.75,3
60.75,0.96383,0.12402,-0.16192,3,-50,0.66882,921.25,3
60.875,0.96383,0.12402,-0.16192,4,-65,5.8,921.25,3
61,0.96383,0.12402,-0.16192,4,-67,1.6245,925.25,3
61.5,1.0928,0.078086,-0.093505,4,-65.5,5.7125,924.25,3
61.75,0.9052,0.12402,-0.17333,3,-50,4.4562,920.25,3
61.85,0.9052,0.12402,-0.17333,4,-64.5,5.2539,921.75,3
63.25,1.1632,0.50296,0.066138,1,-57,1.8024,921.25,1
63.75,1.1632,0.50296,0.066138,1,-57,6.1206,920.75,1
64,0.84658,0.68669,0.066138,4,-59.5,4.1387,920.25,1
64.5,0.78795,0.57186,0.066138,4,-60.5,1.7671,923.25,1
64.75,0.78795,0.57186,0.066138,4,-65,4.0068,924.75,1
66.25,0.78795,0.57186,0.066138,3,-62,2.4866,920.75,1
66.5,0.78795,0.57186,0.066138,1,-56.5,0.58445,920.25,1
66.75,0.78795,0.57186,0.066138,1,-55.5,5.2953,921.75,1
67.25,0.2603,0.98526,-0.13912,1,-56,1.6552,922.25,1
67.75,0.2603,0.98526,-0.13912,4,-60.5,1.3177,923.75,1
68,0.2603,0.98526,-0.13912,3,-62,2.1798,922.75,1
68.5,0.2603,0.98526,-0.13912,1,-59,5.4579,925.25,1
68.6,0.2603,0.98526,-0.13912,1,-56.5,6.0454,920.75,1
69,0.2603,0.98526,-0.13912,1,-57,0.17794,920.25,1
69.25,0.2603,0.98526,-0.13912,1,-56.5,2.0095,921.75,1
69.5,0.2603,0.98526,-0.13912,1,-58,0.76852,923.25,1
70.25,0.31893,0.98526,-0.059296,1,-57.5,1.2594,922.75,1
70.5,0.31893,0.98526,-0.059296,1,-57,2.5035,921.25,1
71,0.31893,0.98526,-0.059296,1,-57,6.0868,920.75,1
71.25,0.31893,0.98526,-0.059296,4,-61,1.1152,924.25,1
71.5,0.31893,0.98526,-0.059296,4,-60,3.6677,921.75,1
71.75,0.31893,0.98526,-0.059296,1,-57.5,0.80074,923.25,1
72.25,0.31893,0.98526,-0.059296,1,-57,1.6582,922.25,1
72.75,0.31893,0.98526,-0.059296,1,-58,0.43872,923.75,1
73,0.31893,0.98526,-0.059296,1,-57,2.4712,921.25,1
73.75,0.43619,0.92784,-0.0022806,3,-63,0.8575,920.25,1
74.25,0.43619,0.92784,-0.0022806,4,-60.5,5.415,923.25,1
74.75,0.43619,0.92784,-0.0022806,1,-57.5,0.65808,922.25,1
75,0.43619,0.92784,-0.0022806,3,-59,2.4943,923.75,1
75.25,0.43619,0.92784,-0.0022806,3,-59,0.087437,922.75,1
75.75,0.43619,0.92784,-0.0022806,1,-59,4.536,925.25,1
76.5,0.43619,0.96229,-0.059296,1,-57,1.9543,921.75,1
76.75,0.43619,0.96229,-0.059296,4,-59.5,5.9917,923.25,1
77,0.43619,0.96229,-0.059296,4,-59.5,0.73631,922.25,1
77.5,0.43619,0.96229,-0.059296,1,-58,0.13499,923.75,1
77.75,0.43619,0.96229,-0.059296,1,-57.5,2.3869,921.25,1
78.25,0.43619,0.96229,-0.059296,1,-58.5,5.9795,920.75,1
78.75,0.43619,0.96229,-0.059296,1,-58.5,0.14573,920.25,1
79.5,0.41273,0.96229,-0.070699,4,-59.5,3.8518,922.25,1
79.75,0.41273,0.96229,-0.070699,1,-58.5,0.18408,923.75,1
80.25,0.41273,0.96229,-0.070699,1,-58,1.0769,922.75,1
80.5,0.41273,0.96229,-0.070699,1,-58,2.8409,920.75,1
81,0.41273,0.96229,-0.070699,1,-58.5,3.2674,920.25,1
81.5,0.41273,0.96229,-0.070699,4,-59.5,2.7535,923.25,1
81.75,0.41273,0.96229,-0.070699,1,-57.5,1.5002,922.25,1
82.75,0.58862,0.89339,0.031928,3,-61,0.67035,921.25,1
83.25,0.58862,0.89339,0.031928,3,-61,1.4956,924.25,1
83.775,0.58862,0.89339,0.031928,4,-60,4.3473,921.75,1
84.25,0.58862,0.89339,0.031928,1,-57.5,1.491,922.25,1
84.75,0.58862,0.89339,0.031928,1,-58.5,0.11965,923.75,1
85.75,0.42446,0.95081,-0.047893,1,-58,2.7765,920.75,1
86,0.42446,0.95081,-0.047893,4,-60,4.3105,921.75,1
86.5,0.42446,0.95081,-0.047893,1,-58.5,0.59058,923.25,1
86.75,0.42446,0.95081,-0.047893,1,-57.5,1.4696,922.25,1
87.25,0.42446,0.95081,-0.047893,4,-60.5,0.095107,922.75,1
87.75,0.42446,0.95081,-0.047893,3,-63,0.64581,925.25,1
88.25,0.42446,0.95081,-0.047893,1,-59,5.9564,924.25,1
88.75,0.42446,0.95081,-0.047893,1,-57.5,1.896,921.75,1
89.5,0.45964,0.93932,-0.025087,3,-61,4.944,923.75,1
90,0.45964,0.93932,-0.025087,1,-57.5,2.3378,921.25,1
90.5,0.45964,0.93932,-0.025087,1,-58,5.915,920.75,1
91,0.45964,0.93932,-0.025087,1,-59,0.076699,920.25,1
91.25,0.45964,0.93932,-0.025087,4,-60,5.8077,923.25,1
91.75,0.45964,0.93932,-0.025087,1,-57.5,1.4788,922.25,1
92.75,0.43619,0.95081,-0.059296,1,-59.5,5.148,925.25,1
93.25,0.43619,0.95081,-0.059296,4,-60,1.7012,924.25,1
93.5,0.43619,0.95081,-0.059296,1,-57.5,1.8776,921.75,1
94,0.43619,0.95081,-0.059296,4,-60.5,1.2057,924.75,1
94.5,0.43619,0.95081,-0.059296,4,-60,2.1399,923.75,1
94.75,0.43619,0.95081,-0.059296,1,-57.5,2.2994,921.25,1
95.25,0.43619,0.95081,-0.059296,3,-61,4.0773,920.75,1
96.25,0.47136,0.93932,-0.025087,1,-58,0.55684,923.25,1
96.5,0.47136,0.93932,-0.025087,1,-57.5,1.4603,922.25,1
97,0.47136,0.93932,-0.025087,3,-60.5,1.7794,923.75,1
97.5,0.47136,0.93932,-0.025087,1,-57.5,2.3301,921.25,1
97.75,0.47136,0.93932,-0.025087,1,-59,5.9304,924.25,1
98.25,0.47136,0.93932,-0.025087,4,-60,4.2108,921.75,1
98.75,0.47136,0.93932,-0.025087,3,-62,1.0124,924.75,1
99.5,0.48309,0.92784,-0.025087,1,-58,1.017,922.75,1
100,0.48309,0.92784,-0.025087,1,-59.5,5.1051,925.25,1
100.5,0.48309,0.92784,-0.025087,4,-60,1.6812,924.25,1
101,0.48309,0.92784,-0.025087,1,-59,0.53689,923.25,1
101.25,0.48309,0.92784,-0.025087,4,-59.5,3.7306,922.25,1
101.75,0.48309,0.92784,-0.025087,4,-60,2.1338,923.75,1
102.25,0.48309,0.92784,-0.025087,1,-57.5,2.2948,921.25,1
102.75,0.48309,0.92784,-0.025087,1,-58.5,5.8797,920.75,1
103.5,0.44791,0.92784,-0.047893,1,-58,0.54763,923.25,1
104,0.44791,0.92784,-0.047893,3,-61,6.0577,922.25,1
104.5,0.44791,0.92784,-0.047893,1,-58,0.99249,922.75,1
104.75,0.44791,0.92784,-0.047893,4,-61.5,0.68262,925.25,1
105.25,0.44791,0.92784,-0.047893,1,-58.5,5.9396,924.25,1
105.75,0.44791,0.92784,-0.047893,1,-57.5,1.8147,921.75,1
106,0.44791,0.92784,-0.047893,3,-60.5,1.0155,924.75,1
106.25,0.44791,0.92784,-0.047893,4,-59,4.2261,922.25,1
108.25,-0.20871,0.84746,-0.013684,1,-57,5.5515,923.25,4
108.5,-0.20871,0.84746,-0.013684,1,-60.5,4.9885,922.25,4
109,-0.20871,0.84746,-0.013684,4,-65,1.2701,923.75,4
110.5,0.22513,0.98526,-0.29876,1,-49.5,5.5975,921.75,4
111,0.24858,1.0197,0.020525,2,-60.5,5.8353,922.25,4
113.25,0.24858,1.0197,0.020525,2,-56.5,2.2273,923.25,4
113.5,0.24858,1.0197,0.020525,2,-56,0.28072,924.75,4
113.75,0.24858,1.0197,0.020525,2,-56,5.4364,925.75,4
115.5,-0.16181,1.0197,-0.093505,2,-56.5,1.2349,923.25,2
116.25,-0.16181,1.0197,-0.093505,2,-57,0.3927,925.75,2
117.25,0.41273,0.96229,-0.082102,2,-55,0.6995,920.75,2
118.25,0.75277,0.80152,0.054735,2,-57,1.2088,924.75,2
119,0.75277,0.80152,0.054735,2,-57.5,5.0744,923.75,2
120.25,0.75277,0.80152,0.054735,2,-58,5.9672,921.75,2
121.25,0.75277,0.80152,0.054735,2,-57,4.7799,923.75,2
122.5,0.75277,0.80152,0.054735,2,-58.5,0.67649,920.25,2
125.25,0.50654,0.93932,-0.03649,2,-57.5,5.2754,923.25,2
126.25,0.50654,0.93932,-0.03649,2,-57.5,5.6113,922.75,2
127.25,0.50654,0.93932,-0.03649,2,-58.5,0.60132,920.25,2
128,0.50654,0.93932,-0.03649,2,-58,4.5191,924.75,2
128.75,0.50654,0.93932,-0.03649,2,-57,5.4855,922.75,2
130,0.50654,0.93932,-0.03649,2,-56.5,5.938,921.75,2
131.25,0.55344,0.85894,0.0091224,2,-57,6.2034,921.25,2
132.25,0.55344,0.85894,0.0091224,2,-57.5,0.61359,920.25,2
132.75,0.55344,0.85894,0.0091224,2,-58,4.312,924.75,2
133.75,0.55344,0.85894,0.0091224,2,-57.5,5.326,922.75,2
134.75,0.55344,0.85894,0.0091224,2,-58,0.54303,920.25,2
135.5,0.55344,0.85894,0.0091224,2,-57.5,5.7217,922.25,2
136.5,0.55344,0.85894,0.0091224,2,-57.5,0.1672,921.25,2
139.5,0.52999,0.90487,-0.047893,2,-58,4.4961,924.25,2
140.75,0.52999,0.90487,-0.047893,2,-57.5,4.8351,923.75,2
141.5,0.52999,0.90487,-0.047893,2,-59,4.1724,925.25,2
142.25,0.52999,0.90487,-0.047893,2,-56,4.9241,923.25,2
142.75,0.52999,0.90487,-0.047893,2,-56.5,5.3321,922.25,2
144.25,0.52999,0.90487,-0.047893,2,-58.5,4.2829,924.25,2
147.25,0.54171,0.89339,-0.025087,2,-57.5,5.1097,923.25,2
148.25,0.54171,0.89339,-0.025087,2,-57.5,4.5498,923.75,2
150,0.54171,0.89339,-0.025087,2,-58.5,0.88817,924.75,2
152,0.61207,0.88191,0.020525,2,-57.5,1.6475,923.25,2
153.25,0.61207,0.88191,0.020525,2,-57.5,5.1987,922.75,2
154.5,0.61207,0.88191,0.020525,2,-57.5,4.8044,923.25,2
155.75,0.61207,0.88191,0.020525,2,-57.5,5.0913,922.75,2
159.63,0.64724,0.85894,0.0091224,2,-58,5.912,921.25,2
159.7,0.64724,0.85894,0.0091224,2,-57,1.4051,923.25,2
160.25,0.64724,0.85894,0.0091224,2,-57.5,1.1259,923.75,2
162.25,0.67069,0.85894,-0.0022806,2,-56.5,5.1158,922.25,2
162.75,0.67069,0.85894,-0.0022806,2,-56.5,4.832,922.75,2
163.5,0.67069,0.85894,-0.0022806,2,-57.5,0.17487,920.75,2
164.25,0.67069,0.85894,-0.0022806,2,-58,5.642,923.25,2
165.5,0.67069,0.85894,-0.0022806,2,-57.5,0.36509,921.25,2
166.5,0.67069,0.85894,-0.0022806,2,-57,5.7171,921.75,2
168,0.67069,0.85894,-0.0022806,2,-57.5,6.0638,921.25,2
168.75,0.67069,0.85894,-0.0022806,2,-62.5,0.45099,920.25,2
171.5,0.56517,0.88191,-0.025087,2,-57,5.5269,921.75,2
172.25,0.56517,0.88191,-0.025087,2,-61,0.33594,925.75,2
173.5,0.56517,0.88191,-0.025087,2,-58.5,1.1029,924.25,2
174.5,0.56517,0.88191,-0.025087,2,-57,5.1373,922.25,2
175.75,0.47136,0.95081,-0.070699,2,-57.5,0.77926,924.25,2
176.5,0.47136,0.95081,-0.070699,2,-57,1.1781,923.25,2
177.25,0.47136,0.95081,-0.070699,2,-56.5,1.1351,923.75,2
178.75,0.54171,0.90487,-0.047893,2,-56.5,5.1864,921.75,2
179.25,0.54171,0.90487,-0.047893,2,-56.5,4.9011,922.25,2
179.75,0.54171,0.90487,-0.047893,2,-56.5,4.1387,923.75,2
180.5,0.54171,0.90487,-0.047893,2,-59.5,0.58905,925.25,2
181.25,0.54171,0.90487,-0.047893,2,-58,1.6015,923.25,2
182.5,0.54171,0.90487,-0.047893,2,-57.5,5.9012,921.25,2
184.75,0.72932,0.83597,0.043332,2,-57.5,5.1066,922.75,2
186,0.72932,0.83597,0.043332,2,-57.5,5.6665,921.75,2
187,0.72932,0.83597,0.043332,2,-58,4.3718,923.75,2
188.03,0.72932,0.83597,0.043332,2,-58.5,1.0201,924.25,2
189,0.72932,0.83597,0.043332,2,-57,5.283,922.25,2
191.75,0.77622,0.81301,0.066138,2,-61,0.34515,925.75,2
193.25,0.77622,0.81301,0.066138,2,-58.5,0.33287,920.25,2
194.5,0.77622,0.81301,0.066138,2,-57.5,5.1465,922.75,2
195.75,0.77622,0.81301,0.066138,2,-58,5.711,921.75,2
197,0.77622,0.81301,0.066138,2,-57.5,5.1726,922.75,2
199,0.56517,0.90487,-0.0022806,2,-62,0.77619,925.75,2
201,0.56517,0.90487,-0.0022806,2,-57,1.1183,923.25,2
202,0.56517,0.90487,-0.0022806,2,-57,5.5131,921.25,2
205,0.58862,0.88191,0.031928,2,-58.5,4.4225,924.25,2
205.75,0.58862,0.88191,0.031928,2,-58.5,4.1893,924.75,2
206.75,0.58862,0.88191,0.031928,2,-57,5.1235,922.75,2
207.5,0.58862,0.88191,0.031928,2,-58,4.3136,924.25,2
208.5,0.58862,0.88191,0.031928,2,-57.5,5.372,922.25,2
210.25,0.58862,0.88191,0.031928,2,-58,5.6328,921.75,2
213,0.51826,0.91636,0.0091224,2,-58,4.8044,923.25,2
214.25,0.51826,0.91636,0.0091224,2,-58,5.869,921.25,2
215.25,0.51826,0.91636,0.0091224,2,-59,4.1157,921.75,2
217.25,0.22513,0.96229,-0.17333,2,-48.5,4.9778,924.25,4
217.33,0.22513,0.96229,-0.17333,2,-48.5,5.3275,924.25,4
217.5,0.27203,1.192,-0.013684,2,-49.5,5.8844,920.25,4
217.75,0.27203,1.192,-0.013684,2,-49.5,1.0707,921.75,4
218,0.30721,0.93932,0.11175,2,-50.5,1.4404,923.25,4
218.08,0.30721,0.93932,0.11175,2,-50,5.0407,923.25,4
218.25,0.44791,1.1116,0.10035,2,-50.5,0.4648,922.25,4
218.35,0.44791,1.1116,0.10035,2,-50.5,0.83449,922.25,4
218.75,0.17823,0.97377,-0.21894,2,-57.5,5.0407,922.75,4
224.5,0.29548,0.89339,-0.013684,1,-59,6.2188,920.75,1
225.75,0.29548,0.89339,-0.013684,1,-66,0.74858,925.75,1
226.25,0.29548,0.89339,-0.013684,1,-58.5,5.1987,922.75,1
226.5,0.29548,0.89339,-0.013684,1,-58.5,0.7225,921.25,1
227,1.0694,0.16995,0.11175,4,-65.5,6.0408,924.25,3
227.75,1.1749,0.36516,-0.13912,4,-65.5,4.5467,923.25,3
228,1.1632,-0.048229,0.14596,4,-65,5.6757,922.25,3
229.25,0.96383,0.11254,-0.10491,4,-65,5.9074,920.75,3
229.5,0.96383,0.11254,-0.10491,4,-65.5,1.8254,924.25,3
230.25,1.0225,0.11254,-0.12771,4,-65.5,1.3407,924.75,3
231.25,1.1749,0.02067,-0.082102,4,-64,5.2232,921.25,3
231.5,1.1749,0.02067,-0.082102,4,-66.5,0.99862,925.25,3
231.75,1.1749,0.02067,-0.082102,4,-65,1.9681,924.25,3
232.25,0.99901,0.12402,-0.16192,3,-52.5,0.42031,921.75,3
233.5,1.0694,0.089569,-0.10491,4,-64,3.6923,922.75,3
233.75,1.0694,0.089569,-0.10491,4,-63.5,5.2002,921.25,3
234.25,1.2452,-0.025263,-0.013684,4,-65,5.1005,924.25,3
234.75,1.2452,-0.025263,-0.013684,4,-65,6.1497,920.25,3
235.25,1.1514,0.055119,-0.070699,4,-65.5,1.4573,924.75,3
236,1.0342,0.11254,-0.15052,4,-64,0.44485,922.75,3
236.25,1.0342,0.11254,-0.15052,4,-66.5,1.0707,925.25,3
236.75,1.0928,0.055119,-0.093505,4,-64.5,2.0525,924.25,3
237,1.0928,0.055119,-0.093505,4,-65.5,6.2418,920.25,3
237.25,1.0928,0.055119,-0.093505,4,-64,3.0035,923.25,3
237.75,1.1632,0.032153,-0.070699,4,-63.5,4.1172,922.25,3
238.25,1.1632,0.032153,-0.070699,4,-64.5,5.5898,923.75,3
238.53,1.1632,0.032153,-0.070699,4,-64,3.5404,922.75,3
238.75,1.1632,0.032153,-0.070699,4,-64,5.0713,921.25,3
239.5,1.0811,0.078086,-0.11631,4,-64,1.4603,921.75,3
240.25,1.0225,0.11254,-0.15052,4,-64,0.92499,922.25,3
240.5,1.0225,0.11254,-0.15052,4,-67.5,0.4694,925.75,3
241,0.94038,0.12402,-0.16192,4,-64,1.9512,921.25,3
241.75,0.9521,0.14698,-0.15052,4,-65,5.1082,924.25,3
242.5,1.1163,0.066602,-0.093505,4,-65,1.4987,924.75,3
242.75,1.1163,0.066602,-0.093505,4,-63.5,4.0973,922.25,3
243.5,1.0225,0.12402,-0.13912,4,-66.5,0.92652,925.25,3
244,1.0225,0.12402,-0.13912,4,-64.5,5.5776,920.75,3
244.5,1.1632,0.055119,-0.082102,4,-64,1.4097,921.75,3
245,1.1397,0.055119,-0.070699,4,-64,0.88817,922.25,3
245.75,0.97555,0.14698,-0.16192,3,-53,5.9917,922.75,3
245.85,0.97555,0.14698,-0.16192,4,-64,3.4852,922.75,3
246,0.97555,0.14698,-0.16192,4,-64,5.0667,921.25,3
246.25,0.97555,0.14698,-0.16192,4,-64.5,5.5591,920.75,3
246.75,1.339,-0.036746,-0.013684,4,-65,6.0976,920.25,3
247.75,1.1514,0.043636,-0.082102,4,-67.5,0.44946,925.75,3
249.25,0.9521,0.12402,-0.16192,4,-63.5,1.5432,921.75,3
249.5,0.9521,0.12402,-0.16192,4,-64,3.025,923.25,3
250,0.9521,0.12402,-0.16192,4,-64,0.97715,922.25,3
250.5,0.98728,0.12402,-0.15052,4,-64,0.36816,922.75,3
251.25,1.1632,0.043636,-0.082102,4,-64.5,5.5545,920.75,3
252.25,1.1163,0.078086,-0.093505,4,-65.5,4.5007,924.75,3
252.5,1.1163,0.078086,-0.093505,4,-67.5,0.36969,925.75,3
253.25,1.1514,0.066602,-0.070699,4,-64,5.0361,921.25,3
254.25,1.0107,0.14698,-0.15052,4,-63.5,4.5283,921.75,3
254.75,0.99901,0.1355,-0.15052,4,-64,4.0083,922.25,3
255.5,1.2921,-0.0022966,-0.025087,4,-64,0.28839,922.75,3
255.75,1.2921,-0.0022966,-0.025087,4,-64,5.0161,921.25,3
256.5,1.0576,0.10105,-0.12771,4,-64,1.3698,921.75,3
256.75,1.0576,0.10105,-0.12771,4,-64,6.0224,923.25,3
257.25,1.0576,0.10105,-0.12771,4,-65,1.3821,924.75,3
257.75,1.3156,-0.01378,-0.013684,3,-53,6.0362,922.75,3
258.25,1.1397,0.055119,-0.093505,4,-64,5.056,921.25,3
258.5,1.1397,0.055119,-0.093505,4,-64.5,5.5607,920.75,3
259.75,1.2218,0.02067,-0.047893,4,-64,3.8503,922.25,3
260,1.2218,0.02067,-0.047893,4,-65,2.1798,923.75,3
260.75,1.2101,0.02067,-0.047893,4,-65.5,1.3867,925.25,3
261.5,0.91693,0.16995,-0.12771,4,-63.5,4.7063,921.75,3
262,0.94038,0.16995,-0.13912,4,-65.5,4.6648,924.75,3
262.5,1.0459,0.14698,-0.10491,4,-67,0.60132,925.75,3
263.5,1.2452,0.055119,-0.0022806,4,-64,5.6174,920.75,3
264,0.91693,0.18143,-0.12771,4,-63.5,4.6188,921.75,3
264.25,0.91693,0.18143,-0.12771,4,-64.5,6.1114,923.25,3
264.75,0.99901,0.16995,-0.15052,4,-67,0.34668,925.75,3
265.5,0.94038,0.15847,-0.19613,4,-64,1.85,921.25,3
265.75,0.94038,0.15847,-0.19613,4,-64,5.7095,920.75,3
265.82,0.94038,0.15847,-0.19613,4,-64.5,5.6558,920.75,3
266.25,0.94038,0.15847,-0.19613,4,-65,6.1497,920.25,3
266.75,1.0459,0.12402,-0.12771,4,-64,6.0608,923.25,3
267,1.0459,0.12402,-0.12771,4,-64,0.89124,922.25,3
267.5,1.1632,0.066602,-0.082102,4,-64,2.347,923.75,3
268.25,0.97555,0.15847,-0.18473,4,-65,5.5162,920.75,3
269.03,1.1045,0.089569,-0.12771,4,-64,6.0776,923.25,3
269.75,0.98728,0.14698,-0.17333,4,-67,0.36816,925.75,3
270.25,0.96383,0.16995,-0.17333,4,-64,4.9885,921.25,3
271,0.98728,0.15847,-0.17333,4,-64.5,4.941,924.25,3
271.5,1.1632,0.055119,-0.093505,4,-64,2.8225,923.25,3
271.75,1.1632,0.055119,-0.093505,4,-63.5,3.9285,922.25,3
272.5,1.2687,0.032153,-0.059296,3,-53,5.9396,922.75,3
272.6,1.2687,0.032153,-0.059296,4,-64,3.384,922.75,3
273,0.97555,0.14698,-0.18473,4,-65,5.4763,920.75,3
273.25,0.97555,0.14698,-0.18473,4,-64.5,1.7917,924.25,3
273.5,0.97555,0.14698,-0.18473,4,-65,5.9887,920.25,3
274,1.1866,0.055119,-0.10491,4,-64,2.8149,923.25,3
274.25,1.1866,0.055119,-0.10491,4,-64,0.81761,922.25,3
275,1.0459,0.12402,-0.15052,4,-64.5,0.28839,922.75,3
275.75,0.9521,0.14698,-0.18473,4,-65,1.9083,924.25,3
276,0.9521,0.14698,-0.18473,4,-65.5,6.0761,920.25,3
276.75,0.9521,0.14698,-0.18473,4,-65.5,1.3744,924.75,3
277.25,1.3742,-0.025263,-0.013684,4,-64,0.25617,922.75,3
277.75,0.98728,0.15847,-0.17333,4,-65,5.4794,920.75,3
279,0.96383,0.14698,-0.19613,4,-65.5,4.4424,924.75,3
279.75,1.1514,0.089569,-0.093505,4,-64,3.384,922.75,3
280.25,0.98728,0.16995,-0.18473,4,-66.5,0.81915,925.25,3
280.5,0.98728,0.16995,-0.18473,4,-64.5,5.4809,920.75,3
281.5,0.96383,0.15847,-0.17333,4,-65.5,1.3116,924.75,3
281.75,0.96383,0.15847,-0.17333,4,-64.5,0.78847,922.25,3
282,0.96383,0.15847,-0.17333,4,-64.5,5.4226,923.75,3
282.5,1.2921,0.0091865,-0.047893,4,-67,0.87744,925.25,3
282.75,1.2921,0.0091865,-0.047893,4,-64,5.5162,920.75,3
283.5,0.94038,0.14698,-0.18473,4,-64,1.4021,921.75,3
284.75,1.1397,0.078086,-0.11631,4,-64.5,4.9747,921.25,3
285,1.1397,0.078086,-0.11631,4,-67,0.84216,925.25,3
285.5,1.1397,0.078086,-0.11631,4,-65,4.9808,924.25,3
286,1.0459,0.1355,-0.13912,4,-64.5,5.9703,923.25,3
286.5,1.0811,0.11254,-0.12771,4,-64,3.9301,922.25,3
288.5,1.339,-0.025263,-0.025087,4,-64,4.4976,921.75,3
289,1.2218,0.02067,-0.070699,4,-64,3.9761,922.25,3
289.75,1.1045,0.089569,-0.12771,4,-64,4.9931,921.25,3
290.75,1.1045,0.078086,-0.12771,4,-64,4.4593,921.75,3
291.25,1.0694,0.11254,-0.13912,4,-64.5,0.72557,922.25,3
292.25,1.0342,0.14698,-0.16192,4,-64.5,4.9041,921.25,3
293,0.94038,0.15847,-0.18473,4,-65.5,5.9319,920.25,3
293.25,1.0576,0.1355,-0.15052,4,-64.5,5.912,923.25,3
294,1.2921,0.0091865,-0.03649,4,-67.5,0.30526,925.75,3
294.25,1.2921,0.0091865,-0.03649,4,-64.5,2.2918,923.75,3
295,0.99901,0.15847,-0.17333,4,-64.5,5.4763,920.75,3
295.75,1.1866,0.032153,-0.082102,3,-53.5,5.6911,923.25,3
296.25,1.3508,-0.025263,-0.03649,4,-64,3.9531,922.25,3
296.5,1.3508,-0.025263,-0.03649,4,-65,5.415,923.75,3
297.5,1.0928,0.10105,-0.12771,4,-65,1.8132,924.25,3
298.25,1.0811,0.10105,-0.12771,4,-64.5,5.9426,923.25,3
299.5,1.0225,0.12402,-0.15052,4,-66.5,0.79153,925.25,3
300,0.94038,0.14698,-0.18473,4,-65,1.7717,924.25,3
300.5,0.98728,0.15847,-0.18473,4,-64,4.4163,921.75,3
300.75,0.98728,0.15847,-0.18473,4,-65.5,1.2885,924.75,3
302,1.1045,0.078086,-0.10491,4,-64,4.9532,921.25,3
302.25,1.1045,0.078086,-0.10491,4,-64.5,5.4702,920.75,3
303.5,1.0694,0.11254,-0.15052,4,-64.5,0.74245,922.25,3
304,1.0694,0.11254,-0.15052,4,-64.5,2.2258,923.75,3
305,1.0225,0.14698,-0.13912,4,-66.5,5.8951,920.25,3
305.5,1.1749,0.12402,-0.10491,1,-56.5,6.228,923.25,3
306.5,0.99901,0.49148,-0.047893,1,-56.5,5.2539,923.75,1
306.6,0.99901,0.49148,-0.047893,4,-61,1.3131,922.75,1
306.75,0.99901,0.49148,-0.047893,4,-60.5,6.2817,921.25,4
307,0.94038,0.56038,0.066138,1,-60,0.7808,920.75,4
307.25,0.94038,0.56038,0.066138,3,-56,1.5923,924.25,4
307.5,0.94038,0.56038,0.066138,4,-59,0.056757,920.25,4
310,-0.056282,1.0197,-0.21894,1,-60,0.3206,920.25,4
310.5,0.38928,0.90487,-0.13912,1,-63.5,0.064427,923.25,4
310.75,0.38928,0.90487,-0.13912,1,-62.5,1.2042,924.75,4
311.5,0.33066,0.92784,0.14596,4,-56.5,1.5493,922.75,4
311.75,0.33066,0.92784,0.14596,4,-58.5,5.0361,925.25,4
