0,1.1983,0.21588,-0.03649,4,-64.5,1.0094,920.25,3
0.75,1.0342,0.078086,-0.093505,1,-57.5,1.0584,922.25,3
1.25,1.3156,-0.025263,0.031928,4,-64.5,3.5328,923.75,3
1.5,1.0342,0.11254,-0.10491,4,-64.5,6.0577,921.25,3
2,0.96383,0.12402,-0.047893,4,-64,0.34821,920.75,3
2.5,1.1983,-0.0022966,-0.059296,1,-59.5,2.5387,920.25,3
2.75,0.96383,0.14698,-0.11631,4,-64,5.2953,921.75,3
3.25,0.94038,0.11254,-0.12771,4,-66,2.2381,924.75,3
3.5,0.94038,0.11254,-0.12771,4,-64.5,4.7584,922.25,3
4,1.1866,0.02067,-0.013684,3,-51,1.0416,921.25,3
5,1.2101,0.032153,-0.013684,4,-65.5,0.51388,920.25,3
5.5,0.92865,0.11254,-0.13912,1,-59,4.9502,924.75,3
5.75,0.99901,0.12402,-0.11631,4,-67.5,1.2379,925.75,3
6.5,1.0459,0.089569,-0.093505,1,-59,0.39423,922.75,3
6.575,1.0459,0.089569,-0.093505,4,-64.5,5.7156,921.25,3
7,0.98728,0.12402,-0.11631,4,-65.5,6.2234,920.75,3
7.25,1.2335,0.0091865,-0.0022806,4,-66,0.44332,920.25,3
7.75,1.0928,0.078086,-0.059296,4,-64.5,3.6294,923.25,3
8,1.0928,0.078086,-0.059296,4,-65.5,2.0877,924.75,3
8.25,0.92865,0.1355,-0.12771,3,-53,1.379,925.75,3
8.35,0.92865,0.1355,-0.12771,4,-67,1.1551,925.75,3
8.75,0.98728,0.1355,-0.11631,4,-64,4.1279,922.75,3
9.25,0.97555,0.12402,-0.13912,3,-50.5,4.4976,920.75,3
9.75,1.1045,0.078086,-0.059296,4,-66,0.41878,920.25,3
10,0.97555,0.1355,-0.11631,4,-64,5.2002,921.75,3
10.25,0.97555,0.1355,-0.11631,3,-51,5.9749,923.25,3
10.75,0.91693,0.12402,-0.12771,4,-64,4.6878,922.25,3
11,0.91693,0.12402,-0.12771,4,-67,1.172,925.75,3
11.1,0.91693,0.12402,-0.12771,4,-64.5,6.2433,923.75,3
11.5,0.9052,0.1355,-0.13912,4,-66,4.7262,925.25,3
11.75,0.9052,0.1355,-0.13912,4,-65,6.1421,920.75,3
12.25,1.1983,0.032153,-0.013684,4,-65.5,0.38503,920.25,3
12.75,0.92865,0.1355,-0.13912,4,-65.5,2.0126,924.75,3
13,0.94038,0.14698,-0.11631,4,-64.5,1.4834,922.25,3
13.5,0.94038,0.14698,-0.11631,4,-65.5,6.1543,923.75,3
14,0.9521,0.12402,-0.12771,4,-64.5,5.4917,921.25,3
14.25,0.9521,0.12402,-0.12771,4,-65,6.0285,920.75,3
14.75,1.2218,0.02067,-0.0022806,4,-64,5.0821,921.75,3
15.25,1.1632,0.043636,-0.025087,4,-65.5,5.171,924.75,3
15.75,0.91693,0.12402,-0.13912,4,-67,1.1198,925.75,3
16.25,1.3625,-0.036746,0.043332,4,-64.5,5.5776,921.25,3
16.75,1.0928,0.078086,-0.070699,4,-65.5,6.0853,920.75,3
17,1.0928,0.078086,-0.070699,4,-65.5,5.6236,924.25,3
17.25,1.0928,0.078086,-0.070699,4,-65.5,0.33441,920.25,3
17.75,0.92865,0.12402,-0.12771,4,-65.5,2.0049,924.75,3
18,0.92865,0.12402,-0.12771,4,-64,4.5667,922.25,3
18.25,1.3625,-0.025263,0.054735,1,-58.5,5.7754,923.75,3
18.5,1.3625,-0.025263,0.054735,4,-64,4.0298,922.75,3
19,1.128,0.055119,-0.047893,1,-58.5,2.097,920.75,3
19.5,1.2218,0.02067,-0.013684,4,-66,0.25464,920.25,3
20,1.1397,0.055119,-0.03649,4,-64.5,3.4929,923.25,3
20.075,1.1397,0.055119,-0.03649,4,-65,1.9635,924.75,3
20.25,1.1397,0.055119,-0.03649,1,-59,0.80227,922.25,3
21.5,1.2921,-0.01378,0.0091224,4,-66,1.4803,925.25,3
22,1.3273,-0.01378,0.043332,3,-51.5,4.852,920.25,3
22.1,1.3273,-0.01378,0.043332,4,-65.5,0.3206,920.25,3
22.25,1.3273,-0.01378,0.043332,4,-64,5.0621,921.75,3
22.35,1.3273,-0.01378,0.043332,4,-64.5,3.5665,923.25,3
22.75,1.2452,-0.0022966,0.0091224,3,-51.5,0.40957,922.25,3
22.825,1.2452,-0.0022966,0.0091224,3,-51,0.40957,922.25,3
23,0.94038,0.1355,-0.12771,4,-65,6.1421,923.75,3
24.25,1.128,0.055119,-0.047893,1,-59.5,2.5387,920.25,3
24.75,1.2921,-0.01378,0.0091224,4,-64.5,1.8623,921.75,3
25,0.97555,0.14698,-0.11631,4,-65,1.9159,924.75,3
25.5,1.1749,0.032153,-0.013684,3,-51.5,5.5791,923.75,3
26.25,0.98728,0.14698,-0.11631,4,-65.5,5.9779,920.75,3
26.75,0.98728,0.14698,-0.11631,3,-52,2.1292,924.25,3
27,1.339,-0.01378,0.020525,3,-51,4.7952,920.25,3
27.1,1.339,-0.01378,0.020525,4,-64.5,1.8623,921.75,3
27.25,1.339,-0.01378,0.020525,1,-58.5,6.1881,923.25,3
27.325,1.339,-0.01378,0.020525,4,-64.5,3.4653,923.25,3
27.75,0.98728,0.1355,-0.10491,1,-58.5,0.81454,922.25,3
28,1.1632,0.043636,-0.025087,4,-65,6.0838,923.75,3
29,1.2804,-0.0022966,0.020525,4,-65,5.5285,924.25,3
29.5,1.0342,0.10105,-0.093505,4,-64,4.99,921.75,3
30.5,0.9521,0.14698,-0.12771,4,-65,6.0086,923.75,3
30.75,0.9521,0.14698,-0.12771,4,-64,3.9745,922.75,3
31.5,1.3039,-0.0022966,0.020525,4,-65,5.5039,924.25,3
31.75,0.92865,0.14698,-0.13912,4,-64,4.9594,921.75,3
32,0.92865,0.14698,-0.13912,4,-64.5,3.4192,923.25,3
32.25,0.92865,0.14698,-0.13912,4,-65,5.0253,924.75,3
32.5,0.92865,0.14698,-0.13912,4,-64.5,1.333,922.25,3
33,0.99901,0.14698,-0.12771,1,-58.5,0.33134,922.75,3
33.25,0.99901,0.14698,-0.12771,4,-64.5,0.79614,922.75,3
33.5,0.99901,0.14698,-0.12771,3,-51,1.0032,921.25,3
34,1.3625,-0.025263,0.043332,3,-52,2.1062,924.25,3
34.075,1.3625,-0.025263,0.043332,1,-59.5,2.5096,920.25,3
34.25,0.91693,0.14698,-0.13912,4,-64.5,1.8147,921.75,3
35.75,1.2452,0.0091865,-0.013684,4,-64.5,0.84676,922.75,3
36,1.2101,0.032153,-0.013684,4,-66,4.5866,925.25,3
36.25,1.2101,0.032153,-0.013684,4,-64.5,2.4114,924.25,3
36.75,0.92865,0.14698,-0.13912,3,-51,0.7179,921.75,3
36.85,0.92865,0.14698,-0.13912,1,-58.5,1.2395,921.75,3
37,0.96383,0.14698,-0.13912,4,-64.5,3.4653,923.25,3
37.25,0.96383,0.14698,-0.13912,3,-51,0.33134,922.25,3
37.325,0.96383,0.14698,-0.13912,4,-64.5,1.3545,922.25,3
37.75,1.1632,0.078086,-0.025087,4,-64.5,6.004,923.75,3
39,0.92865,0.15847,-0.13912,4,-66,0.17027,920.25,3
39.25,0.92865,0.15847,-0.13912,4,-64.5,4.9762,921.75,3
39.75,0.9052,0.14698,-0.13912,4,-66,1.8715,924.75,3
40,0.9052,0.14698,-0.13912,4,-64.5,1.2977,922.25,3
40.25,1.3039,0.0091865,0.020525,4,-65,6.07,923.75,3
40.5,1.3039,0.0091865,0.020525,4,-64.5,0.91579,922.75,3
41,0.91693,0.14698,-0.13912,4,-65.5,5.9902,920.75,3
41.5,1.0342,0.14698,-0.10491,4,-66,0.21783,920.25,3
42.75,1.3156,0.0091865,0.031928,1,-58.5,5.78,923.75,3
43,0.96383,0.16995,-0.11631,4,-64.5,5.441,921.25,3
43.25,0.96383,0.16995,-0.11631,4,-66,1.3821,925.25,3
43.75,1.0225,0.15847,-0.11631,4,-65,5.4763,924.25,3
44,1.3742,-0.01378,0.031928,4,-64,4.9778,921.75,3
44.5,1.0694,0.11254,-0.070699,4,-65,1.8684,924.75,3
44.75,1.0694,0.11254,-0.070699,3,-51,0.3973,922.25,3
44.825,0.92865,0.14698,-0.13912,4,-66.5,0.96027,925.75,3
45,0.92865,0.14698,-0.13912,4,-64.5,2.9192,923.75,3
45.25,0.92865,0.14698,-0.13912,4,-64,4.0175,922.75,3
45.5,0.92865,0.14698,-0.13912,4,-64.5,5.507,921.25,3
46,1.1632,0.089569,-0.047893,4,-65,5.5116,924.25,3
47.5,1.1983,0.30775,-0.13912,4,-67.5,2.0187,923.75,3
47.75,1.1983,0.30775,-0.13912,1,-58.5,6.254,921.25,3
49,0.58862,0.84746,0.27139,1,-58,4.3918,921.75,1
49.5,0.58862,0.84746,0.27139,1,-57.5,1.9497,924.75,1
50,0.58862,0.84746,0.27139,1,-60.5,2.7612,923.75,1
50.25,0.58862,0.84746,0.27139,4,-58,1.3284,921.25,1
50.75,0.58862,0.84746,0.27139,3,-61,0.28992,925.25,1
51,0.58862,0.84746,0.27139,4,-59.5,5.0023,924.25,1
51.75,0.49481,0.90487,-0.0022806,1,-60.5,1.8408,924.75,1
52.25,0.49481,0.90487,-0.0022806,4,-59,5.9856,923.75,1
52.75,0.49481,0.90487,-0.0022806,4,-59,5.7984,921.25,1
53.25,0.49481,0.90487,-0.0022806,4,-59.5,2.4989,924.25,1
53.75,0.49481,0.90487,-0.0022806,1,-59,3.7813,921.75,1
54.25,0.49481,0.90487,-0.0022806,3,-63,0.51082,924.75,1
55,0.33066,0.95081,0.020525,1,-58.5,6.0331,922.75,1
55.25,0.33066,0.95081,0.020525,3,-64,0.10738,925.25,1
55.75,0.33066,0.95081,0.020525,1,-58.5,1.6751,924.25,1
56.25,0.33066,0.95081,0.020525,1,-58.5,0.74551,921.75,1
56.5,0.33066,0.95081,0.020525,4,-58.5,0.48474,923.25,1
56.75,0.33066,0.95081,0.020525,4,-58,4.6679,922.25,1
57.5,0.36583,0.95081,0.054735,4,-58.5,4.108,922.75,1
58,0.36583,0.95081,0.054735,1,-59.5,0.7946,925.25,1
58.25,0.36583,0.95081,0.054735,4,-59.5,5.6404,924.25,1
58.75,0.36583,0.95081,0.054735,1,-59,3.8165,921.75,1
59,0.36583,0.95081,0.054735,1,-59.5,1.152,924.75,1
59.5,0.36583,0.95081,0.054735,1,-59,1.9926,923.75,1
60,0.36583,0.95081,0.054735,1,-59,6.0009,922.75,1
60.75,0.27203,0.97377,-0.0022806,3,-61.5,0.58445,920.25,1
61.25,0.27203,0.97377,-0.0022806,4,-59,0.33748,923.25,1
61.75,0.27203,0.97377,-0.0022806,1,-59,0.19328,922.25,1
62,0.27203,0.97377,-0.0022806,4,-60,6.0009,923.75,1
62.5,0.27203,0.97377,-0.0022806,4,-59.5,5.4104,921.25,1
63,0.27203,0.97377,-0.0022806,1,-59.5,4.5191,920.75,1
63.5,0.27203,0.97377,-0.0022806,1,-59.5,3.6555,921.75,1
64.75,0.28376,0.96229,0.020525,4,-59.5,5.9426,923.75,1
65,0.28376,0.96229,0.020525,1,-59.5,4.108,921.25,1
65.5,0.28376,0.96229,0.020525,3,-60,0.052155,920.75,1
66,0.28376,0.96229,0.020525,4,-59,4.9287,921.75,1
66.75,0.41273,0.90487,0.054735,1,-59,3.252,922.25,1
67,0.41273,0.90487,0.054735,4,-59,2.9115,923.75,1
67.25,0.41273,0.90487,0.054735,1,-59,3.8472,921.25,1
67.75,0.41273,0.90487,0.054735,3,-58.5,4.3565,920.75,1
68,0.41273,0.90487,0.054735,1,-57.5,0.54303,924.25,1
68.25,0.41273,0.90487,0.054735,1,-58,3.8012,920.25,1
68.75,0.49481,0.90487,0.031928,1,-57.5,1.0707,923.25,1
69,0.49481,0.90487,0.031928,1,-58.5,5.8997,924.75,1
69.125,0.49481,0.90487,0.031928,1,-57.5,1.8377,922.25,1
69.5,0.49481,0.90487,0.031928,4,-59.5,2.6047,923.75,1
69.75,0.49481,0.90487,0.031928,3,-58,0.053689,922.75,1
70,0.49481,0.90487,0.031928,4,-61.5,0.92806,925.25,1
70.25,0.49481,0.90487,0.031928,1,-58.5,0.2393,924.25,1
70.75,0.49481,0.90487,0.031928,3,-58.5,0.58751,920.25,1
71.5,0.37756,0.96229,-0.070699,1,-60,5.3689,922.25,1
72,0.37756,0.96229,-0.070699,4,-59.5,2.62,923.75,1
72.5,0.37756,0.96229,-0.070699,4,-60,1.3376,925.25,1
73.25,0.37756,0.96229,-0.070699,4,-59,5.0008,921.75,1
73.5,0.37756,0.96229,-0.070699,4,-59,1.9144,924.75,1
74.5,0.38928,0.95081,0.0091224,4,-59,6.0868,923.75,1
74.75,0.38928,0.95081,0.0091224,1,-60.5,1.4527,925.25,1
76.25,0.38928,0.95081,0.0091224,4,-56.5,4.6602,924.75,4
76.5,0.38928,0.95081,0.0091224,4,-55.5,4.7737,922.25,4
76.625,0.38928,0.95081,0.0091224,1,-57,5.7739,925.75,4
77.5,0.24858,1.0312,0.031928,1,-50,0.57831,920.75,4
78.25,0.42446,0.92784,-0.013684,2,-65.5,1.0094,921.75,4
80.75,0.30721,1.1001,-0.013684,2,-55.5,1.1045,923.25,4
82,0.1665,0.97377,-0.059296,2,-49.5,4.7461,921.25,4
82.075,0.1665,0.97377,-0.059296,2,-49.5,4.5007,921.25,4
84,-0.15009,0.98526,-0.12771,2,-56.5,6.1957,923.75,2
84.5,-0.15009,0.98526,-0.12771,2,-55.5,1.2272,921.25,2
85,-0.15009,0.98526,-0.12771,2,-57.5,1.2441,920.75,2
85.5,-0.15009,0.98526,-0.12771,2,-57.5,5.5116,923.25,2
89,-0.15009,0.98526,-0.12771,2,-57,5.0391,923.75,2
101.25,-0.15009,0.98526,-0.12771,2,-58,4.9456,923.75,2
112.5,0.60034,0.88191,0.077541,2,-57,5.1388,923.25,2
113.5,0.60034,0.88191,0.077541,2,-56.5,1.7211,922.75,2
114,0.60034,0.88191,0.077541,2,-57.5,0.34208,925.25,2
115,0.60034,0.88191,0.077541,2,-57.5,0.85903,924.75,2
115.75,0.60034,0.88191,0.077541,2,-57,4.3764,923.75,2
117.5,0.60034,0.88191,0.077541,2,-58.5,3.9561,924.75,2
123.75,0.54171,0.90487,0.031928,2,-59.5,0.28532,925.25,2
127.5,0.54171,0.90487,0.031928,2,-58.5,5.2125,922.25,2
130.5,0.54171,0.90487,0.031928,2,-58.5,4.2783,923.75,2
133.25,0.54171,0.90487,0.031928,2,-58.5,5.622,921.25,2
135.25,0.54171,0.90487,0.031928,2,-58,4.289,923.75,2
136.25,0.54171,0.90487,0.031928,2,-56.5,0.83909,924.25,2
137.5,0.54171,0.90487,-0.013684,2,-56.5,4.154,923.75,2
138,0.54171,0.90487,-0.013684,2,-57,5.6404,921.25,2
138.5,0.54171,0.90487,-0.013684,2,-56.5,0.7992,924.25,2
139.25,0.54171,0.90487,-0.013684,2,-56.5,5.372,921.75,2
139.5,0.54171,0.90487,-0.013684,2,-57,0.51235,924.75,2
140,0.54171,0.90487,-0.013684,2,-56.5,1.1781,923.75,2
141.25,0.52999,0.90487,-0.047893,2,-58,6.2234,920.25,2
142,0.52999,0.90487,-0.047893,2,-57.5,0.60592,924.75,2
142.5,0.52999,0.90487,-0.047893,2,-56.5,4.3519,923.75,2
143.5,0.52999,0.90487,-0.047893,2,-57,4.0773,924.25,2
144.25,0.52999,0.90487,-0.047893,2,-57,4.625,923.25,2
146.25,0.57689,0.90487,0.031928,2,-57,5.438,921.75,2
146.75,0.57689,0.90487,0.031928,2,-57,0.71023,924.75,2
147.5,0.57689,0.90487,0.031928,2,-56,4.2767,923.75,2
147.75,0.57689,0.90487,0.031928,2,-56,4.8274,922.75,2
148.25,0.57689,0.90487,0.031928,2,-57,5.9258,920.75,2
149.5,0.58862,0.88191,0.020525,2,-56,5.1051,922.25,2
150,0.58862,0.88191,0.020525,2,-55.5,4.9103,922.75,2
150.25,0.58862,0.88191,0.020525,2,-56.5,5.711,921.25,2
150.75,0.58862,0.88191,0.020525,2,-56.5,4.0451,924.25,2
151.75,0.58862,0.88191,0.020525,2,-57.5,0.59825,924.75,2
152.25,0.58862,0.88191,0.020525,2,-56.5,4.3013,923.75,2
153.75,0.57689,0.88191,-0.013684,2,-57,1.3683,923.25,2
154.5,0.57689,0.88191,-0.013684,2,-58,6.1896,925.75,2
155,0.57689,0.88191,-0.013684,2,-56,4.7431,922.75,2
155.5,0.57689,0.88191,-0.013684,2,-57.5,5.8736,920.75,2
156.25,0.57689,0.88191,-0.013684,2,-56.5,5.4809,921.75,2
157.25,0.52999,0.89339,-0.013684,2,-56.5,4.8366,922.75,2
158,0.52999,0.89339,-0.013684,2,-58,0.72557,924.25,2
159,0.52999,0.89339,-0.013684,2,-57.5,0.36049,924.75,2
160,0.52999,0.89339,-0.013684,2,-58.5,5.6205,921.25,2
163.25,0.54171,0.90487,0.031928,2,-57,5.0744,921.75,2
164,0.54171,0.90487,0.031928,2,-56.5,4.7891,922.25,2
164.5,0.54171,0.90487,0.031928,2,-56.5,0.70103,923.75,2
165,0.54171,0.90487,0.031928,2,-56.5,6.0746,925.25,2
165.5,0.54171,0.90487,0.031928,2,-58,4.0252,924.25,2
166.5,0.54171,0.90487,0.031928,2,-57,5.1327,922.25,2
168.25,0.54171,0.90487,0.020525,2,-57,5.441,921.75,2
169.25,0.54171,0.90487,0.020525,2,-57.5,1.1674,923.75,2
170,0.54171,0.90487,0.020525,2,-57.5,5.869,920.75,2
170.75,0.54171,0.90487,0.020525,2,-57,5.26,921.75,2
173.25,0.65897,0.83597,0.043332,2,-57,4.6909,923.25,2
174.5,0.65897,0.83597,0.043332,2,-58,5.0944,922.75,2
176.25,0.65897,0.83597,0.043332,2,-56.5,4.9624,922.25,2
178,0.65897,0.83597,0.043332,2,-57,5.2002,921.75,2
178.5,0.65897,0.83597,0.043332,2,-56.5,0.48474,924.75,2
179,0.65897,0.83597,0.043332,2,-58,5.9334,925.75,2
180.5,0.60034,0.89339,-0.0022806,2,-56.5,5.1235,921.75,2
181.5,0.60034,0.89339,-0.0022806,2,-56,0.91885,923.75,2
182.25,0.60034,0.89339,-0.0022806,2,-57,6.1175,925.25,2
183,0.60034,0.89339,-0.0022806,2,-56.5,5.1388,921.75,2
185,0.58862,0.88191,0.0091224,2,-57.5,0.42798,924.25,2
185.75,0.58862,0.88191,0.0091224,2,-57,0.092039,924.75,2
186.25,0.58862,0.88191,0.0091224,2,-56.5,0.76085,923.75,2
186.75,0.58862,0.88191,0.0091224,2,-57,5.4303,921.25,2
188,0.58862,0.88191,0.0091224,2,-57.5,0.28225,924.75,2
190.25,0.56517,0.89339,-0.013684,2,-56.5,5.0652,921.75,2
190.75,0.56517,0.89339,-0.013684,2,-56.5,4.809,922.25,2
191.5,0.56517,0.89339,-0.013684,2,-59,5.6144,921.25,2
193,0.56517,0.89339,-0.013684,2,-57.5,0.075165,924.75,2
193.75,0.56517,0.89339,-0.013684,2,-57.5,1.5294,922.75,2
196,0.57689,0.89339,0.0091224,2,-56.5,0.72864,923.75,2
196.5,0.57689,0.89339,0.0091224,2,-57,6.0178,925.25,2
197.25,0.57689,0.89339,0.0091224,2,-56.5,0.38043,924.25,2
197.75,0.57689,0.89339,0.0091224,2,-56.5,0.99709,923.25,2
199.5,0.52999,0.91636,-0.0022806,2,-56.5,0.34208,924.25,2
200.25,0.52999,0.91636,-0.0022806,2,-56,0.83909,923.25,2
200.5,0.52999,0.91636,-0.0022806,2,-54.5,1.1029,922.25,2
202.5,0.52999,0.92784,-0.13912,2,-57,4.1678,923.25,2
203.5,0.52999,0.92784,-0.13912,2,-57.5,0.78847,923.75,2
205,0.52999,0.92784,-0.13912,2,-57.5,4.5789,923.25,2
206,0.52999,0.92784,-0.13912,2,-57.5,4.9302,922.75,2
207.5,0.52999,0.92784,-0.13912,2,-57.5,4.6019,923.25,2
212.5,0.49481,0.92784,0.031928,2,-57,1.2164,923.25,2
213,0.49481,0.92784,0.031928,2,-56.5,4.0252,923.75,2
214,0.49481,0.92784,0.031928,2,-57.5,0.53383,924.25,2
215,0.49481,0.92784,0.031928,2,-58,0.055223,924.75,2
216.25,0.49481,0.92784,0.031928,2,-57.5,6.1957,925.25,2
218,0.54171,0.89339,0.043332,2,-57.5,0.83142,923.75,2
218.75,0.54171,0.89339,0.043332,2,-58,5.6282,920.75,2
219.75,0.54171,0.89339,0.043332,2,-57,4.2399,923.25,2
220.5,0.54171,0.89339,0.043332,2,-57.5,0.84522,923.75,2
221.75,0.54171,0.89339,0.043332,2,-57.5,5.237,921.75,2
222.75,0.54171,0.89339,0.043332,2,-57.5,4.1249,923.75,2
224,0.54171,0.89339,0.043332,2,-58,0.66115,924.25,2
225,0.54171,0.89339,0.043332,2,-57.5,4.9762,922.25,2
227.75,0.57689,0.89339,0.054735,2,-58.5,0.8667,923.75,2
229.75,0.57689,0.89339,0.054735,2,-58,5.1174,922.25,2
230.75,0.57689,0.89339,0.054735,2,-56,4.9425,921.25,2
231,0.57689,0.89339,0.054735,2,-56,1.7165,920.75,2
232,0.56517,0.89339,-0.059296,2,-56.5,5.7954,924.75,2
232.5,0.56517,0.89339,-0.059296,2,-57,0.41264,923.75,2
242.5,0.63552,0.87042,0.054735,2,-56,0.73017,922.75,2
243,0.63552,0.87042,0.054735,2,-58,5.7402,925.25,2
243.5,0.63552,0.87042,0.054735,2,-57,5.4732,920.25,2
244.25,0.63552,0.87042,0.054735,2,-57,4.7998,922.25,2
246.25,0.52999,0.90487,-0.013684,2,-57.5,4.174,923.25,2
247.25,0.52999,0.90487,-0.013684,2,-58,0.7225,923.75,2
248,0.52999,0.90487,-0.013684,2,-57.5,5.4932,920.75,2
248.75,0.52999,0.90487,-0.013684,2,-57,4.0957,923.25,2
249.5,0.52999,0.90487,-0.013684,2,-59.5,5.8675,925.75,2
250.25,0.52999,0.90487,-0.013684,2,-59,6.1405,925.25,2
252.25,0.61207,0.85894,0.031928,2,-57,1.2164,922.75,2
253,0.61207,0.85894,0.031928,2,-57,5.4104,920.75,2
253.75,0.61207,0.85894,0.031928,2,-57,0.91272,923.25,2
254.25,0.61207,0.85894,0.031928,2,-59,5.8598,925.75,2
255,0.61207,0.85894,0.031928,2,-57,5.1388,921.25,2
256.5,0.58862,0.88191,0.031928,2,-57,4.6173,922.25,2
257.25,0.58862,0.88191,0.031928,2,-57,5.1787,921.25,2
258.25,0.58862,0.88191,0.031928,2,-57,4.852,921.75,2
259,0.58862,0.88191,0.031928,2,-57,4.582,922.25,2
260,0.58862,0.88191,0.031928,2,-59.5,6.0746,925.25,2
261.5,0.58862,0.88191,0.031928,2,-58,4.4808,922.25,2
263.5,0.62379,0.85894,0.066138,2,-58.5,6.274,924.75,2
264.5,0.62379,0.85894,0.066138,2,-57,4.332,922.75,2
265.25,0.62379,0.85894,0.066138,2,-58,0.36202,924.25,2
266.25,0.62379,0.85894,0.066138,2,-56.5,4.6173,922.25,2
267,0.62379,0.85894,0.066138,2,-57,4.309,922.75,2
267.5,0.62379,0.85894,0.066138,2,-57,5.3873,920.75,2
268.75,0.56517,0.89339,0.0091224,2,-56.5,4.3995,922.25,2
269.5,0.56517,0.89339,0.0091224,2,-56.5,5.0054,921.25,2
270.25,0.56517,0.89339,0.0091224,2,-57.5,0.31753,924.25,2
270.75,0.56517,0.89339,0.0091224,2,-57,0.85443,923.25,2
272.5,0.74105,0.82449,0.088944,2,-57,5.2554,920.75,2
273,0.74105,0.82449,0.088944,2,-57,0.7133,923.25,2
273.75,0.74105,0.82449,0.088944,2,-57,4.4025,922.25,2
274.25,0.74105,0.82449,0.088944,2,-57,1.0523,922.75,2
275,0.74105,0.82449,0.088944,2,-57.5,0.21016,924.25,2
276.5,0.61207,0.88191,0.031928,2,-57.5,0.45252,923.75,2
277,0.61207,0.88191,0.031928,2,-58,5.9104,925.25,2
278,0.61207,0.88191,0.031928,2,-56.5,4.7078,921.75,2
278.5,0.61207,0.88191,0.031928,2,-56.5,1.2977,922.25,2
279,0.61207,0.88191,0.031928,2,-57,1.1045,922.75,2
279.75,0.61207,0.88191,0.031928,2,-57,5.3321,920.75,2
280.25,0.61207,0.88191,0.031928,2,-57,1.6598,921.75,2
281.75,0.55344,0.90487,0.0091224,2,-56.5,4.9885,921.25,2
282.25,0.55344,0.90487,0.0091224,2,-57.5,0.27612,924.25,2
283,0.55344,0.90487,0.0091224,2,-58.5,0.016874,924.75,2
283.75,0.55344,0.90487,0.0091224,2,-57,0.66728,923.75,2
284.25,0.55344,0.90487,0.0091224,2,-58.5,6.0117,925.25,2
285.25,0.55344,0.90487,0.0091224,2,-57,1.6736,921.75,2
286.75,0.56517,0.89339,-0.0022806,2,-56.5,5.0652,921.25,2
287.28,0.56517,0.89339,-0.0022806,2,-57.5,0.19328,924.25,2
287.75,0.56517,0.89339,-0.0022806,2,-57,0.75318,923.25,2
288.25,0.56517,0.89339,-0.0022806,2,-58,5.6435,925.75,2
288.75,0.56517,0.89339,-0.0022806,2,-56.5,1.017,922.75,2
289.5,0.56517,0.89339,-0.0022806,2,-57.5,0.13652,924.25,2
290.25,0.56517,0.89339,-0.0022806,2,-56.5,0.75625,923.25,2
290.5,0.56517,0.89339,-0.0022806,2,-56.5,4.4884,922.25,2
291.75,0.56517,0.88191,-0.013684,2,-57,5.237,920.75,2
292.5,0.56517,0.88191,-0.013684,2,-56.5,4.7109,921.75,2
293,0.56517,0.88191,-0.013684,2,-56.5,1.2855,922.25,2
293.75,0.56517,0.88191,-0.013684,2,-56.5,1.0109,922.75,2
294.25,0.56517,0.88191,-0.013684,2,-57,5.2401,920.75,2
295.5,0.55344,0.89339,-0.013684,2,-56.5,4.5697,922.25,2
296.5,0.55344,0.89339,-0.013684,2,-58,5.912,925.25,2
297.25,0.55344,0.89339,-0.013684,2,-56.5,4.8274,921.75,2
297.75,0.55344,0.89339,-0.013684,2,-57.5,6.2341,924.75,2
299.25,0.51826,0.90487,-0.025087,2,-57,5.415,920.75,2
299.75,0.51826,0.90487,-0.025087,2,-56,4.8673,921.75,2
300.25,0.51826,0.90487,-0.025087,2,-57.5,6.2586,924.75,2
300.75,0.51826,0.90487,-0.025087,2,-57.5,0.50621,923.75,2
301.5,0.51826,0.90487,-0.025087,2,-58,5.7954,925.25,2
302.5,0.65897,0.87042,0.031928,2,-56.5,5.8537,924.75,2
303,0.65897,0.87042,0.031928,2,-57,5.438,925.75,2
303.5,0.65897,0.87042,0.031928,2,-55,5.5745,921.25,2
304,0.65897,0.87042,0.031928,2,-57.5,2.6737,920.75,2
305.5,0.0023451,0.90487,-0.29876,2,-50.5,0.79153,923.75,4
311.5,0.63552,0.80152,-0.12771,4,-56,6.0562,920.75,4
311.75,0.63552,0.80152,-0.12771,4,-57.5,5.823,920.25,4
312.25,0.63552,0.80152,-0.12771,1,-60.5,2.4682,923.25,4
313,0.63552,0.80152,-0.12771,4,-58,5.8844,922.75,4
314,0.63552,0.80152,-0.12771,4,-56.5,5.0361,924.25,4
314.25,0.63552,0.80152,-0.12771,4,-57,0.54763,920.25,4
315,1.1163,0.1355,0.21438,1,-56,4.4179,922.25,3
315.75,0.82312,0.45703,0.0091224,3,-52,5.0667,921.25,3
316,0.92865,0.35368,0.3056,4,-65.5,0.49241,925.25,3
316.75,0.94038,0.15847,-0.070699,4,-65.5,1.2257,920.25,3
317.25,1.1045,0.089569,0.066138,4,-66,2.255,924.75,3
317.75,0.99901,0.16995,0.020525,4,-65,2.752,923.75,3
319,1.3156,-0.025263,0.020525,4,-64.5,0.22396,920.25,3
319.5,1.1983,0.0091865,-0.047893,4,-63.5,0.15033,923.25,3
320,0.92865,0.11254,-0.13912,4,-63,4.4317,922.25,3
320.25,0.92865,0.11254,-0.13912,4,-64,5.9534,923.75,3
320.75,1.2452,-0.01378,0.0091224,4,-66.5,4.5007,925.25,3
321.5,1.2218,-0.01378,-0.0022806,4,-65,0.28225,920.25,3
322,1.339,-0.048229,0.031928,4,-63.5,3.2996,923.25,3
322.25,1.339,-0.048229,0.031928,4,-63,4.358,922.25,3
322.75,1.3742,-0.048229,0.031928,4,-63.5,0.71177,922.75,3
323,1.3742,-0.048229,0.031928,4,-63,5.4502,921.25,3
323.25,1.3742,-0.048229,0.031928,4,-65.5,1.2916,925.25,3
323.75,1.0225,0.11254,-0.10491,4,-64,2.2611,924.25,3
324.5,1.1514,0.043636,-0.047893,4,-63.5,0.11965,923.25,3
325,1.3859,-0.036746,0.043332,4,-64,5.8721,923.75,3
325.5,0.9521,0.12402,-0.11631,4,-63.5,5.4073,921.25,3
325.75,0.9521,0.12402,-0.11631,4,-65.5,1.2885,925.25,3
326,0.9521,0.12402,-0.11631,4,-64.5,5.9534,920.75,3
326.5,0.92865,0.12402,-0.11631,4,-63,1.7763,921.75,3
326.75,1.1866,0.032153,-0.03649,4,-63.5,0.13192,923.25,3
327.75,0.97555,0.12402,-0.12771,4,-63.5,0.68262,922.75,3
328.25,1.1514,0.055119,-0.047893,4,-64.5,5.8966,920.75,3
328.75,0.92865,0.1355,-0.12771,4,-65,0.1626,920.25,3
329.75,0.97555,0.14698,-0.12771,4,-66.5,0.66882,925.75,3
330,0.97555,0.14698,-0.12771,4,-63.5,0.58138,922.75,3
330.5,1.0342,0.12402,-0.10491,4,-65.5,1.1367,925.25,3
330.75,1.0342,0.12402,-0.10491,4,-64,5.8337,920.75,3
331.25,1.1866,0.032153,-0.03649,4,-62.5,1.6674,921.75,3
331.5,1.1866,0.032153,-0.03649,4,-63.5,0.021476,923.25,3
332,1.3156,-0.01378,0.0091224,4,-62.5,1.1382,922.25,3
332.5,1.3156,-0.01378,0.0091224,4,-63.5,2.6001,923.75,3
332.75,1.3156,-0.01378,0.0091224,4,-63,3.7276,922.75,3
332.83,1.3156,-0.01378,0.0091224,4,-63.5,5.2907,921.25,3
333.5,0.92865,0.1355,-0.13912,4,-64,5.2524,924.25,3
334,1.2804,-0.01378,0.0091224,4,-63,0.12579,923.25,3
334.5,1.1866,0.02067,-0.025087,4,-63,1.2763,922.25,3
335,1.1866,0.02067,-0.025087,4,-63.5,2.7826,923.75,3
335.5,0.99901,0.11254,-0.11631,4,-65,1.0999,925.25,3
336,1.1866,0.055119,-0.0022806,3,-52,4.6173,920.25,3
336.25,1.1866,0.055119,-0.0022806,4,-64.5,0.033748,920.25,3
337,0.91693,0.14698,-0.15052,4,-66,0.56604,925.75,3
337.5,0.9521,0.1355,-0.16192,4,-63,0.5461,922.75,3
338.25,0.96383,0.1355,-0.15052,4,-63.5,5.7892,920.75,3
338.5,0.96383,0.1355,-0.15052,4,-64,0.033748,920.25,3
339,1.2687,-0.0022966,-0.025087,4,-63,6.274,923.25,3
339.5,1.0576,0.11254,-0.11631,4,-66.5,0.61359,925.75,3
340,0.92865,0.12402,-0.15052,4,-63,0.55837,922.75,3
340.25,0.92865,0.12402,-0.15052,4,-65,1.0876,925.25,3
341,0.9521,0.1355,-0.15052,3,-52,4.5636,920.25,3
341.1,0.9521,0.1355,-0.15052,4,-64.5,0.036816,920.25,3
341.5,0.99901,0.1355,-0.15052,4,-63,6.251,923.25,3
342.25,1.128,0.066602,-0.070699,3,-52.5,6.0132,922.75,3
342.75,1.339,-0.01378,-0.0022806,3,-54,1.468,925.25,3
343.5,1.0811,0.10105,-0.093505,4,-64.5,6.2786,920.25,3
343.75,1.0811,0.10105,-0.093505,4,-63,6.228,923.25,3
344.25,1.1397,0.066602,-0.070699,4,-63,1.0707,922.25,3
344.75,0.94038,0.14698,-0.15052,4,-63,0.52155,922.75,3
345.5,1.3508,-0.025263,0.020525,4,-64,5.7494,920.75,3
346,1.2218,0.032153,-0.025087,4,-62.5,1.5969,921.75,3
346.5,1.1163,0.089569,-0.070699,4,-64,1.5355,924.75,3
347.25,1.0928,0.089569,-0.082102,4,-63,0.50621,922.75,3
347.75,1.0342,0.12402,-0.12771,4,-65,1.0523,925.25,3
348,1.0342,0.12402,-0.12771,4,-64,5.7616,920.75,3
348.5,1.0342,0.1355,-0.12771,4,-63,4.7063,921.75,3
349.25,1.1632,0.066602,-0.070699,4,-63.5,4.1325,922.25,3
350,1.128,0.078086,-0.082102,4,-65,0.9434,925.25,3
351,1.0694,0.11254,-0.12771,3,-53,5.7417,923.25,3
351.5,1.0342,0.14698,-0.12771,4,-63,1.0937,922.25,3
352.5,0.9521,0.12402,-0.15052,4,-63,5.2984,921.25,3
352.75,0.9521,0.12402,-0.15052,4,-64,5.7816,920.75,3
353.25,1.0811,0.11254,-0.10491,4,-63,1.5969,921.75,3
354.25,0.98728,0.14698,-0.15052,4,-66,0.50468,925.75,3
354.75,0.97555,0.14698,-0.15052,4,-63.5,2.1108,921.25,3
355.25,1.3039,-0.01378,0.0091224,4,-63,2.0371,924.25,3
355.5,1.3039,-0.01378,0.0091224,4,-64.5,6.274,920.25,3
357.75,1.2921,0.0091865,-0.013684,4,-63,5.1557,924.25,3
359.25,1.0811,0.089569,-0.093505,4,-63.5,5.6205,923.75,3
360.5,0.9052,0.33072,-0.23034,3,-52.5,5.0407,921.75,3
361,0.89348,0.39961,-0.20754,4,-66.5,1.6076,924.75,1
361.25,0.89348,0.39961,-0.20754,4,-66,3.6294,922.25,1
361.75,1.2921,0.26182,-0.070699,4,-67.5,4.8412,923.75,1
362.25,1.1983,0.39961,-0.10491,3,-58.5,4.7814,925.25,1
362.5,1.1983,0.39961,-0.10491,4,-63.5,1.6506,920.75,1
362.75,1.1983,0.39961,-0.10491,4,-66,5.1465,920.25,1
363,1.1983,0.39961,-0.10491,1,-58,6.0485,921.75,1
364,0.49481,0.90487,-0.19613,4,-68,1.4956,923.75,1
364.25,0.49481,0.90487,-0.19613,4,-66.5,5.7033,922.75,1
365.25,0.51826,0.90487,-0.19613,4,-67,5.329,920.25,1
365.5,0.51826,0.90487,-0.19613,1,-58,6.2663,921.75,1
366,0.70587,0.82449,-0.10491,1,-58.5,3.9024,924.75,1
366.5,0.63552,0.85894,-0.12771,1,-59.5,6.277,925.75,1
366.75,0.77622,0.79004,-0.059296,4,-66.5,5.8107,922.75,1
367,0.77622,0.79004,-0.059296,1,-57.5,0.44946,921.25,1
367.5,0.60034,0.83597,-0.13912,4,-66,4.8781,920.75,1
367.75,0.60034,0.83597,-0.13912,4,-67.5,5.3398,920.25,1
368.25,0.62379,0.85894,-0.11631,4,-66,5.3014,923.25,1
369,0.68242,0.81301,-0.093505,1,-64.5,4.8443,923.75,1
370.25,0.65897,0.83597,-0.11631,3,-57.5,2.0402,921.75,1
371,0.65897,0.83597,-0.11631,3,-56.5,4.9011,922.25,1
371.25,0.65897,0.83597,-0.11631,1,-62.5,5.9457,925.75,1
371.5,0.65897,0.83597,-0.11631,3,-56.5,1.6122,922.75,1
372,0.65897,0.83597,-0.11631,3,-56.5,6.2111,925.25,1
372.25,1.0459,0.59483,0.077541,4,-60.5,5.9764,920.75,1
372.5,1.0459,0.59483,0.077541,1,-57,0.28379,924.25,1
372.75,1.0459,0.59483,0.077541,1,-56.5,0.76852,920.25,1
373,1.128,0.57186,0.11175,4,-59,2.1292,921.75,1
373.13,1.128,0.57186,0.11175,1,-56,4.4501,923.25,1
373.25,1.128,0.57186,0.11175,1,-57,0.003068,924.75,1
373.35,1.128,0.57186,0.11175,1,-56,5.1695,922.25,1
373.5,0.89348,0.62928,0.020525,1,-57,5.4226,925.75,1
373.75,0.89348,0.62928,0.020525,4,-63,1.4143,925.75,1
374,0.79967,0.66373,-0.025087,1,-56,4.7415,922.75,1
374.25,0.79967,0.66373,-0.025087,1,-56,5.9856,921.25,1
374.35,0.8583,0.65224,-0.013684,4,-60.5,5.0836,925.25,1
374.75,1.0694,0.5489,0.077541,1,-56,0.13499,920.75,1
375,0.9052,0.60631,0.088944,4,-60,4.1709,920.25,1
375.25,0.9052,0.60631,0.088944,1,-55.5,5.0023,921.75,1
375.5,1.0811,0.50296,0.23718,1,-57.5,4.2292,923.25,1
375.75,1.0811,0.50296,0.23718,4,-63.5,4.8842,924.75,1
379.5,0.51826,0.81301,0.14596,1,-64.5,6.2786,920.75,4
380,0.2134,1.0427,-0.16192,1,-66.5,3.8549,920.25,4
380.75,0.50654,0.93932,0.077541,1,-66,5.2079,922.25,4
381.75,0.14305,0.99674,-0.025087,4,-54,0.21783,920.75,4
383.25,0.2134,1.0197,-0.047893,4,-54,4.3212,925.75,4
384.75,0.56517,0.91636,0.23718,4,-56.5,5.5929,920.25,4
