0,0.48309,0.89339,0.031928,1,-57,5.6635,924.25,4
0.25,0.48309,0.89339,0.031928,1,-58,5.1695,920.25,4
0.5,0.36583,0.96229,-0.013684,4,-51.5,5.7386,923.25,4
0.75,0.36583,0.96229,-0.013684,1,-60.5,5.3873,923.25,4
1,0.2603,1.0082,-0.03649,1,-58,6.1773,922.25,1
1.25,0.2603,1.0082,-0.03649,1,-59,6.1835,925.75,1
1.5,0.2603,1.0082,-0.03649,1,-56.5,1.4404,923.75,1
1.55,0.2603,1.0082,-0.03649,1,-55.5,2.1967,922.75,1
1.75,0.36583,0.96229,-0.025087,1,-59,3.4959,921.25,1
3,0.22513,1.0082,0.088944,1,-62.5,5.8184,924.75,1
3.25,0.22513,1.0082,0.088944,1,-56,1.9942,922.25,1
3.75,0.18995,1.0427,-0.047893,1,-55.5,0.70103,923.75,1
4,0.18995,1.0427,-0.047893,1,-55.5,0.77313,923.75,1
4.075,0.18995,1.0427,-0.047893,1,-55,1.7257,922.75,1
4.25,0.18995,1.0427,-0.047893,1,-56.5,6.2464,921.25,1
4.75,0.025796,0.99674,-0.0022806,1,-58.5,2.0494,924.25,1
5.25,0.025796,0.99674,-0.0022806,1,-59.5,2.4559,921.75,1
5.75,0.025796,0.99674,-0.0022806,4,-54.5,4.3366,922.25,1
6,0.025796,0.99674,-0.0022806,1,-61,0.95874,922.25,1
6.25,0.025796,0.99674,-0.0022806,4,-56.5,5.438,922.75,1
6.75,0.025796,0.99674,-0.0022806,4,-57,0.62586,921.25,1
7,0.025796,0.99674,-0.0022806,4,-57,4.1218,920.75,1
7.25,0.025796,0.99674,-0.0022806,4,-57.5,0.31447,924.25,1
8.25,0.45964,0.91636,-0.0022806,1,-66.5,5.7816,924.75,1
9,0.45964,0.91636,-0.0022806,1,-62.5,5.7938,921.25,1
10,0.45964,0.91636,-0.0022806,1,-63.5,0.3881,920.25,1
10.5,0.45964,0.91636,-0.0022806,1,-65.5,5.8844,924.75,1
12.25,0.61207,0.87042,0.11175,1,-64,0.16874,920.25,1
13.25,0.61207,0.87042,0.11175,1,-62.5,4.7385,922.25,1
14,0.61207,0.87042,0.11175,4,-58.5,5.8061,925.25,1
15.25,0.61207,0.87042,0.11175,1,-63.5,3.8994,923.25,1
17.25,0.40101,0.95081,0.020525,1,-63.5,0.20709,920.25,1
18,0.40101,0.95081,0.020525,1,-66,2.5955,924.75,1
18.75,0.40101,0.95081,0.020525,1,-63,5.5622,921.25,1
19.75,0.40101,0.95081,0.020525,4,-58.5,6.119,921.75,1
20.5,0.40101,0.95081,0.020525,4,-58,5.6128,922.25,1
22.25,0.60034,0.85894,0.11175,1,-64,0.10278,920.25,1
23,0.60034,0.85894,0.11175,1,-63,1.5524,922.25,1
24,0.60034,0.85894,0.11175,1,-63,5.9227,920.75,1
25,0.60034,0.85894,0.11175,1,-63.5,3.8257,923.25,1
25.75,0.60034,0.85894,0.11175,4,-57.5,1.9742,922.75,1
26.75,0.60034,0.85894,0.11175,1,-64.5,5.5484,924.25,1
27.75,0.60034,0.85894,0.11175,4,-58.5,5.8751,922.25,1
30.25,0.45964,0.92784,0.054735,1,-63,1.4205,922.25,1
32.25,0.45964,0.92784,0.054735,1,-65.5,5.3981,924.75,1
34,0.45964,0.92784,0.054735,4,-58.5,0.66728,924.25,1
35.5,0.45964,0.92784,0.054735,1,-64,0.061359,923.75,1
37.5,0.45964,0.92784,0.054735,4,-58,6.1037,922.25,1
38.25,0.45964,0.92784,0.054735,4,-58.5,4.2277,921.25,1
40,0.38928,0.96229,0.043332,4,-57.5,0.056757,922.25,1
40.75,0.38928,0.96229,0.043332,1,-63,5.2309,921.25,1
42.75,0.38928,0.96229,0.043332,4,-58.5,1.31,923.75,1
43.75,0.38928,0.96229,0.043332,1,-64,2.5265,924.25,1
45.25,0.38928,0.96229,0.043332,1,-64,6.0792,923.75,1
48.75,0.48309,0.92784,0.066138,1,-64,2.5035,924.25,1
50.25,0.48309,0.92784,0.066138,4,-58.5,2.2457,922.75,1
51.75,0.48309,0.92784,0.066138,1,-62.5,3.341,923.25,1
52.5,0.48309,0.92784,0.066138,1,-62.5,5.6174,923.75,1
53,0.48309,0.92784,0.066138,1,-60.5,1.7119,921.25,1
53.75,0.48309,0.92784,0.066138,4,-59,3.3211,920.25,1
54.75,0.50654,0.91636,0.0091224,1,-61.5,4.0114,922.25,1
55.25,0.50654,0.91636,0.0091224,4,-58.5,2.5295,921.25,1
56.25,0.50654,0.91636,0.0091224,1,-62.5,5.889,920.25,1
57,0.50654,0.91636,0.0091224,4,-58.5,2.0064,922.25,1
57.75,0.50654,0.91636,0.0091224,4,-56.5,0.86056,921.25,1
58,0.50654,0.91636,0.0091224,4,-57.5,5.5944,925.25,1
58.5,1.0342,0.51445,0.73892,1,-63.5,2.1598,924.25,1
58.75,1.0342,0.51445,0.73892,1,-60,5.0637,920.25,1
59,1.0342,0.51445,0.73892,1,-59.5,4.2859,921.75,1
59.5,1.2921,0.066602,0.043332,4,-63.5,1.9926,925.75,3
59.75,1.2921,0.066602,0.043332,4,-65.5,0.056757,923.75,3
60.25,0.92865,0.26182,-0.18473,4,-66.5,5.3214,921.25,3
60.5,0.92865,0.26182,-0.18473,4,-67.5,1.4757,925.25,3
61,1.1397,0.11254,-0.082102,4,-66.5,0.57678,920.25,3
61.25,1.1397,0.11254,-0.082102,1,-56.5,1.3484,921.75,3
61.5,1.2101,0.02067,-0.082102,1,-57.5,6.1881,923.25,3
61.75,1.128,0.055119,-0.10491,1,-57,0.84062,922.25,3
62.25,0.9521,0.14698,-0.23034,1,-57,5.7294,923.75,3
62.75,0.97555,0.1355,-0.18473,4,-66.5,1.3821,925.25,3
63,0.97555,0.1355,-0.18473,4,-66,5.9963,920.75,3
63.5,1.0928,0.10105,-0.13912,1,-58,2.5173,920.25,3
63.75,1.0928,0.10105,-0.13912,1,-57,1.2701,921.75,3
63.825,1.0928,0.10105,-0.13912,4,-65,3.3656,923.25,3
64.25,1.1045,0.12402,-0.12771,1,-57,0.90812,922.25,3
64.35,1.1045,0.12402,-0.12771,4,-65,1.3238,922.25,3
64.75,1.0107,0.15847,-0.18473,3,-52.5,0.14113,922.75,3
65,1.0107,0.15847,-0.18473,1,-57.5,0.42338,922.75,3
65.25,1.0342,0.16995,-0.16192,1,-57.5,4.5743,925.25,3
65.5,1.0107,0.18143,-0.18473,1,-57.5,2.1997,920.75,3
66,1.2687,0.02067,-0.047893,4,-64.5,1.8546,921.75,3
66.75,0.96383,0.16995,-0.19613,1,-57.5,0.93113,922.25,3
67,0.96383,0.16995,-0.19613,4,-66,0.91579,925.75,3
67.25,0.96383,0.16995,-0.19613,4,-64.5,6.0684,923.75,3
67.75,1.0576,0.14698,-0.15052,1,-57,4.5897,925.25,3
67.825,1.0576,0.14698,-0.15052,1,-57.5,2.1506,920.75,3
68.25,1.1514,0.089569,-0.11631,4,-65,5.4533,924.25,3
68.5,0.91693,0.18143,-0.21894,4,-65.5,1.8224,921.75,3
69,1.1514,0.089569,-0.093505,1,-57,5.0038,924.75,3
69.25,1.1514,0.089569,-0.093505,4,-65,1.3514,922.25,3
69.5,0.94038,0.18143,-0.18473,1,-57,5.8951,923.75,3
69.75,0.94038,0.18143,-0.18473,4,-64.5,4.0068,922.75,3
70.5,1.0459,0.14698,-0.16192,4,-66.5,5.9518,920.75,3
70.75,1.0459,0.14698,-0.16192,1,-58.5,2.5909,920.25,3
71,0.97555,0.16995,-0.20754,4,-65.5,4.9747,921.75,3
71.25,0.97555,0.16995,-0.20754,3,-53.5,5.2692,924.75,3
71.35,0.97555,0.16995,-0.20754,1,-57,5.0667,924.75,3
71.75,0.9521,0.18143,-0.18473,4,-66.5,0.7992,925.75,3
72.25,1.3508,-0.0022966,-0.047893,3,-52.5,0.19635,922.75,3
72.325,1.3508,-0.0022966,-0.047893,4,-64.5,4.0221,922.75,3
72.75,0.91693,0.16995,-0.21894,4,-66,4.5068,925.25,3
74.5,1.2804,0.0091865,-0.047893,4,-65,6.004,923.75,3
74.75,1.0342,0.15847,-0.15052,4,-65.5,5.4104,921.25,3
75,1.0342,0.15847,-0.15052,1,-57.5,4.6019,925.25,3
75.25,1.0342,0.15847,-0.15052,1,-57.5,2.1445,920.75,3
75.5,0.94038,0.18143,-0.20754,1,-57,5.4257,924.25,3
76,1.2921,0.032153,-0.070699,4,-65,0.13806,923.25,3
76.5,0.94038,0.19292,-0.20754,4,-64.5,4.309,922.25,3
77,1.1514,0.11254,-0.11631,4,-64.5,2.7412,923.75,3
77.25,1.1514,0.11254,-0.11631,4,-64.5,0.67955,922.75,3
77.75,1.2335,0.078086,-0.059296,4,-66,5.8215,920.75,3
78.25,0.94038,0.2044,-0.20754,4,-64.5,4.8474,921.75,3
78.5,0.94038,0.2044,-0.20754,1,-57,0.053689,923.25,3
78.75,0.94038,0.2044,-0.20754,4,-65,1.7518,924.75,3
78.85,0.94038,0.2044,-0.20754,4,-65,1.2164,922.25,3
79.25,0.99901,0.19292,-0.18473,1,-57,5.8767,923.75,3
79.75,0.98728,0.19292,-0.19613,1,-57.5,1.7702,921.25,3
79.825,0.98728,0.19292,-0.19613,1,-57.5,4.6035,925.25,3
80.5,0.96383,0.19292,-0.20754,4,-66.5,0.053689,920.25,3
80.75,0.96383,0.19292,-0.20754,4,-65,4.8274,921.75,3
81.5,1.0459,0.15847,-0.16192,4,-67,0.7041,925.75,3
81.75,1.0459,0.15847,-0.16192,1,-57,5.8797,923.75,3
82,1.3156,0.043636,-0.070699,4,-64.5,0.68262,922.75,3
82.25,1.3156,0.043636,-0.070699,1,-57.5,1.7825,921.25,3
82.35,1.3156,0.043636,-0.070699,1,-57,4.6219,925.25,3
83.25,1.0459,0.18143,-0.16192,1,-57,0.061359,923.25,3
83.5,1.0459,0.18143,-0.16192,1,-57,5.0146,924.75,3
83.75,1.0459,0.18143,-0.16192,4,-65,1.195,922.25,3
84,1.0459,0.18143,-0.16192,4,-66.5,0.72557,925.75,3
84.5,1.3508,0.032153,-0.03649,4,-64.5,0.66421,922.75,3
85,1.1397,0.11254,-0.12771,4,-66.5,5.8184,920.75,3
85.1,1.1397,0.11254,-0.12771,4,-64,2.2135,924.25,3
85.75,0.98728,0.19292,-0.20754,4,-64.5,0.11505,923.25,3
86.25,1.1749,0.11254,-0.093505,4,-64.5,1.1904,922.25,3
86.5,1.1749,0.11254,-0.093505,1,-57.5,4.1663,925.75,3
86.575,1.1749,0.11254,-0.093505,1,-57,5.8567,923.75,3
86.75,1.1749,0.11254,-0.093505,1,-57,0.474,922.75,3
87,0.97555,0.2044,-0.19613,4,-65,5.3152,921.25,3
87.25,0.97555,0.2044,-0.19613,4,-65.5,4.3565,925.25,3
87.5,1.0928,0.1355,-0.12771,4,-64.5,5.3367,924.25,3
87.75,1.0928,0.1355,-0.12771,4,-66.5,0.021476,920.25,3
88.25,1.0694,0.14698,-0.15052,1,-57.5,0.024544,923.25,3
88.5,1.2452,0.055119,-0.059296,4,-64.5,4.3381,922.25,3
89,1.2452,0.055119,-0.059296,1,-57.5,4.1571,925.75,3
89.25,0.97555,0.2044,-0.20754,1,-57,0.47247,922.75,3
89.5,0.97555,0.2044,-0.20754,4,-65,5.2953,921.25,3
89.75,0.97555,0.2044,-0.20754,4,-65,1.1858,925.25,3
90,0.96383,0.2044,-0.19613,4,-64.5,2.2059,924.25,3
90.25,0.96383,0.2044,-0.19613,4,-66.5,0.013806,920.25,3
90.75,1.2218,0.078086,-0.082102,4,-64.5,0.11812,923.25,3
91,0.91693,0.2044,-0.19613,4,-64.5,1.2072,922.25,3
91.5,1.2101,0.078086,-0.093505,1,-57,0.4694,922.75,3
92,1.0459,0.16995,-0.16192,1,-57,4.5743,925.25,3
92.5,1.1866,0.089569,-0.093505,1,-57,5.3965,924.25,3
92.6,1.1866,0.089569,-0.093505,4,-64.5,2.2059,924.25,3
93.5,0.9521,0.2044,-0.18473,1,-57,0.9434,922.25,3
93.75,0.9521,0.2044,-0.18473,1,-57.5,4.1586,925.75,3
93.825,0.9521,0.2044,-0.18473,4,-64,2.752,923.75,3
94.5,1.0107,0.19292,-0.19613,1,-57,4.5866,925.25,3
94.6,1.0107,0.19292,-0.19613,4,-65,1.221,925.25,3
95.025,1.0576,0.15847,-0.16192,4,-64.5,5.329,924.25,3
95.25,1.0576,0.15847,-0.16192,1,-57,1.3714,921.75,3
95.5,1.0576,0.15847,-0.16192,4,-64.5,1.6981,921.75,3
96.5,1.0694,0.15847,-0.15052,4,-64.5,0.65194,922.75,3
96.75,1.2804,0.055119,-0.059296,4,-65.5,1.1582,925.25,3
97.25,0.92865,0.2044,-0.20754,4,-65.5,5.7984,920.75,3
97.5,0.92865,0.2044,-0.20754,4,-64,2.1844,924.25,3
97.75,0.98728,0.18143,-0.18473,4,-64.5,4.8581,921.75,3
98,0.98728,0.18143,-0.18473,1,-57.5,0.033748,923.25,3
98.5,0.98728,0.18143,-0.19613,4,-64.5,1.218,922.25,3
99,1.2335,0.078086,-0.070699,4,-64,3.8211,922.75,3
99.075,1.2335,0.078086,-0.070699,4,-65,5.326,921.25,3
99.5,1.0342,0.18143,-0.17333,4,-65.5,5.8107,920.75,3
100.25,1.1397,0.11254,-0.11631,4,-64.5,1.6889,921.75,3
100.75,1.339,0.043636,-0.03649,1,-57,0.93113,922.25,3
101.5,1.1632,0.10105,-0.10491,4,-65,5.2554,921.25,3
101.75,1.1632,0.10105,-0.10491,4,-65.5,1.0845,925.25,3
102,1.1632,0.10105,-0.10491,4,-66,5.7417,920.75,3
102.75,1.0811,0.16995,-0.16192,4,-64,6.274,923.25,3
104,1.0694,0.15847,-0.15052,4,-64.5,0.54456,922.75,3
104.25,1.0694,0.15847,-0.15052,4,-65,1.0692,925.25,3
104.5,1.0694,0.14698,-0.16192,4,-66,5.6987,920.75,3
105,1.1514,0.11254,-0.12771,4,-64.5,1.6276,921.75,3
105.25,1.1514,0.11254,-0.12771,1,-57.5,6.251,923.25,3
105.75,1.2804,0.043636,-0.070699,4,-64.5,4.2706,922.25,3
106,1.2804,0.043636,-0.070699,4,-66,0.57984,925.75,3
106.25,1.2687,0.055119,-0.070699,1,-57.5,0.40804,922.75,3
106.5,1.2687,0.055119,-0.070699,4,-65,5.2263,921.25,3
107,1.3508,0.032153,-0.070699,4,-65.5,5.7171,920.75,3
107.5,0.92865,0.2044,-0.21894,4,-64.5,4.7339,921.75,3
107.75,0.92865,0.2044,-0.21894,4,-64,0.003068,923.25,3
108,1.1045,0.1355,-0.15052,4,-64.5,1.5693,924.75,3
108.25,1.1045,0.1355,-0.15052,4,-64,4.2338,922.25,3
108.5,1.1397,0.12402,-0.12771,4,-64,3.6846,922.75,3
108.75,1.1397,0.12402,-0.12771,1,-57.5,1.7227,921.25,3
109,1.1397,0.12402,-0.12771,4,-65,5.2278,921.25,3
109.75,1.0576,0.15847,-0.17333,4,-66.5,6.2034,920.25,3
110,1.0576,0.15847,-0.17333,4,-64.5,4.7262,921.75,3
110.5,1.1163,0.12402,-0.13912,4,-64.5,4.2338,922.25,3
111,1.1866,0.089569,-0.093505,4,-64,2.5894,923.75,3
111.25,1.1866,0.089569,-0.093505,4,-64.5,3.68,922.75,3
111.75,1.0459,0.18143,-0.18473,4,-66,5.6911,920.75,3
112,1.0459,0.18143,-0.18473,4,-64,2.0893,924.25,3
112.5,1.0459,0.18143,-0.17333,4,-64.5,4.7262,921.75,3
112.6,1.0459,0.18143,-0.17333,1,-57.5,6.2648,923.25,3
113,1.257,0.066602,-0.059296,1,-57.5,0.88204,922.25,3
113.5,1.0576,0.15847,-0.16192,4,-64.5,0.53996,922.75,3
114,0.91693,0.2044,-0.21894,4,-65,1.0769,925.25,3
114.5,0.96383,0.21588,-0.19613,4,-64,2.0663,924.25,3
115,0.92865,0.2044,-0.20754,1,-57.5,6.2586,923.25,3
115.25,0.96383,0.2044,-0.20754,4,-64.5,1.5539,924.75,3
115.5,0.96383,0.2044,-0.20754,4,-64.5,1.0554,922.25,3
116,1.0459,0.19292,-0.17333,4,-64,2.5571,923.75,3
116.1,1.0459,0.19292,-0.17333,4,-64.5,3.6724,922.75,3
116.5,1.2452,0.078086,-0.082102,4,-66,5.6589,920.75,3
117,0.98728,0.2044,-0.21894,4,-66.5,6.1973,920.25,3
117.25,1.1749,0.10105,-0.10491,4,-64,6.2694,923.25,3
117.75,1.1749,0.10105,-0.10491,4,-64.5,1.5417,924.75,3
118.5,1.1983,0.11254,-0.11631,4,-65,5.1664,921.25,3
119,1.1045,0.14698,-0.13912,4,-66,5.6558,920.75,3
119.25,1.1045,0.14698,-0.13912,1,-57,5.3766,924.25,3
119.5,1.1045,0.14698,-0.13912,4,-66.5,6.1543,920.25,3
119.75,1.1045,0.14698,-0.13912,4,-64.5,4.7063,921.75,3
120.5,1.0225,0.19292,-0.18473,4,-66,0.52769,925.75,3
120.75,1.0225,0.19292,-0.18473,1,-58,5.8123,923.75,3
121,1.0225,0.19292,-0.18473,1,-57.5,0.42031,922.75,3
121.1,1.0225,0.19292,-0.18473,1,-57.5,1.7196,921.25,3
121.5,1.0342,0.16995,-0.17333,4,-65.5,5.6589,920.75,3
122.5,1.0576,0.18143,-0.17333,1,-57,4.9609,924.75,3
122.63,1.0576,0.18143,-0.17333,4,-64.5,1.0446,922.25,3
122.75,1.0576,0.18143,-0.17333,4,-66,0.53076,925.75,3
123,1.0576,0.18143,-0.17333,4,-64,5.6742,923.75,3
123.25,1.0576,0.18143,-0.17333,1,-57.5,0.41878,922.75,3
124,1.128,0.11254,-0.12771,1,-57.5,2.1292,920.75,3
124.25,0.92865,0.2044,-0.21894,1,-58,2.5571,920.25,3
124.75,1.1397,0.12402,-0.12771,4,-64.5,6.2034,923.25,3
124.83,1.1397,0.12402,-0.12771,4,-64,6.2464,923.25,3
125,1.1397,0.12402,-0.12771,4,-64,4.1832,922.25,3
125.5,1.0107,0.18143,-0.18473,4,-64,2.5679,923.75,3
126,1.3039,0.055119,-0.059296,4,-65,5.1971,921.25,3
126.75,0.98728,0.21588,-0.19613,1,-58,2.5556,920.25,3
127,1.2804,0.066602,-0.070699,1,-58,6.2387,923.25,3
127.25,1.2804,0.066602,-0.070699,3,-52.5,6.0178,923.25,3
127.35,1.2804,0.066602,-0.070699,1,-57,4.9808,924.75,3
127.5,1.2804,0.066602,-0.070699,1,-57,4.9732,924.75,3
128,1.0694,0.16995,-0.16192,4,-64.5,3.6539,922.75,3
128.25,1.0694,0.16995,-0.16192,1,-57.5,1.7288,921.25,3
128.75,1.3273,0.055119,-0.070699,4,-66,5.6266,920.75,3
129.5,0.99901,0.19292,-0.19613,4,-65,6.2004,923.25,3
130.75,1.0928,0.1355,-0.15052,4,-65.5,2.0279,921.25,3
131.25,1.2921,0.055119,-0.070699,1,-57.5,5.3981,924.25,3
131.75,1.0225,0.18143,-0.19613,4,-65,4.6265,921.75,3
132,1.0225,0.18143,-0.19613,4,-64.5,6.2126,923.25,3
132.5,1.2921,0.078086,-0.03649,1,-57,0.91272,922.25,3
133.5,1.1163,0.14698,-0.11631,1,-57.5,4.6204,925.25,3
133.6,1.1163,0.14698,-0.11631,4,-66,0.71023,925.25,3
134.5,0.9052,0.2044,-0.19613,4,-65.5,1.2609,924.75,3
135,1.0107,0.19292,-0.18473,4,-68.5,0.099709,925.75,3
135.5,0.92865,0.22737,-0.15052,4,-63.5,3.9255,922.75,3
136.75,1.128,0.12402,-0.082102,4,-64.5,4.6909,921.75,3
137,0.96383,0.21588,-0.19613,4,-64.5,1.5539,924.75,3
137.25,0.96383,0.21588,-0.19613,4,-64,4.1433,922.25,3
137.75,1.0811,0.14698,-0.13912,4,-64,2.5188,923.75,3
138,1.0811,0.14698,-0.13912,4,-64,3.5864,922.75,3
138.1,1.0811,0.14698,-0.13912,4,-64.5,5.1143,921.25,3
138.5,1.1397,0.14698,-0.12771,1,-57.5,2.0632,920.75,3
139,1.0459,0.19292,-0.16192,1,-58,2.5265,920.25,3
139.1,1.0459,0.19292,-0.16192,1,-57,1.2502,921.75,3
139.25,1.0459,0.19292,-0.16192,4,-64,3.0603,923.25,3
139.75,1.128,0.14698,-0.11631,4,-64,0.93113,922.25,3
140,0.9521,0.23885,-0.19613,4,-63.5,2.4651,923.75,3
140.25,0.9521,0.23885,-0.19613,4,-64,3.5435,922.75,3
140.5,1.1866,0.11254,-0.10491,4,-64,5.1281,921.25,3
140.75,1.1866,0.11254,-0.10491,4,-65,5.5975,920.75,3
141,1.1866,0.11254,-0.10491,4,-64,1.9098,924.25,3
141.5,0.97555,0.23885,-0.19613,4,-64,1.4481,921.75,3
142.25,1.0576,0.19292,-0.15052,4,-67,0.36662,925.75,3
142.75,1.3156,0.066602,-0.03649,4,-64,0.34208,922.75,3
143.25,0.92865,0.21588,-0.20754,4,-66,4.0758,925.25,3
144,0.92865,0.22737,-0.20754,1,-57,1.1382,921.75,3
144.25,0.92865,0.22737,-0.20754,4,-64,6.1298,923.25,3
144.75,1.3156,0.078086,-0.047893,4,-64,4.151,922.25,3
145,1.3156,0.078086,-0.047893,1,-58,3.9884,925.75,3
145.25,1.2687,0.032153,-0.047893,4,-64.5,0.49548,922.75,3
145.5,1.2687,0.032153,-0.047893,1,-56,1.623,921.25,3
145.75,1.2687,0.032153,-0.047893,1,-56.5,1.3714,925.25,3
146,0.94038,0.26182,-0.19613,4,-65.5,5.6972,920.75,3
146.5,0.7645,0.60631,-0.093505,4,-61,4.8474,921.75,1
147,0.8583,0.73263,0.020525,1,-56.5,5.4456,922.25,1
147.1,0.8583,0.73263,0.020525,1,-57,5.8061,922.25,1
147.25,0.8583,0.73263,0.020525,4,-66,1.3039,925.75,1
148,0.31893,0.98526,-0.0022806,1,-57.5,0.75625,921.25,1
148.75,0.44791,0.97377,-0.13912,4,-65.5,0.32367,920.25,1
149,0.44791,0.97377,-0.13912,4,-65.5,4.2123,923.25,1
149.5,0.8114,0.76708,0.066138,4,-62,5.645,922.25,1
149.58,0.8114,0.76708,0.066138,1,-58.5,0.54917,922.25,1
149.75,0.8114,0.76708,0.066138,4,-61.5,4.1341,923.75,1
150,0.8114,0.76708,0.066138,4,-61,2.617,922.75,1
150.25,0.8114,0.76708,0.066138,3,-58.5,4.559,921.25,1
151.25,0.8114,0.76708,0.066138,1,-62.5,0.88511,920.25,1
152,0.24858,0.99674,-0.025087,4,-58.5,5.8199,922.25,1
152.5,0.24858,0.99674,-0.025087,1,-65.5,0.56297,922.75,1
153,0.24858,0.99674,-0.025087,4,-58.5,4.3688,920.75,1
153.5,0.24858,0.99674,-0.025087,4,-58.5,1.33,920.25,1
153.75,0.24858,0.99674,-0.025087,3,-58.5,6.1727,921.75,1
154.25,0.24858,0.99674,-0.025087,1,-65,0.13192,924.75,1
155.5,0.34238,0.97377,-0.025087,1,-65.5,6.1329,925.25,1
156,0.34238,0.97377,-0.025087,4,-58.5,1.2471,920.25,1
156.5,0.34238,0.97377,-0.025087,1,-63.5,1.2579,923.25,1
157.25,0.34238,0.97377,-0.025087,4,-59,3.9561,923.75,1
157.5,0.34238,0.97377,-0.025087,4,-59,0.16567,921.25,1
158.25,0.34238,0.97377,-0.025087,4,-59.5,3.4269,924.25,1
158.5,0.34238,0.97377,-0.025087,4,-58.5,5.892,921.75,1
159.75,0.43619,0.92784,0.020525,4,-59.5,3.9055,923.75,1
160.25,0.43619,0.92784,0.020525,1,-65,2.8333,925.25,1
160.75,0.43619,0.92784,0.020525,4,-59.5,1.0692,920.25,1
161.25,0.43619,0.92784,0.020525,4,-59,4.3565,923.25,1
161.75,0.43619,0.92784,0.020525,4,-58.5,5.3306,922.25,1
162.25,0.43619,0.92784,0.020525,4,-58.5,4.8612,922.75,1
162.75,0.43619,0.92784,0.020525,1,-63,0.14266,920.75,1
163.25,0.43619,0.92784,0.020525,3,-58,1.1382,920.25,1
163.75,0.31893,0.99674,-0.093505,3,-57,2.2856,923.25,1
163.83,0.31893,0.99674,-0.093505,3,-58.5,1.379,924.75,1
164,0.31893,0.99674,-0.093505,3,-57,0.0061359,922.25,1
164.5,0.31893,0.99674,-0.093505,1,-59,6.0516,923.75,1
164.75,0.31893,0.99674,-0.093505,3,-57.5,5.6006,922.75,1
165.25,0.58862,0.87042,0.031928,1,-59,2.2258,920.75,1
165.5,0.58862,0.87042,0.031928,4,-60,5.9365,924.25,1
166,0.58862,0.87042,0.031928,3,-59,5.7616,921.75,1
166.5,0.58862,0.87042,0.031928,4,-58.5,5.0223,922.25,1
167,0.58862,0.87042,0.031928,4,-59,4.5437,922.75,1
168.03,0.36583,0.97377,-0.013684,4,-60,6.1896,924.25,1
168.5,0.36583,0.97377,-0.013684,4,-58.5,5.4732,921.75,1
169,0.36583,0.97377,-0.013684,4,-59,1.8254,922.25,1
169.5,0.36583,0.97377,-0.013684,3,-59,1.9021,922.75,1
170,0.36583,0.97377,-0.013684,4,-60,1.9804,925.25,1
170.5,0.36583,0.97377,-0.013684,4,-60,2.9192,924.25,1
170.75,0.36583,0.97377,-0.013684,4,-59,5.3521,921.75,1
171.75,0.45964,0.91636,0.020525,3,-60,1.2533,923.75,1
172.25,0.45964,0.91636,0.020525,4,-59,5.9012,921.25,1
172.75,0.45964,0.91636,0.020525,1,-63.5,0.14573,924.25,1
173.25,0.45964,0.91636,0.020525,4,-58.5,5.3091,921.75,1
173.5,0.45964,0.91636,0.020525,1,-62.5,0.43412,923.25,1
174,0.45964,0.91636,0.020525,4,-61,4.4777,925.75,1
174.5,0.45964,0.91636,0.020525,3,-58,2.3163,922.75,1
174.75,0.45964,0.91636,0.020525,4,-60,1.8699,925.25,1
175.75,0.41273,0.95081,-0.070699,1,-62,1.6904,921.75,1
176.25,0.41273,0.95081,-0.070699,4,-58.5,4.7799,922.25,1
176.75,0.41273,0.95081,-0.070699,3,-59,1.5585,923.75,1
177,0.41273,0.95081,-0.070699,4,-59,5.757,921.25,1
177.75,0.41273,0.95081,-0.070699,1,-64,5.9028,924.25,1
179,0.42446,0.95081,-0.03649,1,-66,6.185,923.75,1
180,0.42446,0.95081,-0.03649,4,-60,0.1626,920.75,1
180.75,0.42446,0.95081,-0.03649,1,-66.5,0.25924,923.25,1
181.5,0.42446,0.95081,-0.03649,4,-59,0.36509,923.75,1
181.75,0.42446,0.95081,-0.03649,3,-57.5,2.2503,922.75,1
182.25,0.36583,0.96229,-0.093505,4,-59,6.0331,920.75,1
182.75,0.36583,0.96229,-0.093505,1,-59.5,3.2628,920.25,1
183,0.36583,0.96229,-0.093505,4,-58.5,5.0391,921.75,1
183.25,0.36583,0.96229,-0.093505,4,-59,0.54763,923.25,1
183.5,0.36583,0.96229,-0.093505,1,-60,1.8377,922.25,1
184,0.36583,0.96229,-0.093505,4,-59.5,0.047553,923.75,1
184.25,0.36583,0.96229,-0.093505,3,-57.5,2.1445,922.75,1
184.75,0.37756,0.98526,-0.059296,4,-59,6.1727,920.75,1
185.25,0.37756,0.98526,-0.059296,1,-61,0.087437,920.25,1
185.5,0.37756,0.98526,-0.059296,4,-59.5,0.61359,923.25,1
186,0.37756,0.98526,-0.059296,3,-58,5.6052,922.25,1
186.75,0.41273,0.96229,-0.03649,3,-58,0.033748,921.25,1
187,0.41273,0.96229,-0.03649,4,-60,1.8285,925.25,1
187.5,0.41273,0.96229,-0.03649,4,-59.5,5.9028,924.25,1
187.75,0.41273,0.96229,-0.03649,1,-61,1.9942,921.75,1
188,0.41273,0.96229,-0.03649,4,-59.5,0.67188,923.25,1
188.5,0.41273,0.96229,-0.03649,4,-58.5,4.7845,922.25,1
189.25,0.64724,0.87042,0.054735,3,-58,0.010738,921.25,1
189.75,0.64724,0.87042,0.054735,3,-58,0.34975,920.75,1
190,0.64724,0.87042,0.054735,1,-61,0.059825,920.25,1
190.25,0.64724,0.87042,0.054735,3,-58,5.9196,921.75,1
190.5,0.64724,0.87042,0.054735,4,-59.5,2.2488,924.75,1
191,0.64724,0.87042,0.054735,4,-58.5,4.7492,922.25,1
191.5,0.64724,0.87042,0.054735,1,-61.5,1.1658,922.75,1
191.75,0.64724,0.87042,0.054735,1,-63,5.461,925.25,1
192.5,0.38928,0.96229,-0.047893,1,-61,0.061359,920.25,1
193,0.38928,0.96229,-0.047893,1,-61,3.9485,923.25,1
193.25,0.38928,0.96229,-0.047893,4,-58.5,4.6679,922.25,1
193.5,0.38928,0.96229,-0.047893,4,-59.5,0.053689,923.75,1
194,0.38928,0.96229,-0.047893,3,-57,5.4886,922.75,1
194.1,0.38928,0.96229,-0.047893,1,-59,1.8975,921.25,1
194.5,0.38928,0.96229,-0.047893,4,-60.5,2.6308,920.75,1
195,0.49481,0.91636,-0.03649,4,-60,4.4731,921.75,1
195.25,0.49481,0.91636,-0.03649,3,-57,5.1174,923.25,1
195.5,0.49481,0.91636,-0.03649,1,-60,5.5162,924.75,1
195.75,0.49481,0.91636,-0.03649,3,-57,5.5392,922.25,1
196.25,0.49481,0.91636,-0.03649,1,-61.5,3.8319,923.75,1
196.5,0.49481,0.91636,-0.03649,4,-59,5.8583,921.25,1
197,0.49481,0.91636,-0.03649,4,-59.5,0.075165,920.75,1
197.5,0.49481,0.91636,-0.03649,3,-59,0.37583,920.25,1
198.25,0.41273,0.95081,-0.025087,4,-59,4.7814,922.25,1
198.75,0.41273,0.95081,-0.025087,1,-62.5,4.401,922.75,1
199.25,0.41273,0.95081,-0.025087,4,-60,1.8208,925.25,1
199.5,0.41273,0.95081,-0.025087,3,-60,0.79153,924.25,1
200,0.41273,0.95081,-0.025087,4,-59,5.2616,921.75,1
200.5,0.41273,0.95081,-0.025087,4,-60,2.3516,924.75,1
201,0.41273,0.95081,-0.025087,1,-63.5,3.6033,923.75,1
202,0.41273,0.95081,-0.03649,1,-63.5,0.061359,924.25,1
202.5,0.41273,0.95081,-0.03649,3,-58.5,5.5929,921.75,1
203,0.41273,0.95081,-0.03649,1,-60,1.7165,922.25,1
204.75,0.41273,0.95081,-0.03649,1,-64.5,1.6168,920.25,4
205,0.41273,0.95081,-0.03649,1,-58.5,4.2706,923.25,4
206,0.30721,0.96229,-0.10491,4,-62.5,0.73324,922.75,4
206.5,0.30721,0.96229,-0.10491,4,-69,0.21629,925.25,4
207.25,0.35411,1.0427,-0.093505,1,-55.5,6.1451,920.25,4
207.35,0.35411,1.0427,-0.093505,2,-65.5,4.2092,921.75,4
207.5,0.35411,1.0427,-0.093505,1,-49.5,0.29913,923.25,4
207.75,0.30721,1.0197,-0.082102,1,-46,5.9426,922.25,4
208,0.13132,1.1001,-0.19613,1,-45.5,4.2675,922.25,4
208.1,0.17823,1.192,-0.047893,1,-47,0.33441,925.75,4
208.15,0.060972,0.74411,0.054735,2,-65,0.8575,925.75,4
208.25,0.060972,0.74411,0.054735,2,-64.5,4.6495,925.75,4
208.35,0.060972,0.74411,0.054735,1,-46,2.3853,923.75,4
208.5,0.1196,1.0427,-0.047893,1,-46.5,3.835,922.75,4
208.6,0.15478,1.2609,-0.025087,1,-47,4.0973,922.75,4
208.63,0.15478,1.2609,-0.025087,1,-47,4.2046,922.75,4
210.5,0.37756,0.92784,-0.082102,2,-55,6.0684,922.25,4
210.6,0.37756,0.92784,-0.082102,2,-56,0.33287,925.75,4
214,0.54171,0.88191,-0.082102,2,-56,5.1741,925.25,2
214.25,0.54171,0.88191,-0.082102,2,-57,1.8377,920.25,2
215,0.54171,0.88191,-0.082102,2,-57,5.6757,924.75,2
215.75,0.54171,0.88191,-0.082102,2,-58,5.9028,923.75,2
218,0.55344,0.90487,0.020525,2,-57.5,5.8261,923.75,2
219.25,0.55344,0.90487,0.020525,2,-58,5.6052,924.25,2
220.75,0.55344,0.90487,0.020525,2,-57.5,0.10431,922.75,2
225,0.48309,0.92784,-0.025087,2,-59,0.11505,922.25,2
227.25,0.48309,0.92784,-0.025087,2,-58.5,5.0146,924.75,2
229,0.48309,0.92784,-0.025087,2,-58,5.1542,924.25,2
230.5,0.48309,0.92784,-0.025087,2,-58,6.0117,922.75,2
232.25,0.48309,0.92784,-0.025087,2,-58,6.2817,922.25,2
233.5,0.48309,0.92784,-0.025087,2,-58.5,0.74245,920.75,2
234.75,0.47136,0.92784,-0.047893,2,-57,6.0424,922.25,2
235.25,0.47136,0.92784,-0.047893,2,-56,5.7647,922.75,2
235.75,0.47136,0.92784,-0.047893,2,-57.5,0.35742,921.25,2
236.25,0.47136,0.92784,-0.047893,2,-56.5,4.9133,924.25,2
236.75,0.47136,0.92784,-0.047893,2,-56.5,5.4809,923.25,2
237,0.47136,0.92784,-0.047893,2,-56.5,6.0838,922.25,2
237.75,0.47136,0.92784,-0.047893,2,-56.5,5.1189,923.75,2
239,0.42446,0.97377,-0.082102,2,-57.5,6.1957,921.75,2
239.75,0.42446,0.97377,-0.082102,2,-59.5,4.1632,925.75,2
241.5,0.42446,0.97377,-0.082102,2,-57.5,6.1697,921.75,2
242.5,0.42446,0.97377,-0.082102,2,-57.5,5.3137,922.75,2
244.25,0.42446,0.97377,-0.082102,2,-58,4.9992,923.25,2
246.75,0.42446,0.97377,-0.082102,2,-58.5,0.74551,924.75,2
247.5,0.42446,0.97377,-0.082102,2,-57,5.0146,922.75,2
249.5,0.69414,0.82449,-0.0022806,2,-55.5,4.9962,922.25,2
250,0.69414,0.82449,-0.0022806,2,-57,4.9164,922.75,2
251.5,0.69414,0.82449,-0.0022806,2,-57.5,4.7078,923.25,2
254.5,0.69414,0.82449,-0.0022806,2,-60.5,0.30986,925.75,2
256.5,0.69414,0.82449,-0.0022806,2,-57.5,3.6049,924.75,2
257.25,0.69414,0.82449,-0.0022806,2,-57,4.7155,922.75,2
258.5,0.69414,0.82449,-0.0022806,2,-57.5,5.2477,921.75,2
261,0.58862,0.88191,-0.025087,2,-57.5,5.2278,921.75,2
262,0.58862,0.88191,-0.025087,2,-57.5,1.0017,923.75,2
263.5,0.58862,0.88191,-0.025087,2,-57,4.3718,923.25,2
264.5,0.58862,0.88191,-0.025087,2,-57.5,4.1003,923.75,2
266.5,0.63552,0.85894,-0.0022806,2,-58.5,6.0868,925.75,2
267.5,0.63552,0.85894,-0.0022806,2,-58.5,5.5837,920.75,2
268.75,0.63552,0.85894,-0.0022806,2,-58,0.30986,924.75,2
269.5,0.63552,0.85894,-0.0022806,2,-57,4.559,922.75,2
270.75,0.63552,0.85894,-0.0022806,2,-57.5,5.0667,921.75,2
272.75,0.58862,0.88191,-0.013684,2,-57.5,0.61052,924.25,2
273.5,0.58862,0.88191,-0.013684,2,-58,0.27918,924.75,2
274.5,0.58862,0.88191,-0.013684,2,-57,4.5437,922.75,2
275.5,0.58862,0.88191,-0.013684,2,-57.5,5.0744,921.75,2
276.5,0.58862,0.88191,-0.013684,2,-58.5,6.0086,925.75,2
278.5,0.7176,0.83597,0.043332,2,-58,0.20862,924.75,2
279,0.7176,0.83597,0.043332,2,-57,3.9822,923.75,2
279.75,0.7176,0.83597,0.043332,2,-57.5,0.001534,925.25,2
280.5,0.7176,0.83597,0.043332,2,-57,5.0115,921.75,2
281,0.7176,0.83597,0.043332,2,-56.5,4.7185,922.25,2
281.5,0.7176,0.83597,0.043332,2,-55.5,4.8873,922.75,2
283.5,0.096148,0.85894,-0.17333,2,-48,2.0433,922.25,4
283.6,0.096148,0.85894,-0.17333,2,-47.5,2.0203,922.25,4
283.75,0.56517,0.85894,-0.0022806,2,-48.5,1.1612,923.75,4
284,0.63552,0.88191,-0.013684,2,-48.5,1.8331,922.75,4
284.25,0.41273,0.96229,-0.093505,2,-48.5,5.9825,921.25,4
284.75,0.27203,0.99674,-0.16192,1,-67.5,0.59518,920.75,4
285.25,0.2603,1.0197,-0.11631,2,-50,1.287,920.25,4
285.32,0.2134,1.0197,-0.19613,1,-67,4.5176,921.75,4
285.75,0.29548,0.98526,-0.20754,2,-50,5.237,924.75,4
286.25,0.084423,0.99674,0.043332,1,-68.5,4.8827,923.75,4
286.75,0.084423,0.99674,0.043332,1,-63,0.24544,921.25,4
291.25,0.1665,1.0312,-0.11631,1,-56,5.1189,923.75,4
291.35,0.1665,1.0312,-0.11631,1,-56,5.7739,922.75,4
291.5,0.1665,1.0312,-0.11631,1,-56.5,5.622,922.75,4
291.75,0.30721,0.98526,-0.025087,1,-59,2.4467,925.25,4
292.25,0.30721,0.98526,-0.025087,4,-57,5.5745,924.25,1
292.75,0.30721,0.98526,-0.025087,1,-66,0.28839,923.25,1
293.75,0.36583,1.0656,0.11175,3,-56.5,5.5469,922.75,1
294,0.36583,1.0656,0.11175,4,-57,2.0601,922.75,1
294.75,0.36583,1.0656,0.11175,3,-56,5.1342,924.25,1
295,1.2335,0.2733,0.10035,3,-54,0.60439,921.75,3
295.25,1.2335,0.2733,0.10035,1,-55.5,6.2556,921.75,3
295.5,1.0342,0.35368,-0.16192,4,-64.5,0.22089,924.75,3
295.75,0.82312,0.38813,0.031928,1,-57.5,1.761,922.25,3
297,0.89348,0.15847,-0.12771,4,-65,0.86823,920.75,3
297.25,1.2218,0.032153,-0.047893,4,-66,1.0953,920.25,3
297.5,1.2218,0.032153,-0.047893,4,-65,5.7478,921.75,3
297.75,0.94038,0.1355,-0.070699,4,-65,4.4838,923.25,3
297.82,0.94038,0.1355,-0.070699,4,-67,5.9028,924.75,3
298.25,0.91693,0.14698,-0.17333,4,-64.5,5.2094,922.25,3
298.5,0.9052,0.14698,-0.11631,3,-50,2.2657,923.75,3
298.75,0.9052,0.12402,-0.21894,3,-50,6.0439,922.75,3
298.85,0.9052,0.12402,-0.21894,4,-64.5,4.5406,922.75,3
299,0.9052,0.12402,-0.21894,3,-50,3.8718,921.25,3
299.25,1.2101,0.032153,-0.047893,4,-65.5,0.42645,920.75,3
299.5,1.2101,0.032153,-0.047893,3,-50.5,5.1174,924.25,3
299.6,1.2101,0.032153,-0.047893,4,-66,6.0868,924.25,3
299.75,1.2101,0.032153,-0.047893,4,-66,0.95414,920.25,3
300,1.3742,-0.025263,0.0091224,3,-50,5.7524,923.25,3
300.1,1.3742,-0.025263,0.0091224,4,-65,4.1111,923.25,3
300.25,1.3742,-0.025263,0.0091224,4,-66.5,2.4789,924.75,3
300.5,0.9521,0.14698,-0.13912,4,-65,1.9712,922.25,3
301.5,0.92865,0.14698,-0.17333,3,-50,3.8595,921.25,3
301.75,1.2218,0.032153,-0.025087,3,-50,4.2,920.75,3
302,0.99901,0.15847,-0.13912,3,-49.5,4.539,920.25,3
302.25,0.9052,0.15847,-0.17333,3,-50,4.5329,920.25,3
302.35,0.9052,0.15847,-0.17333,4,-66,0.92039,920.25,3
302.5,0.9052,0.15847,-0.17333,3,-50,0.40804,921.75,3
302.75,1.128,0.066602,-0.082102,4,-66.5,5.5699,924.75,3
303.25,0.94038,0.15847,-0.15052,4,-68,1.5294,925.75,3
303.35,0.94038,0.15847,-0.15052,4,-65.5,0.32214,923.75,3
303.75,0.96383,0.16995,-0.15052,3,-50,0.71944,921.25,3
303.85,0.96383,0.16995,-0.15052,4,-65,6.0914,921.25,3
304.25,0.96383,0.15847,-0.15052,4,-66,0.34975,920.75,3
304.5,0.96383,0.15847,-0.15052,3,-50.5,1.9052,924.25,3
305,1.1397,0.078086,-0.070699,3,-50,2.5203,923.25,3
305.5,0.92865,0.14698,-0.15052,3,-50,0.076699,922.25,3
305.57,0.92865,0.14698,-0.15052,4,-68.5,1.5263,925.75,3
305.75,0.92865,0.14698,-0.15052,4,-65.5,0.35588,923.75,3
306.25,1.1632,0.055119,-0.047893,3,-50,0.75625,921.25,3
306.35,1.1632,0.055119,-0.047893,4,-65,6.1144,921.25,3
306.5,1.0107,0.16995,-0.13912,4,-66,0.34054,920.75,3
306.75,1.0107,0.16995,-0.13912,3,-50.5,5.0483,924.25,3
306.85,1.0107,0.16995,-0.13912,3,-50.5,1.9098,924.25,3
307.5,1.1397,0.066602,-0.093505,3,-50,5.6358,923.25,3
307.58,0.92865,0.15847,-0.16192,4,-66,2.3899,924.75,3
308.5,1.2335,0.043636,-0.03649,4,-64.5,4.516,922.75,3
308.75,0.92865,0.15847,-0.16192,3,-51.5,1.3652,925.25,3
310,1.1397,0.089569,-0.070699,3,-50,5.6236,923.25,3
310.25,0.92865,0.16995,-0.16192,4,-66.5,5.5269,924.75,3
310.38,0.92865,0.16995,-0.16192,3,-50,0.11505,922.25,3
310.4,0.92865,0.16995,-0.16192,4,-65,5.0238,922.25,3
310.75,0.9521,0.16995,-0.13912,3,-50.5,5.4656,923.75,3
310.83,0.97555,0.16995,-0.13912,4,-65,4.5835,922.75,3
311.25,0.9521,0.16995,-0.15052,4,-65,6.0899,921.25,3
311.5,0.9521,0.16995,-0.15052,3,-50,1.0953,920.75,3
311.58,0.9052,0.15847,-0.17333,3,-50.5,1.9267,924.25,3
311.75,0.9052,0.15847,-0.17333,4,-65.5,5.9917,924.25,3
312,1.257,0.043636,-0.025087,3,-50,0.34975,921.75,3
312.1,1.257,0.043636,-0.025087,4,-65,5.5193,921.75,3
312.75,0.97555,0.16995,-0.12771,4,-64,4.9962,922.25,3
313,0.97555,0.16995,-0.12771,4,-67.5,1.4266,925.75,3
313.25,0.97555,0.16995,-0.12771,4,-65.5,0.27151,923.75,3
313.5,0.97555,0.16995,-0.12771,4,-64.5,4.4915,922.75,3
313.75,0.91693,0.16995,-0.16192,4,-67,5.0284,925.25,3
314,0.91693,0.16995,-0.16192,3,-50,4.2476,920.75,3
314.08,0.91693,0.16995,-0.16192,4,-66,0.34515,920.75,3
314.25,0.99901,0.16995,-0.13912,4,-66.5,0.84676,920.25,3
314.5,0.99901,0.16995,-0.13912,4,-64.5,5.5116,921.75,3
314.75,0.91693,0.18143,-0.15052,3,-50,5.6543,923.25,3
315,1.128,0.10105,-0.093505,4,-65,4.9778,922.25,3
316,1.1045,0.11254,-0.10491,3,-50,0.78693,921.25,3
316.1,1.1045,0.11254,-0.10491,3,-50,0.78386,921.25,3
316.5,0.98728,0.15847,-0.15052,4,-65.5,0.27458,920.75,3
316.75,0.98728,0.15847,-0.15052,3,-50.5,5.056,924.25,3
316.85,0.98728,0.15847,-0.15052,4,-66,0.78847,920.25,3
317,1.0576,0.16995,-0.093505,4,-65.5,5.5591,921.75,3
317.5,0.91693,0.19292,-0.15052,3,-50,0.19788,922.25,3
317.58,0.91693,0.19292,-0.15052,4,-64.5,5.0299,922.25,3
318,0.96383,0.18143,-0.12771,4,-65,0.31907,923.75,3
318.75,1.1983,0.066602,-0.070699,3,-50,1.1382,920.75,3
318.85,1.1983,0.066602,-0.070699,3,-50,1.1351,920.75,3
319,0.92865,0.18143,-0.15052,3,-50.5,1.9788,924.25,3
319.25,0.92865,0.18143,-0.15052,3,-50,4.5897,920.25,3
319.3,0.88175,0.16995,-0.16192,4,-66,0.73784,920.25,3
319.5,0.91693,0.18143,-0.15052,4,-65,0.75318,923.25,3
319.75,0.91693,0.18143,-0.15052,4,-66.5,2.3132,924.75,3
320.5,1.2687,0.032153,-0.0022806,4,-65.5,0.22396,923.75,3
320.75,1.2687,0.032153,-0.0022806,4,-64.5,4.4439,922.75,3
320.88,1.2687,0.032153,-0.0022806,3,-50,0.74091,921.25,3
321,1.1866,0.066602,-0.03649,4,-66.5,1.8316,925.25,3
321.5,0.96383,0.19292,-0.12771,4,-65.5,5.9396,924.25,3
321.6,0.96383,0.19292,-0.12771,4,-65.5,0.77159,920.25,3
321.75,0.96383,0.19292,-0.12771,4,-64.5,5.4656,921.75,3
322.25,1.2101,0.066602,-0.025087,4,-66,5.461,924.75,3
322.5,1.2101,0.066602,-0.025087,3,-50,0.056757,922.25,3
322.6,1.2101,0.066602,-0.025087,4,-64,4.9517,922.25,3
322.75,1.3156,0.032153,-0.0022806,3,-50,2.1767,923.75,3
323,1.3156,0.032153,-0.0022806,3,-50,5.9411,922.75,3
323.1,0.96383,0.16995,-0.16192,4,-64.5,1.2533,922.75,3
323.25,0.96383,0.16995,-0.16192,4,-65,5.9503,921.25,3
324,1.1866,0.078086,-0.047893,4,-65.5,5.8936,924.25,3
324.1,1.1866,0.078086,-0.047893,3,-50,1.3959,920.25,3
324.25,1.1866,0.078086,-0.047893,4,-66,0.7854,920.25,3
324.5,1.2687,0.043636,-0.013684,3,-50,5.6497,923.25,3
324.6,1.2687,0.043636,-0.013684,4,-64,0.73017,923.25,3
325,0.91693,0.18143,-0.15052,3,-50,0.069029,922.25,3
325.08,0.91693,0.18143,-0.15052,4,-63,4.9486,922.25,3
325.13,0.91693,0.18143,-0.15052,4,-67,1.3284,925.75,3
326.25,0.9521,0.16995,-0.13912,4,-65,0.30833,920.75,3
326.5,0.9521,0.16995,-0.13912,3,-50.5,5.056,924.25,3
327,1.0225,0.16995,-0.13912,4,-64,3.9684,923.25,3
327.08,1.0225,0.16995,-0.13912,4,-65,2.3224,924.75,3
327.25,1.0225,0.16995,-0.13912,4,-63.5,1.8607,922.25,3
327.75,0.92865,0.19292,-0.13912,3,-50,5.3198,923.75,3
327.83,0.92865,0.19292,-0.13912,4,-64,0.21016,923.75,3
327.88,0.92865,0.19292,-0.13912,4,-63.5,1.2993,922.75,3
328.5,0.9521,0.18143,-0.13912,4,-65,0.24083,920.75,3
329.25,1.257,0.055119,-0.03649,3,-50,0.36816,921.75,3
329.35,1.257,0.055119,-0.03649,4,-65,0.70717,923.25,3
329.5,0.91693,0.19292,-0.17333,4,-66,5.349,924.75,3
329.75,0.91693,0.19292,-0.17333,4,-64,4.8842,922.25,3
330,0.91693,0.19292,-0.17333,4,-68,1.3008,925.75,3
330.25,0.91693,0.19292,-0.17333,4,-65,3.2873,923.75,3
330.75,1.1163,0.089569,-0.082102,4,-67,1.7211,925.25,3
331.5,1.2804,0.055119,0.0091224,3,-50,0.35282,921.75,3
331.6,1.2804,0.055119,0.0091224,4,-64,5.3597,921.75,3
331.75,1.2804,0.055119,0.0091224,3,-50,5.5898,923.25,3
332,0.94038,0.18143,-0.15052,3,-50,6.2694,922.25,3
332.25,0.94038,0.18143,-0.15052,4,-64,4.8735,922.25,3
332.33,0.94038,0.18143,-0.15052,4,-67.5,1.2609,925.75,3
332.75,1.339,0.032153,0.0091224,4,-65,0.12579,923.75,3
332.88,1.339,0.032153,0.0091224,4,-64.5,1.2103,922.75,3
333,1.339,0.032153,0.0091224,4,-65,5.958,921.25,3
333.25,1.339,0.032153,0.0091224,4,-66,4.9425,925.25,3
333.75,1.0694,0.14698,-0.093505,4,-65.5,5.912,924.25,3
334.5,1.1749,0.089569,-0.047893,3,-50,0.059825,922.25,3
334.75,1.1749,0.089569,-0.047893,4,-64,4.9225,922.25,3
334.85,1.1749,0.089569,-0.047893,4,-67.5,1.3668,925.75,3
335.25,0.96383,0.18143,-0.15052,3,-50,5.9457,922.75,3
335.35,0.96383,0.18143,-0.15052,4,-65.5,5.9227,921.25,3
335.75,0.91693,0.19292,-0.16192,3,-50,4.2046,920.75,3
336,0.94038,0.18143,-0.15052,4,-65.5,5.9227,924.25,3
336.25,0.94038,0.18143,-0.15052,3,-50,4.5237,920.25,3
336.75,1.0928,0.1355,-0.10491,4,-64.5,3.8702,923.25,3
337,0.94038,0.16995,-0.15052,3,-50,0.069029,922.25,3
337.25,0.94038,0.16995,-0.15052,4,-68,1.4005,925.75,3
337.75,1.0107,0.15847,-0.15052,4,-64,4.4854,922.75,3
338,1.0107,0.15847,-0.15052,3,-50,0.78386,921.25,3
338.13,1.0107,0.15847,-0.15052,4,-65,6.0132,921.25,3
338.25,0.9052,0.18143,-0.17333,4,-65.5,0.26384,920.75,3
338.5,0.9052,0.18143,-0.17333,4,-65.5,5.9288,924.25,3
338.75,0.9052,0.18143,-0.17333,3,-50,4.536,920.25,3
338.85,1.1983,0.089569,-0.03649,3,-50,0.3881,921.75,3
339,1.1983,0.089569,-0.03649,4,-64.5,2.2473,921.75,3
339.5,1.1397,0.11254,-0.070699,3,-50,6.277,922.25,3
339.6,1.1397,0.11254,-0.070699,4,-63.5,4.8949,922.25,3
339.75,1.1397,0.11254,-0.070699,4,-67,1.2809,925.75,3
340,0.89348,0.19292,-0.18473,4,-64.5,0.18101,923.75,3
340.25,0.89348,0.19292,-0.18473,3,-50,5.9549,922.75,3
340.35,0.89348,0.19292,-0.18473,4,-63.5,4.4301,922.75,3
341.25,1.0342,0.16995,-0.13912,3,-50,4.6848,920.25,3
341.35,0.91693,0.19292,-0.16192,3,-50,0.50161,921.75,3
341.5,0.97555,0.19292,-0.15052,3,-50,5.7402,923.25,3
341.6,0.97555,0.19292,-0.15052,4,-65.5,0.59058,923.25,3
342,0.97555,0.22737,-0.18473,4,-63,4.8029,922.25,3
342.5,0.89348,0.31923,-0.11631,4,-64.5,4.3412,922.75,3
342.75,0.89348,0.30775,-0.12771,4,-65.5,5.869,921.25,3
343,0.89348,0.30775,-0.12771,4,-66,6.274,920.75,3
343.5,1.0342,0.33072,-0.10491,4,-66,0.66268,920.25,3
344.5,1.257,0.11254,-0.047893,4,-68,1.2272,925.75,3
344.75,0.94038,0.21588,-0.18473,3,-50,5.8982,922.75,3
345,0.94038,0.21588,-0.18473,4,-65,4.2721,922.75,3
345.08,0.94038,0.21588,-0.18473,4,-65,5.9135,921.25,3
345.5,1.3508,0.066602,-0.047893,3,-50,1.1397,920.75,3
345.6,1.3508,0.066602,-0.047893,4,-65,0.03835,920.75,3
346.25,1.0225,0.19292,-0.18473,4,-64,5.3244,921.75,3
346.5,1.0225,0.19292,-0.18473,3,-50,5.6236,923.25,3
346.6,1.0225,0.19292,-0.18473,4,-64,3.6279,923.25,3
346.75,0.94038,0.21588,-0.18473,4,-63.5,1.6659,922.25,3
347,0.94038,0.21588,-0.18473,4,-67,1.2272,925.75,3
347.25,0.94038,0.21588,-0.18473,3,-50,5.3413,923.75,3
347.5,1.2218,0.10105,-0.047893,3,-50,0.74858,921.25,3
347.6,1.2218,0.10105,-0.047893,4,-64,5.9012,921.25,3
348,0.99901,0.22737,-0.18473,3,-50,4.2123,920.75,3
348.08,0.99901,0.22737,-0.18473,3,-50,4.223,920.75,3
348.25,1.2335,0.10105,-0.059296,4,-65,5.7325,924.25,3
348.75,1.1514,0.12402,-0.093505,3,-50,0.40804,921.75,3
348.85,1.1514,0.12402,-0.093505,4,-63.5,5.2968,921.75,3
349,0.9052,0.21588,-0.20754,4,-65.5,2.0847,924.75,3
349.5,1.0107,0.19292,-0.17333,4,-67.5,1.1459,925.75,3
349.75,0.9052,0.22737,-0.18473,4,-64.5,6.2632,923.75,3
350,0.9052,0.22737,-0.18473,4,-63.5,4.2461,922.75,3
350.25,0.89348,0.21588,-0.19613,4,-66.5,1.6076,925.25,3
350.5,0.94038,0.22737,-0.18473,4,-65,2.574,924.25,3
350.75,0.94038,0.22737,-0.18473,4,-65,0.58905,920.25,3
351,0.94038,0.22737,-0.18473,4,-63.5,5.2585,921.75,3
351.25,0.89348,0.21588,-0.20754,4,-64,3.6754,923.25,3
351.5,0.89348,0.21588,-0.20754,4,-65.5,2.0678,924.75,3
351.75,0.89348,0.21588,-0.20754,4,-64,1.6122,922.25,3
352,0.97555,0.22737,-0.18473,3,-50,5.306,923.75,3
352.5,1.1045,0.14698,-0.12771,3,-50,0.74091,921.25,3
352.6,0.89348,0.21588,-0.19613,4,-66.5,1.5999,925.25,3
352.75,0.89348,0.21588,-0.19613,4,-64.5,0.072097,920.75,3
353,0.89348,0.21588,-0.19613,4,-65,2.5694,924.25,3
353.25,0.89348,0.21588,-0.19613,4,-65,0.61666,920.25,3
353.35,0.89348,0.21588,-0.19613,4,-63.5,5.2662,921.75,3
353.75,0.98728,0.22737,-0.17333,4,-64,3.6831,923.25,3
353.85,0.98728,0.22737,-0.17333,4,-66,5.2094,924.75,3
354,0.98728,0.22737,-0.17333,3,-50,0.003068,922.25,3
354.5,1.2218,0.10105,-0.070699,4,-65,6.254,923.75,3
354.75,1.2218,0.10105,-0.070699,4,-64,4.2537,922.75,3
355,0.91693,0.21588,-0.19613,4,-67,1.6168,925.25,3
355.5,1.2101,0.11254,-0.070699,4,-65.5,5.7202,924.25,3
355.75,1.2452,0.10105,-0.047893,4,-65.5,0.59825,920.25,3
356,0.97555,0.22737,-0.18473,4,-64.5,3.6524,923.25,3
356.5,1.1749,0.12402,-0.070699,3,-50,0.033748,922.25,3
356.58,1.1749,0.12402,-0.070699,4,-64,4.6986,922.25,3
356.75,1.1749,0.12402,-0.070699,4,-68,1.0876,925.75,3
357.25,1.1749,0.12402,-0.093505,4,-65,5.7417,921.25,3
357.75,1.2687,0.078086,-0.047893,4,-65.5,6.2341,920.75,3
358,1.2687,0.078086,-0.047893,4,-65.5,5.7248,924.25,3
358.25,0.9052,0.21588,-0.19613,4,-65.5,0.65654,920.25,3
358.35,0.9052,0.21588,-0.19613,4,-64,5.3367,921.75,3
358.5,0.9052,0.21588,-0.19613,3,-50,2.4559,923.25,3
358.58,0.9052,0.21588,-0.19613,4,-64,3.7782,923.25,3
359,1.1514,0.1355,-0.10491,3,-50,6.2817,922.25,3
359.1,1.1514,0.1355,-0.10491,4,-64,4.8014,922.25,3
359.25,1.0107,0.21588,-0.16192,3,-50,5.2708,923.75,3
359.5,1.0107,0.21588,-0.16192,3,-50,5.2769,923.75,3
360.53,1.2452,0.10105,-0.059296,3,-50,5.9334,922.75,3
360.63,1.0459,0.23885,-0.18473,4,-67,1.6736,925.25,3
360.68,1.0459,0.23885,-0.18473,3,-50,5.0407,920.75,3
360.73,1.0459,0.23885,-0.18473,4,-65.5,0.13039,920.75,3
360.78,1.0459,0.23885,-0.18473,4,-66,5.8215,924.25,3
360.8,0.96383,0.36516,-0.18473,3,-51,6.1605,920.25,1
361,1.0811,0.50296,-0.13912,1,-57,5.7049,923.25,1
361.5,0.58862,0.69818,0.21438,4,-60.5,4.5406,925.75,1
364.25,0.24858,0.84746,0.066138,1,-61.5,3.453,923.75,4
365.5,0.18995,1.2953,-0.12771,1,-64,0.66421,921.75,4
