0,0.24858,1.0542,-0.24174,1,-45.5,4.4286,920.25,4
0.025,0.34238,1.1805,-0.11631,1,-45,4.6234,921.75,4
0.25,0.060972,1.0771,-0.03649,1,-44.5,5.8445,921.75,4
0.3,0.13132,1.0542,-0.082102,1,-49.5,6.2249,923.25,4
1.5,0.47136,0.90487,0.020525,2,-56,1.2533,921.25,4
2.25,0.47136,0.90487,0.020525,2,-57.5,5.892,924.25,4
4.75,0.37756,0.89339,0.088944,2,-57,5.5591,920.25,2
5.25,0.37756,0.89339,0.088944,2,-57,0.061359,923.25,2
5.75,0.37756,0.89339,0.088944,2,-58.5,5.3536,925.75,2
8.5,0.50654,0.90487,-0.093505,2,-57,5.2953,923.75,2
9,0.50654,0.90487,-0.093505,2,-58.5,4.4624,925.25,2
9.75,0.50654,0.90487,-0.093505,2,-56,1.0354,920.25,2
10,0.50654,0.90487,-0.093505,2,-55.5,5.665,923.25,2
11.25,0.52999,0.89339,-0.0022806,2,-56.5,0.24544,921.25,2
12,0.52999,0.89339,-0.0022806,2,-57,4.7354,924.25,2
12.75,0.52999,0.89339,-0.0022806,2,-57.5,5.8123,922.25,2
13.5,0.52999,0.89339,-0.0022806,2,-57.5,6.274,921.25,2
14.5,0.52999,0.89339,-0.0022806,2,-57,0.76392,920.25,2
16,0.48309,0.91636,-0.03649,2,-56,5.3444,922.75,2
16.5,0.48309,0.91636,-0.03649,2,-57.5,0.95874,925.25,2
17,0.48309,0.91636,-0.03649,2,-58,0.55684,920.25,2
17.75,0.48309,0.91636,-0.03649,2,-57,5.8184,922.25,2
19.75,0.65897,0.85894,0.020525,2,-57,5.1511,923.25,2
20.5,0.65897,0.85894,0.020525,2,-57,4.7185,923.75,2
21.25,0.65897,0.85894,0.020525,2,-58.5,0.44946,920.75,2
22.25,0.65897,0.85894,0.020525,2,-58.5,4.6065,924.75,2
23.25,0.65897,0.85894,0.020525,2,-58,0.34821,921.25,2
24.75,0.65897,0.85894,0.020525,2,-57.5,5.4502,923.25,2
25.75,0.65897,0.85894,0.020525,2,-58,0.33594,921.25,2
27.25,0.65897,0.85894,0.020525,2,-57.5,5.4456,923.25,2
29.75,0.49481,0.91636,-0.013684,2,-58.5,4.6526,924.75,2
30.5,0.49481,0.91636,-0.013684,2,-57.5,5.6251,922.75,2
32.75,0.49481,0.91636,-0.013684,2,-58.5,5.2278,923.75,2
36,0.69414,0.84746,0.088944,2,-58.5,0.78386,920.75,2
37,0.69414,0.84746,0.088944,2,-59,4.8443,924.75,2
38,0.69414,0.84746,0.088944,2,-57.5,0.45713,921.25,2
39.25,0.69414,0.84746,0.088944,2,-58,5.6895,923.25,2
40.25,0.69414,0.84746,0.088944,2,-56.5,5.8092,922.75,2
42.75,0.54171,0.90487,0.031928,2,-57.5,0.013806,921.25,2
43.75,0.54171,0.90487,0.031928,2,-56.5,5.461,921.75,2
44.5,0.54171,0.90487,0.031928,2,-56.5,5.2232,922.25,2
45,0.54171,0.90487,0.031928,2,-56.5,4.9946,922.75,2
45.75,0.54171,0.90487,0.031928,2,-57.5,6.1421,920.75,2
46.5,0.54171,0.90487,0.031928,2,-57,4.7737,923.25,2
48.25,0.55344,0.89339,-0.013684,2,-57.5,0.084369,920.75,2
49,0.55344,0.89339,-0.013684,2,-58.5,0.77006,924.75,2
51.25,0.55344,0.89339,-0.013684,2,-58.5,0.15493,921.75,2
53.75,0.55344,0.89339,-0.013684,2,-58.5,6.2709,921.75,2
57,0.51826,0.96229,-0.025087,2,-57,1.2042,923.75,2
57.5,0.51826,0.96229,-0.025087,2,-57,5.8215,921.25,2
58.5,0.51826,0.96229,-0.025087,2,-57,5.7187,921.75,2
59.75,0.51826,0.96229,-0.025087,2,-58,5.3367,922.75,2
63.5,0.51826,0.96229,-0.025087,2,-58.5,5.1542,923.25,2
66.5,0.51826,0.96229,-0.025087,2,-58.5,5.7448,922.25,2
77.25,0.54171,0.91636,0.0091224,2,-58.5,0.70717,920.75,2
78.25,0.54171,0.91636,0.0091224,2,-59,4.5897,924.75,2
88.75,0.54171,0.91636,0.0091224,2,-58.5,5.0867,923.75,2
91.25,0.54171,0.91636,0.0091224,2,-58.5,5.6527,922.75,2
100.25,0.60034,0.88191,-0.013684,2,-58,0.40037,924.75,2
101.25,0.60034,0.88191,-0.013684,2,-56.5,4.6127,922.75,2
101.75,0.60034,0.88191,-0.013684,2,-57,5.6681,920.75,2
102.5,0.60034,0.88191,-0.013684,2,-56,5.0913,921.75,2
103,0.60034,0.88191,-0.013684,2,-56,4.809,922.25,2
105,0.52999,0.91636,-0.047893,2,-57,4.3795,923.25,2
105.75,0.52999,0.91636,-0.047893,2,-59,5.9979,925.75,2
107.25,0.62379,0.89339,-0.025087,2,-57,1.896,921.75,2
108,0.62379,0.89339,-0.025087,2,-56,4.5667,922.25,2
109.25,0.62379,0.89339,-0.025087,2,-57.5,5.3858,920.75,2
110,0.62379,0.89339,-0.025087,2,-57,0.91272,923.25,2
110.75,0.62379,0.89339,-0.025087,2,-57.5,0.80381,923.75,2
112.5,0.60034,0.85894,-0.013684,2,-57.5,0.83449,923.25,2
113.25,0.60034,0.85894,-0.013684,2,-57,4.2553,922.75,2
114.25,0.60034,0.85894,-0.013684,2,-59,0.30066,924.25,2
115.25,0.60034,0.85894,-0.013684,2,-56,4.8075,922.25,2
119,0.60034,0.84746,-0.0022806,2,-59,0.29913,924.25,2
120.5,0.60034,0.84746,-0.0022806,2,-58.5,0.61666,923.75,2
122,0.60034,0.84746,-0.0022806,2,-57.5,4.898,921.75,2
123.25,0.60034,0.84746,-0.0022806,2,-57,4.3212,922.75,2
126.25,0.70587,0.83597,0.043332,2,-59,0.3252,924.25,2
128,0.70587,0.83597,0.043332,2,-57.5,4.3442,922.75,2
129.25,0.70587,0.83597,0.043332,2,-57,4.9793,921.75,2
130.25,0.70587,0.83597,0.043332,2,-58,0.5553,923.75,2
131.25,0.70587,0.83597,0.043332,2,-58.5,0.31907,924.25,2
132.25,0.70587,0.83597,0.043332,2,-56,4.671,922.25,2
132.75,0.70587,0.83597,0.043332,2,-57.5,4.4148,922.75,2
136,0.67069,0.85894,0.031928,2,-57.5,5.5883,920.75,2
137.25,0.67069,0.85894,0.031928,2,-57,4.539,922.25,2
139,0.67069,0.85894,0.031928,2,-57.5,4.9532,921.75,2
141.5,0.67069,0.85894,0.031928,2,-58,5.099,921.75,2
143.75,0.67069,0.85894,0.031928,2,-58.5,5.3045,921.75,2
151,0.60034,0.87042,-0.059296,2,-57,4.9103,921.75,2
152.5,0.60034,0.87042,-0.059296,2,-58,5.326,921.25,2
155.5,0.60034,0.87042,-0.059296,2,-59,0.29452,924.25,2
156.5,0.60034,0.87042,-0.059296,2,-57,4.6526,922.25,2
157.5,0.60034,0.87042,-0.059296,2,-59,5.9933,925.25,2
159.25,0.7176,0.83597,0.043332,2,-58.5,5.7095,925.75,2
159.75,0.7176,0.83597,0.043332,2,-56,1.083,922.75,2
160.25,0.7176,0.83597,0.043332,2,-56.5,5.2876,920.75,2
160.75,0.7176,0.83597,0.043332,2,-56,4.7891,921.75,2
161.25,0.7176,0.83597,0.043332,2,-58,6.1359,924.75,2
162,0.7176,0.83597,0.043332,2,-56.5,0.5599,923.75,2
162.25,0.7176,0.83597,0.043332,2,-56,5.2033,921.25,2
163.5,0.64724,0.84746,-0.013684,2,-56.5,0.56757,923.25,2
164,0.64724,0.84746,-0.013684,2,-55,4.4915,922.25,2
165,0.8583,0.79004,0.054735,2,-57.5,5.7555,925.25,2
165.5,0.8583,0.79004,0.054735,2,-57,5.283,920.25,2
166.5,0.8583,0.79004,0.054735,2,-59,5.5085,925.75,2
168,0.67069,0.85894,0.0091224,2,-56.5,5.6282,920.25,2
169.25,0.82312,0.79004,0.054735,2,-56,0.41111,923.75,2
169.5,0.82312,0.79004,0.054735,2,-56,4.0804,922.75,2
170,0.82312,0.79004,0.054735,2,-57,5.148,920.75,2
171,0.82312,0.79004,0.054735,2,-56.5,0.54763,923.25,2
171.5,0.82312,0.79004,0.054735,2,-58.5,2.1261,925.75,2
172,0.82312,0.79004,0.054735,2,-56.5,4.8029,921.25,2
173.5,0.65897,0.88191,-0.0022806,2,-56.5,0.94033,922.25,2
174.25,0.65897,0.88191,-0.0022806,2,-57,3.8748,922.75,2
175,0.65897,0.88191,-0.0022806,2,-58,6.0516,924.25,2
175.75,0.65897,0.88191,-0.0022806,2,-57.5,0.30066,923.25,2
176.5,0.65897,0.88191,-0.0022806,2,-57,0.010738,923.75,2
177.75,0.67069,0.82449,0.031928,2,-56.5,4.4393,921.75,2
178.25,0.67069,0.82449,0.031928,2,-58,5.8153,924.75,2
179,0.67069,0.82449,0.031928,2,-57,0.17641,923.75,2
179.5,0.67069,0.82449,0.031928,2,-59,6.1482,925.25,2
183.5,0.61207,0.87042,-0.0022806,2,-58,4.7063,922.25,2
185.5,0.61207,0.87042,-0.0022806,2,-59.5,5.9825,924.75,2
189,0.61207,0.87042,-0.0022806,2,-57.5,0.60899,922.75,2
189.75,0.61207,0.87042,-0.0022806,2,-57,6.0914,924.25,2
223,0.63552,0.87042,0.043332,2,-56.5,6.1144,922.75,4
225.5,0.17823,0.99674,-0.093505,2,-49.5,0.067495,922.75,4
225.75,0.037521,0.99674,0.031928,2,-50,2.0218,925.25,4
225.85,0.18995,1.0656,0.020525,2,-48.5,0.018408,925.25,4
226,0.18995,1.0656,0.020525,2,-46,5.5407,920.75,4
226.1,0.15478,1.1116,-0.28736,2,-46.5,5.8736,920.75,4
226.5,0.27203,1.0197,-0.23034,1,-59.5,1.0063,920.25,4
230.5,-0.032831,1.0656,-0.25315,4,-58,6.1022,925.25,4
231,-0.032831,1.0656,-0.25315,4,-57,0.27765,920.75,4
231.5,-0.032831,1.0656,-0.25315,4,-57.5,0.43105,921.75,4
232,-0.032831,1.0656,-0.25315,4,-59,2.2964,924.75,1
232.75,-0.032831,1.0656,-0.25315,1,-62.5,3.9255,922.75,1
233.5,-0.032831,1.0656,-0.25315,1,-63,6.1635,924.25,1
234,-0.032831,1.0656,-0.25315,4,-59.5,4.6127,923.25,1
235,-0.032831,1.0656,-0.25315,4,-59.5,5.1772,923.75,1
247.25,0.61207,0.87042,0.066138,1,-62,5.4027,923.75,1
248.5,0.61207,0.87042,0.066138,4,-60,3.3686,920.25,1
249.25,0.61207,0.87042,0.066138,1,-59,5.573,922.25,1
251.5,0.61207,0.87042,0.066138,4,-59,1.3484,922.25,1
252.25,0.61207,0.87042,0.066138,4,-60,0.82682,922.75,1
253.5,0.61207,0.87042,0.066138,4,-60,0.35895,923.25,1
254.5,0.61207,0.87042,0.066138,4,-60,6.1129,923.75,1
255.5,0.61207,0.87042,0.066138,4,-60.5,5.5699,924.25,1
257.5,0.62379,0.87042,0.066138,4,-61,4.5636,925.25,1
258.5,0.62379,0.87042,0.066138,1,-60.5,2.5219,923.25,1
259.5,0.62379,0.87042,0.066138,4,-60.5,0.85136,922.75,1
260.25,0.62379,0.87042,0.066138,4,-60,5.6128,924.25,1
261,0.62379,0.87042,0.066138,3,-61.5,0.6366,924.75,1
261.75,0.62379,0.87042,0.066138,4,-58.5,5.9196,923.75,1
264.25,0.64724,0.85894,0.066138,4,-59,5.372,923.75,1
264.75,0.64724,0.85894,0.066138,4,-60,0.33287,921.25,1
265.75,0.64724,0.85894,0.066138,4,-60,1.0876,923.25,1
266.25,0.64724,0.85894,0.066138,1,-65.5,5.958,925.75,1
270.75,0.64724,0.85894,0.066138,1,-61,5.5039,923.25,1
273,0.52999,0.89339,0.043332,3,-61.5,1.7564,923.25,1
274,0.52999,0.89339,0.043332,4,-59.5,5.9534,923.75,1
274.75,0.52999,0.89339,0.043332,4,-59,5.2631,924.25,1
275.5,0.52999,0.89339,0.043332,4,-59,0.19021,923.25,1
276,0.52999,0.89339,0.043332,1,-60.5,6.2724,922.25,1
276.75,0.52999,0.89339,0.043332,1,-61,0.99862,921.25,1
277.75,0.52999,0.89339,0.043332,4,-59,1.7288,921.75,1
278.25,0.52999,0.89339,0.043332,4,-59,4.1187,924.75,1
279,0.63552,0.85894,-0.12771,4,-57.5,4.5621,922.75,1
279.25,0.63552,0.85894,-0.12771,4,-57.5,5.8644,921.25,1
279.5,0.63552,0.85894,-0.12771,4,-57.5,0.03068,920.75,1
279.75,0.63552,0.85894,-0.12771,4,-58,6.1482,924.25,1
280.25,0.63552,0.85894,-0.12771,4,-58,5.9534,921.75,1
280.75,0.63552,0.85894,-0.12771,4,-60,0.62433,924.75,1
281.25,0.63552,0.85894,-0.12771,4,-58,5.1557,923.75,1
281.5,0.63552,0.85894,-0.12771,4,-58.5,1.8991,921.25,1
282.25,0.63552,0.85894,-0.12771,4,-58.5,4.9057,924.25,1
283.25,0.7176,0.82449,0.031928,4,-59,0.34361,922.25,1
284,0.7176,0.82449,0.031928,1,-60.5,5.8629,922.75,1
284.5,0.7176,0.82449,0.031928,4,-59.5,2.1568,920.75,1
285.25,0.7176,0.82449,0.031928,1,-61,0.70717,921.75,1
285.75,0.7176,0.82449,0.031928,4,-58.5,0.7808,922.25,1
286.25,0.7176,0.82449,0.031928,1,-60.5,5.013,923.75,1
286.75,0.7176,0.82449,0.031928,1,-62.5,3.723,925.25,1
287.75,0.67069,0.85894,0.043332,4,-58.5,5.935,923.25,1
288.25,0.67069,0.85894,0.043332,4,-58.5,0.69796,922.25,1
288.75,0.67069,0.85894,0.043332,4,-58.5,5.3567,923.75,1
289,0.67069,0.85894,0.043332,4,-59.5,3.8365,925.25,1
289.5,0.67069,0.85894,0.043332,4,-58.5,4.8336,924.25,1
290.25,0.67069,0.85894,0.043332,4,-58.5,5.8199,923.25,1
290.5,0.67069,0.85894,0.043332,4,-59,0.59365,922.25,1
291,0.67069,0.85894,0.043332,4,-58.5,5.3306,923.75,1
291.5,0.67069,0.85894,0.043332,1,-60.5,1.1183,921.25,1
292.5,0.61207,0.88191,0.0091224,1,-60,5.3459,923.25,1
293.25,0.61207,0.88191,0.0091224,1,-65,6.1973,925.75,1
293.5,0.61207,0.88191,0.0091224,3,-60,2.3976,922.75,1
294,0.61207,0.88191,0.0091224,3,-59.5,0.46326,921.25,1
295,0.74105,0.77856,0.14596,4,-58.5,1.2287,921.75,1
295.25,0.74105,0.77856,0.14596,4,-58,4.1924,924.75,1
295.75,0.74105,0.77856,0.14596,4,-59.5,2.5633,925.75,1
296,0.74105,0.77856,0.14596,4,-57,5.237,922.75,1
296.5,0.74105,0.77856,0.14596,4,-59,5.8521,925.25,1
296.75,0.74105,0.77856,0.14596,3,-61,1.9205,924.25,1
297.75,0.75277,0.80152,-0.0022806,4,-58,0.095107,924.75,1
298,0.75277,0.80152,-0.0022806,4,-59,5.3797,925.75,1
298.5,0.75277,0.80152,-0.0022806,4,-57,5.1772,922.75,1
298.75,0.75277,0.80152,-0.0022806,4,-58,0.50315,921.25,1
299.25,0.75277,0.80152,-0.0022806,4,-57.5,0.52769,924.25,1
299.75,0.75277,0.80152,-0.0022806,4,-57.5,0.069029,921.75,1
300,0.75277,0.80152,-0.0022806,1,-64.5,0.29759,924.75,1
301.5,0.69414,0.80152,-0.025087,4,-59.5,0.13499,925.25,1
302.25,0.69414,0.80152,-0.025087,4,-59.5,0.92499,921.75,1
302.75,0.69414,0.80152,-0.025087,4,-60.5,0.7992,924.75,1
303.25,0.69414,0.80152,-0.025087,4,-58.5,6.2387,922.75,1
304,0.69414,0.80152,-0.025087,1,-60,0.89584,920.75,1
304.5,0.69414,0.80152,-0.025087,4,-58.5,0.71023,921.75,1
304.75,0.69414,0.80152,-0.025087,4,-57.5,5.2171,923.25,1
305.75,0.65897,0.87042,0.020525,1,-59.5,5.5791,922.75,1
306.25,0.65897,0.87042,0.020525,4,-59.5,5.8491,925.25,1
306.5,0.65897,0.87042,0.020525,3,-60,1.3085,924.25,1
307,0.65897,0.87042,0.020525,4,-58.5,0.94033,921.75,1
307.25,0.65897,0.87042,0.020525,4,-59,4.1694,924.75,1
308,0.72932,0.82449,0.020525,1,-60,5.0437,923.75,1
308.5,0.72932,0.82449,0.020525,4,-59.5,0.61359,925.25,1
309,0.72932,0.82449,0.020525,4,-58.5,4.7998,924.25,1
309.5,0.72932,0.82449,0.020525,4,-58.5,1.0262,921.75,1
310,0.72932,0.82449,0.020525,3,-61,0.92499,924.75,1
310.5,0.72932,0.82449,0.020525,3,-59.5,1.6122,923.75,1
310.75,0.72932,0.82449,0.020525,4,-58.5,6.2157,922.75,1
311.75,0.61207,0.85894,-0.0022806,4,-59.5,2.5096,920.25,1
312,0.61207,0.85894,-0.0022806,3,-59,1.942,923.25,1
312.75,0.61207,0.85894,-0.0022806,4,-60,5.2631,925.75,1
313.25,0.61207,0.85894,-0.0022806,4,-57,5.6589,922.75,1
313.35,0.61207,0.85894,-0.0022806,1,-62.5,0.99862,921.25,1
313.75,0.61207,0.85894,-0.0022806,3,-60.5,0.57831,920.75,1
314.5,1.0225,0.38813,0.12315,4,-62,1.0416,923.25,1
314.75,1.0225,0.38813,0.12315,4,-67.5,5.3567,924.75,1
315,1.2335,0.26182,0.0091224,4,-64.5,5.4748,922.25,3
315.5,1.2335,0.26182,0.0091224,4,-66,4.9026,923.75,3
315.6,1.2335,0.26182,0.0091224,4,-66,5.3551,922.75,3
315.75,1.2335,0.26182,0.0091224,4,-65,0.35128,921.25,3
316,1.2335,0.26182,0.0091224,4,-68,5.7616,925.25,3
316.25,1.4446,-0.071196,0.020525,4,-67,3.5328,924.25,3
316.5,1.4446,-0.071196,0.020525,4,-65.5,1.8899,920.25,3
316.75,1.4446,-0.071196,0.020525,3,-49,2.9544,921.75,3
316.85,0.92865,-0.0022966,-0.11631,3,-49.5,3.0081,921.75,3
317,1.2687,0.032153,0.031928,4,-66,1.9083,923.25,3
317.25,1.2687,0.032153,0.031928,4,-66.5,0.64427,924.75,3
317.35,1.2687,0.032153,0.031928,3,-48.5,2.571,922.25,3
317.5,0.87003,0.11254,-0.082102,3,-48,2.6154,922.25,3
318,1.128,0.11254,-0.059296,3,-49,2.5249,922.75,3
318.1,1.128,0.11254,-0.059296,4,-61.5,2.3547,922.75,3
318.25,1.0928,0.055119,-0.025087,3,-49,3.6754,921.25,3
318.5,0.94038,0.14698,-0.15052,4,-64.5,6.185,925.25,3
318.58,0.94038,0.14698,-0.15052,3,-49,0.9434,920.75,3
318.75,0.94038,0.15847,-0.13912,4,-62,1.198,924.25,3
319,0.94038,0.15847,-0.13912,3,-49,4.539,920.25,3
319.13,0.94038,0.15847,-0.13912,3,-49,4.5513,920.25,3
319.2,1.0928,0.15847,-0.093505,4,-61.5,0.25617,921.75,3
319.25,1.0928,0.15847,-0.093505,4,-61,3.4821,921.75,3
319.5,1.0928,0.15847,-0.093505,4,-61,1.8883,923.25,3
319.75,0.92865,0.18143,-0.13912,4,-63.5,0.39117,924.75,3
320,0.92865,0.18143,-0.15052,4,-64,2.6676,925.75,3
320.5,1.1866,0.066602,-0.03649,3,-49.5,6.0316,922.75,3
320.75,1.0459,0.2044,-0.070699,4,-65,0.76392,921.25,3
321,1.0459,0.2044,-0.070699,4,-63,4.4501,920.75,3
321.25,0.98728,0.14698,-0.15052,4,-66,3.723,924.25,3
321.5,0.98728,0.14698,-0.15052,4,-64.5,4.7216,920.25,3
321.75,0.98728,0.14698,-0.15052,4,-63,0.19328,921.75,3
321.83,0.98728,0.14698,-0.15052,3,-49,2.3623,923.25,3
322,0.89348,0.15847,-0.15052,4,-64,1.7441,923.25,3
322.25,0.89348,0.15847,-0.15052,3,-50,1.5892,924.75,3
322.35,1.4094,-0.0022966,0.031928,4,-64,5.8491,922.25,3
322.5,1.4094,-0.0022966,0.031928,4,-63,1.0554,923.75,3
322.75,0.92865,0.18143,-0.15052,4,-61,2.2964,922.75,3
323,0.92865,0.18143,-0.15052,4,-61,3.9331,921.25,3
323.25,0.92865,0.18143,-0.15052,4,-62,0.55684,921.25,3
323.33,0.92865,0.18143,-0.15052,4,-63.5,6.0792,925.25,3
323.5,0.9521,0.2044,-0.10491,3,-50,1.7994,924.25,3
323.75,0.9521,0.2044,-0.10491,4,-63,0.73324,924.25,3
323.85,0.9521,0.2044,-0.10491,4,-61.5,1.5769,920.25,3
324,0.91693,0.19292,-0.13912,4,-62,0.11812,921.75,3
324.25,0.91693,0.19292,-0.13912,3,-50,2.4866,923.25,3
324.35,0.91693,0.19292,-0.13912,4,-61.5,4.7339,923.25,3
324.75,0.94038,0.18143,-0.15052,3,-50,0.056757,922.25,3
324.83,0.94038,0.18143,-0.15052,4,-64.5,5.6236,925.75,3
325.25,1.5032,-0.036746,0.10035,3,-55.5,5.8245,922.75,3
325.5,1.5032,-0.036746,0.10035,4,-64.5,6.2341,921.25,3
326.25,1.5032,-0.036746,0.10035,4,-66,6.1098,924.25,3
327,1.2101,0.078086,-0.093505,4,-63,5.981,922.25,3
327.5,0.97555,0.22737,-0.18473,4,-62.5,1.1106,923.75,3
327.75,0.97555,0.22737,-0.18473,4,-61,2.1921,922.75,3
328,0.84658,0.21588,-0.12771,4,-61,3.8227,921.25,3
328.5,1.1514,0.14698,-0.093505,3,-50,1.8975,924.25,3
328.75,0.89348,0.21588,-0.18473,4,-61.5,4.6986,920.25,3
329,0.89348,0.21588,-0.18473,3,-49.5,0.42491,921.75,3
329.1,0.89348,0.21588,-0.18473,4,-61,6.2786,921.75,3
329.5,1.0694,0.15847,-0.11631,3,-50,1.6644,924.75,3
329.6,0.89348,0.22737,-0.17333,3,-50,0.087437,922.25,3
329.75,1.3625,0.043636,-0.0022806,4,-64.5,5.484,925.75,3
330,1.3625,0.043636,-0.0022806,4,-62.5,1.0907,923.75,3
330.5,1.1163,0.14698,-0.11631,3,-50.5,1.3545,925.25,3
330.75,0.9521,0.22737,-0.17333,4,-61.5,4.1433,920.75,3
331,0.9521,0.22737,-0.17333,4,-63,0.53843,924.25,3
331.13,0.9521,0.22737,-0.17333,4,-62,4.6326,920.25,3
331.5,0.96383,0.22737,-0.18473,4,-61,6.208,921.75,3
331.6,0.96383,0.22737,-0.18473,3,-49.5,5.6865,923.25,3
331.65,0.96383,0.22737,-0.18473,4,-61.5,1.5294,923.25,3
332,1.0928,0.15847,-0.12771,4,-61,2.5541,922.25,3
332.5,0.97555,0.25033,-0.16192,4,-62,1.06,923.75,3
332.75,1.0107,0.21588,-0.15052,4,-61.5,3.5895,921.25,3
333,1.0107,0.21588,-0.15052,3,-50.5,1.3269,925.25,3
333.08,1.0107,0.21588,-0.15052,3,-50.5,1.3238,925.25,3
333.25,0.9521,0.23885,-0.17333,4,-61.5,4.1034,920.75,3
333.5,0.98728,0.23885,-0.17333,3,-50,4.5283,920.25,3
333.6,0.98728,0.23885,-0.17333,4,-61.5,4.5973,920.25,3
333.75,0.98728,0.23885,-0.17333,4,-61.5,6.1605,921.75,3
334.25,1.0576,0.19292,-0.15052,3,-50,1.6598,924.75,3
334.35,1.0576,0.19292,-0.15052,4,-63.5,0.036816,924.75,3
334.5,1.0576,0.19292,-0.15052,3,-49.5,0.1534,922.25,3
334.6,0.91693,0.25033,-0.15052,4,-65,5.5361,925.75,3
335,0.92865,0.2733,-0.13912,3,-49,2.1875,923.75,3
335.1,0.92865,0.2733,-0.13912,3,-49,5.9687,922.75,3
335.15,0.9052,0.28478,-0.12771,4,-61.5,2.2948,922.75,3
335.25,0.9052,0.28478,-0.12771,4,-61.5,3.7966,921.25,3
335.75,1.0342,0.31923,-0.013684,4,-62.5,4.1157,920.75,3
336,1.0342,0.31923,-0.013684,3,-49.5,1.1919,920.25,3
336.25,0.99901,0.30775,-0.070699,4,-63,6.228,921.75,3
336.5,0.99901,0.30775,-0.070699,4,-64,4.7722,923.25,3
336.75,0.99901,0.30775,-0.070699,4,-65.5,0.2255,924.75,3
337,0.99901,0.30775,-0.070699,4,-63.5,5.6941,922.25,3
337.5,1.1397,0.23885,0.020525,4,-63.5,5.2033,922.75,3
337.75,1.1397,0.23885,0.020525,3,-50,0.58291,921.25,3
337.85,1.1397,0.23885,0.020525,4,-63,0.46019,921.25,3
338.25,1.128,0.25033,0.0091224,4,-65,3.8273,924.25,3
338.75,1.4094,0.14698,0.10035,4,-63,6.1835,921.75,3
338.85,1.4094,0.14698,0.10035,3,-50,2.4406,923.25,3
339,1.4094,0.14698,0.10035,4,-63.5,1.6199,923.25,3
339.5,1.0928,0.2733,-0.013684,4,-66.5,5.5699,925.75,3
339.75,1.0928,0.2733,-0.013684,3,-50,2.169,923.75,3
340,0.88175,0.31923,-0.11631,3,-50.5,5.958,922.75,3
341.5,0.89348,0.31923,-0.10491,3,-51.5,5.4257,923.25,3
342,1.0694,0.2733,-0.013684,4,-64,0.88204,923.75,3
342.75,0.9052,0.2733,-0.093505,3,-51,1.1014,920.75,3
343.25,0.97555,0.30775,-0.070699,3,-51,1.807,924.25,3
343.35,0.97555,0.30775,-0.070699,3,-50,4.4577,920.25,3
343.5,1.1163,0.2044,-0.047893,3,-50,0.30833,921.75,3
343.6,1.1163,0.2044,-0.047893,4,-63.5,0.27151,921.75,3
344,0.96383,0.33072,-0.11631,4,-65.5,3.4668,924.75,3
344.5,0.91693,0.28478,-0.11631,4,-66,2.4083,925.75,3
344.75,0.96383,0.28478,-0.15052,4,-62,2.0509,922.75,3
345,0.96383,0.28478,-0.15052,4,-61.5,3.5972,921.25,3
345.1,0.96383,0.28478,-0.15052,4,-62,0.41264,921.25,3
345.5,0.9052,0.2733,-0.21894,4,-61.5,4.0881,920.75,3
345.58,0.9052,0.2733,-0.21894,3,-50,1.8561,924.25,3
345.75,0.92865,0.23885,-0.19613,3,-49,4.5237,920.25,3
346,1.2804,0.089569,-0.070699,3,-49,0.35895,921.75,3
346.25,1.0107,0.23885,-0.16192,4,-61.5,4.5176,923.25,3
346.35,1.0107,0.23885,-0.16192,4,-61.5,1.3867,923.25,3
346.5,1.0107,0.23885,-0.16192,4,-63.5,6.1405,924.75,3
347,0.88175,0.25033,-0.19613,3,-49.5,2.1905,923.75,3
347.25,0.9052,0.26182,-0.18473,3,-49,0.70256,921.25,3
347.5,1.1514,0.18143,-0.093505,4,-61.5,3.4929,921.25,3
347.75,1.1514,0.18143,-0.093505,4,-64,5.6481,925.25,3
347.85,1.1514,0.18143,-0.093505,4,-61.5,0.92346,920.75,3
348.25,0.9052,0.26182,-0.18473,4,-62.5,0.41571,924.25,3
348.35,0.9052,0.26182,-0.18473,3,-49,4.5206,920.25,3
348.4,0.9052,0.26182,-0.18473,4,-61.5,1.4711,920.25,3
348.5,0.9052,0.26182,-0.18473,4,-61,6.1528,921.75,3
348.75,0.94038,0.25033,-0.18473,4,-61,1.4297,923.25,3
348.85,0.94038,0.25033,-0.18473,4,-63,6.2157,924.75,3
349,0.94038,0.25033,-0.18473,4,-61.5,2.4176,922.25,3
349.5,1.1749,0.14698,-0.070699,4,-62.5,3.9807,923.75,3
350,0.97555,0.26182,-0.17333,4,-64.5,5.688,925.25,3
350.25,0.91693,0.26182,-0.18473,3,-49.5,4.1939,920.75,3
350.5,0.99901,0.23885,-0.17333,4,-62.5,0.36969,924.25,3
351,0.99901,0.25033,-0.15052,4,-61,1.4864,923.25,3
352,1.3156,0.10105,-0.03649,4,-62.5,0.95874,923.75,3
352.75,1.2452,0.11254,-0.047893,3,-49.5,4.177,920.75,3
352.85,1.2452,0.11254,-0.047893,4,-61.5,4.0037,920.75,3
353,0.91693,0.26182,-0.19613,4,-61.5,1.3714,920.25,3
353.5,1.0811,0.2044,-0.13912,4,-61.5,1.468,923.25,3
354,0.94038,0.26182,-0.17333,3,-49.5,0.0061359,922.25,3
354.5,1.1045,0.18143,-0.11631,4,-61.5,1.9834,922.75,3
355.5,1.0459,0.22737,-0.15052,3,-49.5,1.9006,924.25,3
355.6,1.0459,0.22737,-0.15052,4,-62.5,3.5282,924.25,3
356,1.0107,0.25033,-0.17333,4,-61.5,5.9856,921.75,3
356.25,0.9052,0.26182,-0.18473,4,-63,6.0884,924.75,3
357,1.1163,0.16995,-0.12771,4,-60.5,2.011,922.75,3
357.25,1.1163,0.16995,-0.12771,4,-61,3.6877,921.25,3
357.5,1.1163,0.16995,-0.12771,3,-50.5,1.3975,925.25,3
358.5,0.92865,0.23885,-0.19613,3,-49.5,5.8521,923.25,3
359,0.96383,0.25033,-0.18473,3,-49.5,0.23163,922.25,3
359.25,0.9521,0.23885,-0.20754,4,-62.5,0.76392,923.75,3
359.5,0.9521,0.23885,-0.20754,3,-49.5,6.1052,922.75,3
359.6,0.9521,0.23885,-0.20754,4,-60.5,1.8132,922.75,3
359.75,1.0811,0.19292,-0.13912,4,-64,2.4007,925.25,3
360,1.0811,0.19292,-0.13912,4,-61,3.9331,920.75,3
360.25,0.9052,0.25033,-0.20754,4,-63,0.18561,924.25,3
360.5,0.9052,0.25033,-0.20754,4,-62,4.3427,920.25,3
361.5,0.94038,0.23885,-0.20754,4,-64.5,1.9067,925.75,3
361.75,0.94038,0.23885,-0.20754,4,-62,0.68722,923.75,3
362,0.88175,0.25033,-0.21894,3,-49.5,5.9871,922.75,3
362.25,0.92865,0.25033,-0.21894,4,-63.5,5.415,925.25,3
362.5,0.92865,0.25033,-0.21894,3,-49.5,4.2323,920.75,3
362.6,0.92865,0.25033,-0.21894,4,-61.5,0.67035,920.75,3
363,1.0928,0.2044,-0.13912,3,-49.5,0.45866,921.75,3
363.25,1.0459,0.23885,-0.18473,4,-61.5,5.9181,921.75,3
363.5,0.96383,0.25033,-0.19613,4,-63.5,5.9472,924.75,3
363.75,0.96383,0.25033,-0.19613,3,-50,0.099709,922.25,3
364.25,1.2687,0.12402,-0.059296,4,-62.5,0.64427,923.75,3
364.5,0.88175,0.23885,-0.23034,4,-61.5,0.11045,921.25,3
364.75,0.88175,0.23885,-0.23034,4,-64,5.3996,925.25,3
365,0.88175,0.23885,-0.23034,3,-50,4.2277,920.75,3
365.03,0.97555,0.26182,-0.20754,4,-62.5,0.087437,924.25,3
365.25,0.97555,0.26182,-0.20754,3,-49.5,4.5636,920.25,3
365.35,0.97555,0.26182,-0.20754,4,-62,4.3074,920.25,3
365.75,1.4211,0.089569,-0.025087,3,-49.5,0.42798,921.75,3
365.85,1.4211,0.089569,-0.025087,4,-61.5,1.1413,923.25,3
366,1.3156,0.10105,-0.03649,4,-63,5.8383,924.75,3
366.25,1.3156,0.10105,-0.03649,3,-50,0.073631,922.25,3
366.5,0.98728,0.23885,-0.18473,4,-62,0.59979,923.75,3
366.75,0.9052,0.26182,-0.21894,4,-61,1.6429,922.75,3
367.5,1.0928,0.19292,-0.12771,3,-49.5,1.896,924.25,3
367.75,0.92865,0.26182,-0.21894,4,-62.5,0.099709,924.25,3
367.85,0.92865,0.26182,-0.21894,4,-61.5,4.3596,920.25,3
368,0.94038,0.2733,-0.20754,4,-61,1.1766,923.25,3
368.25,0.94038,0.2733,-0.20754,1,-65,1.5969,923.25,3
368.5,0.94038,0.2733,-0.20754,4,-63.5,2.9084,924.75,3
368.6,0.94038,0.2733,-0.20754,4,-62.5,2.436,922.25,3
369,1.1983,0.2044,0.043332,3,-51,5.8844,923.75,3
369.1,1.1983,0.2044,0.043332,1,-59.5,5.8445,923.75,3
369.25,1.1983,0.2044,0.043332,4,-62.5,5.6604,922.75,3
369.5,0.79967,0.51445,0.043332,4,-62,3.9439,921.25,1
369.75,0.79967,0.51445,0.043332,4,-65,0.087437,925.25,1
370,0.87003,0.56038,0.088944,4,-63,1.2088,924.25,1
370.25,0.87003,0.56038,0.088944,3,-51,0.026078,920.25,1
370.35,0.87003,0.56038,0.088944,1,-59.5,5.033,920.25,1
371.75,0.67069,0.82449,0.18017,1,-61,1.3269,921.25,1
374.5,0.67069,0.82449,0.18017,4,-58.5,6.251,920.75,1
375,0.67069,0.82449,0.18017,4,-58.5,5.7601,924.25,1
375.5,0.67069,0.82449,0.18017,1,-63.5,1.9343,921.75,1
376,0.67069,0.82449,0.18017,4,-56.5,4.582,922.25,1
376.25,0.67069,0.82449,0.18017,4,-58,0.053689,923.75,1
377.75,0.62379,0.87042,-0.0022806,1,-62.5,2.169,921.75,1
378.75,0.62379,0.87042,-0.0022806,1,-64,0.52309,923.75,1
379.75,0.62379,0.87042,-0.0022806,1,-65,0.072097,924.25,1
380.75,0.62379,0.87042,-0.0022806,4,-57,4.9793,922.25,1
381.25,0.62379,0.87042,-0.0022806,1,-62.5,0.62126,922.75,1
381.75,0.62379,0.87042,-0.0022806,4,-59,1.9129,925.25,1
382.25,0.62379,0.87042,-0.0022806,4,-58.5,6.0562,924.25,1
382.75,0.62379,0.87042,-0.0022806,1,-63,0.13806,923.25,1
383.75,0.49481,0.90487,-0.0022806,4,-58,0.2439,923.75,1
384,0.49481,0.90487,-0.0022806,4,-58,5.958,921.25,1
384.25,0.49481,0.90487,-0.0022806,1,-64.5,1.9236,925.25,1
384.75,0.49481,0.90487,-0.0022806,1,-63,6.1543,920.25,1
385.25,0.49481,0.90487,-0.0022806,3,-58,2.189,923.25,1
385.5,0.49481,0.90487,-0.0022806,1,-64,2.436,924.75,1
386,0.49481,0.90487,-0.0022806,4,-58,0.32827,923.75,1
386.25,0.49481,0.90487,-0.0022806,4,-57,1.3438,922.75,1
387,0.47136,0.92784,-0.013684,1,-64,6.1298,924.25,1
387.5,0.47136,0.92784,-0.013684,4,-57.5,5.395,921.75,1
387.75,0.47136,0.92784,-0.013684,4,-58.5,5.507,924.75,1
388.25,0.47136,0.92784,-0.013684,4,-56.5,4.7922,922.25,1
388.5,0.47136,0.92784,-0.013684,3,-58,5.2892,923.75,1
388.75,0.47136,0.92784,-0.013684,4,-58,1.014,922.75,1
389,0.47136,0.92784,-0.013684,4,-57.5,5.7141,921.25,1
389.5,0.48309,0.92784,0.020525,3,-58.5,5.3168,924.25,1
389.75,0.48309,0.92784,0.020525,1,-60.5,2.459,920.25,1
390,0.48309,0.92784,0.020525,4,-58,0.064427,923.25,1
390.25,0.48309,0.92784,0.020525,1,-61.5,4.9839,924.75,1
390.75,0.48309,0.92784,0.020525,1,-60,0.8667,922.25,1
391,0.48309,0.92784,0.020525,4,-58,5.9626,923.75,1
391.5,0.61207,0.85894,0.020525,4,-57.5,5.4502,921.25,1
391.75,0.61207,0.85894,0.020525,4,-59.5,6.1819,920.75,1
396,0.61207,0.85894,0.020525,4,-57,5.0207,922.75,1
396.25,0.61207,0.85894,0.020525,3,-59.5,0.63967,921.25,1
396.5,0.61207,0.85894,0.020525,1,-59,4.042,920.75,1
397,0.61207,0.85894,0.020525,1,-58.5,1.3898,924.25,1
397.25,0.61207,0.85894,0.020525,1,-58.5,3.6739,921.75,1
397.75,0.42446,0.93932,-0.093505,1,-59,1.1014,924.75,1
398,0.42446,0.93932,-0.093505,4,-57,4.7078,922.25,1
398.25,0.42446,0.93932,-0.093505,4,-57.5,0.001534,923.75,1
398.5,0.42446,0.93932,-0.093505,4,-57,4.1893,922.75,1
398.75,0.42446,0.93932,-0.093505,1,-58.5,4.0727,921.25,1
399,0.42446,0.93932,-0.093505,4,-58,1.6245,925.25,1
399.25,0.42446,0.93932,-0.093505,4,-57.5,5.7187,924.25,1
399.5,0.42446,0.93932,-0.093505,1,-59,4.8504,920.25,1
399.75,0.42446,0.93932,-0.093505,1,-58.5,0.42798,921.75,1
400.25,0.43619,0.93932,-0.11631,3,-59,5.7954,922.25,1
400.5,0.43619,0.93932,-0.11631,4,-59,1.1167,925.75,1
400.75,0.43619,0.93932,-0.11631,1,-59.5,4.5406,923.75,1
401,0.43619,0.93932,-0.11631,3,-59.5,0.21322,921.25,1
401.25,0.43619,0.93932,-0.11631,4,-58,1.5493,925.25,1
402,0.56517,0.88191,-0.059296,1,-59.5,4.4271,920.25,1
402.25,0.56517,0.88191,-0.059296,1,-59,6.2663,921.75,1
402.5,0.56517,0.88191,-0.059296,1,-58.5,1.8561,923.25,1
402.75,0.56517,0.88191,-0.059296,1,-58.5,5.8414,922.25,1
403,0.56517,0.88191,-0.059296,1,-61,6.0408,925.75,1
403.25,0.56517,0.88191,-0.059296,1,-61,2.1614,922.75,1
405.75,-0.032831,0.89339,-0.25315,4,-52.5,6.0715,922.75,4
405.85,-0.032831,0.89339,-0.25315,1,-67,0.4648,922.75,4
423.75,0.88175,0.31923,-0.24174,1,-58.5,5.3643,924.25,3
424,1.0459,-0.025263,0.20297,4,-63.5,0.7992,921.75,3
425,0.92865,0.2044,-0.11631,3,-50,5.372,923.75,3
425.25,0.98728,0.14698,-0.12771,3,-50,5.961,922.75,3
425.38,0.98728,0.14698,-0.12771,4,-63.5,1.537,922.75,3
425.5,0.98728,0.14698,-0.12771,3,-49.5,3.8718,921.25,3
425.63,1.0225,0.12402,-0.10491,4,-63,0.16567,921.25,3
426,1.2101,0.066602,-0.10491,4,-65,0.095107,924.25,3
426.25,1.2101,0.066602,-0.10491,4,-63,1.2134,920.25,3
426.5,0.99901,0.15847,-0.16192,4,-63,2.6032,921.75,3
426.75,0.99901,0.15847,-0.16192,3,-50,2.5372,923.25,3
427.5,1.3742,0.0091865,0.0091224,4,-63.5,3.6217,923.75,3
427.75,1.3742,0.0091865,0.0091224,3,-49.5,5.9074,922.75,3
427.85,1.3742,0.0091865,0.0091224,4,-62.5,1.5463,922.75,3
428,1.3742,0.0091865,0.0091224,3,-50,3.769,921.25,3
428.25,0.96383,0.16995,-0.16192,3,-51.5,1.2502,925.25,3
428.38,0.96383,0.16995,-0.16192,4,-63.5,0.55837,920.75,3
428.75,1.0107,0.14698,-0.15052,4,-63.5,1.1382,920.25,3
429,1.0107,0.14698,-0.15052,4,-63,5.7647,921.75,3
429.25,1.0107,0.14698,-0.15052,4,-63,1.0799,923.25,3
429.75,0.99901,0.15847,-0.15052,4,-62.5,2.1292,922.25,3
430,0.97555,0.18143,-0.13912,3,-50,2.123,923.75,3
431,0.96383,0.18143,-0.13912,4,-64,6.2142,924.25,3
431.25,0.96383,0.18143,-0.13912,4,-63.5,1.0876,920.25,3
431.5,0.89348,0.19292,-0.16192,3,-50,3.384,921.75,3
431.63,0.9052,0.18143,-0.16192,4,-62.5,5.7279,921.75,3
432,0.92865,0.18143,-0.16192,4,-62.5,2.0908,922.25,3
432.25,1.0342,0.15847,-0.11631,4,-64,0.52309,923.75,3
432.5,1.0342,0.15847,-0.11631,4,-63,4.7078,922.75,3
432.75,0.91693,0.18143,-0.16192,4,-63.5,6.208,921.25,3
433.5,1.1163,0.10105,-0.070699,4,-64.5,6.1758,924.25,3
433.75,0.92865,0.19292,-0.15052,4,-63,5.6512,921.75,3
434,0.92865,0.19292,-0.15052,4,-63.5,0.97408,923.25,3
434.25,0.91693,0.19292,-0.16192,4,-65,5.6911,924.75,3
434.5,0.91693,0.19292,-0.16192,4,-63,5.1649,922.25,3
434.75,0.91693,0.19292,-0.16192,4,-64,0.36662,923.75,3
435,0.9052,0.19292,-0.17333,4,-62.5,1.4496,922.75,3
435.5,0.91693,0.18143,-0.15052,4,-65,2.0003,925.25,3
436.25,1.1514,0.089569,-0.03649,3,-49.5,0.26384,921.75,3
436.5,1.0225,0.18143,-0.13912,4,-63,1.0048,923.25,3
436.75,1.0225,0.18143,-0.13912,3,-50.5,1.5769,924.75,3
437.25,0.99901,0.18143,-0.13912,4,-65.5,1.7518,925.75,3
437.33,0.99901,0.18143,-0.13912,4,-63.5,0.36509,923.75,3
437.75,1.1514,0.10105,-0.070699,3,-49.5,0.60132,921.25,3
437.85,1.1514,0.10105,-0.070699,4,-63,6.0485,921.25,3
438.25,1.1045,0.1355,-0.10491,3,-50.5,1.7886,924.25,3
438.75,1.1632,0.10105,-0.059296,3,-50,0.2439,921.75,3
438.85,1.1632,0.10105,-0.059296,4,-62,2.5249,921.75,3
438.88,1.1632,0.10105,-0.059296,4,-62,0.95107,923.25,3
439.25,1.0811,0.16995,-0.10491,4,-64.5,5.6481,924.75,3
439.5,0.9521,0.19292,-0.16192,4,-65.5,4.9471,925.75,3
439.75,1.0107,0.19292,-0.15052,4,-63.5,3.6555,923.75,3
440,1.339,0.02067,-0.0022806,4,-63,6.277,921.25,3
440.25,1.339,0.02067,-0.0022806,4,-65.5,5.8767,925.25,3
440.5,1.339,0.02067,-0.0022806,4,-61,4.7737,920.75,3
440.75,0.94038,0.22737,0.066138,3,-49.5,1.5585,924.25,3
440.85,0.89348,0.18143,0.12315,4,-60,1.7426,924.25,3
441,0.91693,0.16995,0.043332,4,-60,4.3979,921.75,3
441.25,0.91693,0.16995,0.043332,4,-59.5,4.5667,921.75,3
441.5,0.91693,0.16995,0.043332,4,-59.5,6.277,923.25,3
441.6,0.91693,0.16995,0.043332,4,-59.5,1.7181,924.75,3
441.75,0.9052,0.23885,0.10035,3,-50,6.0899,922.25,3
442,0.96383,0.23885,0.11175,4,-60.5,5.7294,923.75,3
443,1.2452,0.078086,0.23718,3,-50,0.93573,920.75,3
443.1,1.2452,0.078086,0.23718,4,-60.5,5.5361,920.75,3
443.25,0.96383,0.25033,0.16876,4,-62.5,1.9497,924.25,3
443.5,0.96383,0.25033,0.088944,3,-49.5,0.14266,921.75,3
443.75,1.0225,0.22737,0.15736,4,-61.5,2.3547,923.25,3
444.25,0.98728,0.23885,0.088944,3,-49.5,6.1697,922.25,3
444.35,0.98728,0.23885,0.088944,3,-49.5,6.1144,922.25,3
444.4,0.89348,0.23885,0.031928,3,-49,6.0792,922.25,3
444.75,1.0811,0.2044,0.14596,4,-61.5,2.5863,922.75,3
445,1.0811,0.2044,0.14596,4,-60.5,4.2859,921.25,3
445.25,1.0811,0.2044,0.14596,4,-63.5,0.49087,925.25,3
445.35,1.0811,0.2044,0.14596,4,-63.5,5.1496,920.75,3
446,0.89348,0.19292,-0.025087,3,-48.5,0.17334,921.75,3
446.25,1.2218,0.10105,0.14596,3,-49,2.4053,923.25,3
446.75,0.94038,0.21588,-0.025087,3,-48.5,0.059825,922.25,3
447,1.3156,0.043636,0.088944,3,-52,1.0983,925.75,3
447.08,1.3156,0.043636,0.088944,4,-65,4.536,923.75,3
447.25,1.3156,0.043636,0.088944,4,-63.5,2.2457,922.75,3
447.5,0.9052,0.21588,-0.03649,4,-62.5,3.9684,921.25,3
447.75,0.9052,0.2044,-0.070699,4,-64.5,6.0838,925.25,3
447.83,0.9052,0.2044,-0.070699,3,-49,4.0574,920.75,3
448.25,1.0107,0.2044,0.0091224,4,-63.5,0.81915,924.25,3
448.5,0.91693,0.21588,-0.03649,3,-49,3.3287,921.75,3
448.75,0.92865,0.22737,-0.03649,4,-62.5,4.9502,923.25,3
449,0.92865,0.22737,-0.03649,3,-49.5,1.379,924.75,3
449.1,0.92865,0.22737,-0.03649,4,-63.5,5.6052,922.25,3
449.25,1.1514,0.15847,0.043332,4,-64.5,2.8302,925.75,3
449.5,1.1514,0.15847,0.043332,3,-49,1.9957,923.75,3
449.75,1.1045,0.16995,-0.0022806,4,-61.5,2.2534,922.75,3
449.83,1.1045,0.16995,-0.0022806,4,-61.5,2.3148,922.75,3
450,1.1045,0.16995,-0.0022806,4,-62,0.74091,921.25,3
450.25,0.9052,0.22737,-0.082102,4,-62,1.264,920.75,3
450.35,0.9052,0.22737,-0.082102,3,-48.5,0.98635,920.75,3
450.75,1.0225,0.2044,-0.059296,4,-62.5,5.0069,920.25,3
451.5,1.0459,0.18143,-0.047893,3,-49,6.231,922.25,3
451.75,1.0459,0.2044,-0.025087,4,-64.5,5.415,925.75,3
452,0.92865,0.22737,-0.082102,3,-49,2.0264,923.75,3
452.25,0.9521,0.2044,-0.070699,3,-49,2.6845,922.75,3
452.33,1.1045,0.16995,-0.013684,4,-62,0.53843,921.25,3
453.25,1.0928,0.16995,-0.013684,4,-61.5,0.046019,921.75,3
453.5,1.0928,0.16995,-0.013684,4,-62,0.073631,921.75,3
453.6,1.0928,0.16995,-0.013684,4,-61.5,1.6858,923.25,3
454,0.9052,0.21588,-0.082102,3,-49,6.1344,922.25,3
454.1,1.1163,0.14698,-0.013684,4,-62.5,5.8475,922.25,3
454.5,1.0576,0.19292,-0.025087,4,-63,5.3321,922.75,3
455,0.91693,0.22737,-0.082102,3,-50.5,1.0677,925.25,3
455.1,0.91693,0.22737,-0.082102,4,-63.5,5.9319,925.25,3
455.25,0.94038,0.23885,-0.070699,3,-50,1.7365,924.25,3
455.5,0.89348,0.19292,-0.10491,3,-49.5,1.7671,924.25,3
455.6,0.89348,0.19292,-0.10491,4,-61.5,4.9502,920.25,3
455.75,0.98728,0.21588,-0.070699,4,-60.5,2.8839,921.75,3
456,0.98728,0.21588,-0.070699,4,-62.5,6.0377,921.75,3
456.1,0.98728,0.21588,-0.070699,3,-49.5,2.2994,923.25,3
456.25,0.92865,0.21588,-0.093505,3,-50,1.4435,924.75,3
456.5,0.94038,0.19292,-0.082102,3,-49,6.1819,922.25,3
456.6,0.94038,0.19292,-0.082102,4,-64.5,2.1752,925.75,3
457.25,1.128,0.15847,-0.0022806,4,-62.5,0.45713,921.25,3
457.5,1.128,0.15847,-0.0022806,4,-63.5,5.7264,925.25,3
457.6,1.128,0.15847,-0.0022806,4,-62,0.98635,920.75,3
457.75,0.9052,0.22737,-0.082102,4,-63,0.35435,924.25,3
458,0.9052,0.22737,-0.082102,4,-62.5,4.6065,920.25,3
458.25,0.94038,0.2044,-0.082102,4,-61.5,6.0086,921.75,3
458.75,0.9052,0.2044,-0.093505,4,-62,5.5346,922.25,3
459,0.9052,0.2044,-0.093505,4,-65,2.0816,925.75,3
459.25,0.9052,0.2044,-0.093505,3,-49.5,1.9926,923.75,3
459.5,1.128,0.14698,-0.0022806,4,-61.5,1.8423,922.75,3
459.75,0.94038,0.23885,-0.082102,4,-64.5,5.5499,925.25,3
460.25,0.92865,0.22737,-0.082102,4,-62,0.82528,920.75,3
460.35,0.92865,0.22737,-0.082102,3,-49.5,1.6475,924.25,3
460.5,1.0928,0.16995,-0.025087,3,-49,0.15953,921.75,3
461,0.9052,0.21588,-0.10491,3,-50,1.3499,924.75,3
461.1,0.9052,0.21588,-0.10491,4,-63.5,2.9115,924.75,3
461.25,0.9052,0.21588,-0.10491,3,-49.5,6.0715,922.25,3
461.75,1.1397,0.14698,0.0091224,3,-49,2.6108,922.75,3
462.5,1.0811,0.16995,-0.03649,4,-62,0.86977,920.75,3
462.75,1.0811,0.16995,-0.03649,3,-50,1.7303,924.25,3
462.85,1.0811,0.16995,-0.03649,4,-63,0.32214,924.25,3
463,0.91693,0.21588,-0.082102,4,-62.5,6.0393,921.75,3
463.5,1.0928,0.15847,-0.047893,4,-63.5,2.9268,924.75,3
463.75,1.2335,0.10105,0.043332,3,-51.5,0.80381,925.75,3
464,1.2335,0.10105,0.043332,4,-65,2.0018,925.75,3
464.1,1.2335,0.10105,0.043332,4,-62.5,0.79153,923.75,3
464.25,0.9052,0.22737,-0.10491,4,-61.5,4.941,922.75,3
464.5,0.9052,0.22737,-0.10491,4,-61.5,1.8086,922.75,3
464.6,0.9052,0.22737,-0.10491,4,-62,0.26231,921.25,3
465,1.0459,0.2044,-0.059296,4,-63,0.26998,924.25,3
465.25,1.0459,0.2044,-0.059296,3,-49.5,4.355,920.25,3
465.35,1.0459,0.2044,-0.059296,4,-62.5,1.3484,920.25,3
465.75,1.0811,0.18143,-0.025087,4,-62,1.3085,923.25,3
466,1.0811,0.18143,-0.025087,3,-50.5,1.3484,924.75,3
466.1,1.0811,0.18143,-0.025087,4,-64,6.0239,924.75,3
466.25,1.1163,0.18143,-0.013684,4,-65,5.0836,925.75,3
466.75,0.94038,0.22737,-0.082102,3,-50,1.9482,923.75,3
466.85,0.94038,0.22737,-0.082102,3,-49,2.6108,922.75,3
466.9,0.94038,0.22737,-0.082102,4,-61.5,1.8147,922.75,3
467,0.9052,0.23885,-0.082102,4,-62.5,0.26078,921.25,3
467.25,0.98728,0.22737,-0.082102,4,-62.5,0.81454,920.75,3
467.5,0.98728,0.22737,-0.082102,3,-49.5,1.6598,924.25,3
467.75,0.89348,0.22737,-0.10491,4,-63,0.2485,924.25,3
467.85,0.89348,0.22737,-0.10491,3,-49.5,4.3565,920.25,3
468.25,0.98728,0.21588,-0.093505,4,-62,1.3116,923.25,3
468.35,0.98728,0.21588,-0.093505,4,-64,6.0009,924.75,3
469.5,1.0928,0.15847,-0.025087,4,-64,2.482,925.25,3
470,0.89348,0.2044,-0.11631,4,-62.5,0.84216,920.75,3
470.1,0.92865,0.2044,-0.10491,4,-63.5,0.27458,924.25,3
470.25,0.92865,0.2044,-0.10491,4,-62.5,1.3591,920.25,3
470.5,0.9521,0.22737,-0.093505,4,-62,1.3039,923.25,3
470.75,0.9521,0.21588,-0.082102,4,-63.5,5.9856,924.75,3
471,0.9521,0.21588,-0.082102,3,-49.5,6.1221,922.25,3
471.25,1.1045,0.16995,-0.025087,4,-65,5.0836,925.75,3
471.5,1.1045,0.16995,-0.025087,4,-62.5,0.76546,923.75,3
472.5,0.99901,0.2044,-0.093505,4,-63,3.3748,924.25,3
472.75,0.89348,0.23885,-0.11631,4,-62,5.9672,921.75,3
473,0.89348,0.23885,-0.11631,4,-62,4.424,923.25,3
473.25,0.89348,0.23885,-0.11631,3,-50,1.4143,924.75,3
473.33,0.92865,0.23885,-0.082102,4,-62,5.4579,922.25,3
474.25,0.99901,0.21588,-0.059296,4,-62.5,0.28839,921.25,3
474.75,1.1514,0.12402,0.0091224,3,-49.5,0.93573,920.75,3
474.85,1.1514,0.12402,0.0091224,4,-62.5,3.9684,920.75,3
475,0.92865,0.21588,-0.10491,4,-62.5,4.4577,920.25,3
475.25,0.92865,0.21588,-0.10491,3,-49,0.23317,921.75,3
475.5,0.98728,0.21588,-0.093505,4,-64,5.9764,924.75,3
476.28,1.2335,0.11254,0.043332,3,-49.5,1.9666,923.75,3
476.5,1.2101,0.1355,0.031928,4,-61.5,1.7748,922.75,3
476.75,1.2101,0.1355,0.031928,4,-62,0.23163,921.25,3
477,1.0576,0.19292,-0.047893,4,-62.5,3.8948,920.75,3
477.25,1.0576,0.19292,-0.047893,3,-49.5,4.0374,920.75,3
477.35,1.0107,0.23885,-0.082102,4,-63.5,0.23623,924.25,3
477.5,1.0107,0.23885,-0.082102,4,-63,1.445,920.25,3
477.75,0.96383,0.30775,-0.082102,4,-62.5,5.9488,921.75,3
478,0.96383,0.30775,-0.082102,4,-62.5,1.149,923.25,3
478.5,0.89348,0.45703,-0.19613,4,-65.5,0.84676,925.75,1
478.75,0.96383,0.49148,-0.20754,4,-63,0.20095,922.75,1
479.25,1.0694,0.42258,-0.17333,4,-64,1.1536,921.25,1
479.75,1.1632,0.45703,-0.19613,3,-56,4.4424,924.25,1
479.85,1.1632,0.45703,-0.19613,3,-56.5,4.5007,924.25,1
480.25,0.89348,0.60631,-0.32157,1,-59,2.4743,921.75,1
480.5,0.89348,0.60631,-0.32157,3,-56.5,5.0299,923.25,1
480.75,0.89348,0.60631,-0.32157,4,-65.5,1.8515,922.25,1
481.25,0.89348,0.60631,-0.32157,1,-57.5,0.70256,923.75,1
481.5,0.89348,0.60631,-0.32157,1,-57,2.169,922.75,1
481.75,0.83485,0.67521,-0.19613,4,-64.5,4.8443,925.25,1
482,0.83485,0.67521,-0.19613,4,-61,4.0712,920.75,1
482.25,0.83485,0.67521,-0.19613,3,-58,0.23163,924.25,1
482.5,0.83485,0.67521,-0.19613,1,-56.5,5.3797,920.25,1
482.6,0.83485,0.67521,-0.19613,1,-56.5,1.7717,921.75,1
482.75,0.83485,0.67521,-0.19613,1,-57,4.7385,923.25,1
483.25,0.37756,0.98526,-0.15052,3,-58.5,1.0109,922.25,1
483.5,0.37756,0.98526,-0.15052,1,-56.5,4.6802,923.75,1
483.75,0.37756,0.98526,-0.15052,4,-62,5.7033,922.75,1
484,0.37756,0.98526,-0.15052,1,-56.5,0.35282,921.25,1
484.5,0.33066,0.95081,-0.23034,3,-58,4.8765,920.75,1
484.75,0.33066,0.95081,-0.23034,3,-57.5,5.1664,920.25,1
485,0.33066,0.95081,-0.23034,1,-57,6.2188,921.75,1
485.08,0.33066,0.95081,-0.23034,3,-58,0.8805,921.75,1
485.5,0.33066,0.95081,-0.23034,1,-60.5,5.0054,924.75,1
488.25,0.1196,0.82449,0.0091224,4,-56,4.9087,925.75,4
488.75,0.072698,1.3183,0.0091224,4,-56.5,1.037,922.75,4
