0,0.38928,0.96229,-0.29876,2,-54,4.3289,920.75,1
0.5,0.36583,0.93932,-0.48121,3,-60,5.8567,924.75,1
1.025,0.57689,0.65224,-0.69787,2,-51,4.5007,920.25,1
3.5,1.1866,0.44555,-0.059296,2,-59.5,4.8781,924.25,1
6.25,1.0459,0.055119,-0.29876,2,-60,5.5239,921.25,3
7.5,1.0459,0.055119,-0.29876,2,-62.5,0.4694,924.75,3
9.75,1.0459,0.055119,-0.29876,2,-60,5.731,920.75,3
115.5,1.1983,-0.025263,-0.16192,3,-60.5,2.327,920.25,3
116.3,0.75277,0.64076,-0.57243,2,-59,4.5636,925.75,1
116.5,0.75277,0.64076,-0.57243,3,-59.5,5.6711,923.25,1
116.75,0.75277,0.64076,-0.57243,2,-59,5.7616,922.75,1
117,0.025796,0.92784,-0.38998,2,-59,0.12425,920.75,1
118,0.025796,0.92784,-0.38998,1,-67.5,0.80381,921.25,1
119,0.025796,0.85894,0.21438,1,-70,1.3698,923.25,4
363.75,0.98728,0.45703,-0.40139,3,-61.5,5.8782,920.25,1
364.75,0.98728,0.45703,-0.40139,2,-59.5,0.35282,923.25,1
365.75,1.1514,-0.025263,-0.25315,3,-68.5,5.734,924.25,3
366.5,1.1514,-0.025263,-0.25315,3,-67,0.64274,922.25,3
367.25,1.1514,-0.025263,-0.25315,3,-67.5,0.21322,922.75,3
367.75,1.1514,-0.025263,-0.25315,3,-68,5.7478,923.75,3
369,0.99901,0.02067,-0.21894,3,-66.5,0.76085,921.75,3
371.5,1.1749,-0.071196,-0.12771,3,-66.5,3.9055,921.75,3
372.75,1.1749,-0.071196,-0.12771,2,-60.5,6.0592,923.75,3
374.5,1.0225,0.0091865,-0.20754,3,-67.5,6.0009,923.25,3
375.75,1.0225,0.0091865,-0.20754,3,-69,5.438,924.25,3
377.5,1.0342,0.0091865,-0.19613,3,-68.5,6.1068,923.75,3
378.5,1.0342,0.0091865,-0.19613,3,-66.5,0.67342,922.25,3
379.5,1.0342,0.0091865,-0.19613,2,-59.5,0.33748,922.75,3
381,0.97555,0.032153,-0.20754,3,-66,1.3837,921.25,3
381.75,0.97555,0.032153,-0.20754,2,-60,6.1804,923.25,3
382.25,0.97555,0.032153,-0.20754,3,-69.5,5.26,924.75,3
383.25,0.97555,0.032153,-0.20754,3,-67.5,1.1275,921.25,3
384.25,0.97555,0.032153,-0.20754,3,-68.5,0.13499,922.75,3
386.25,1.1163,-0.059712,-0.15052,2,-59.5,0.71484,921.75,3
387,1.1163,-0.059712,-0.15052,3,-68,1.7012,920.75,3
388.5,1.1163,-0.059712,-0.15052,3,-68,0.96181,921.75,3
390.5,1.1163,-0.059712,-0.15052,3,-68,5.1082,920.25,3
393,1.1163,-0.059712,-0.13912,3,-68.5,4.4271,921.25,3
394,1.1163,-0.059712,-0.13912,3,-68.5,0.29913,922.75,3
395.5,1.1163,-0.059712,-0.13912,2,-60,0.41878,922.25,3
397.75,1.128,-0.048229,-0.12771,2,-59,0.92346,921.25,3
398.25,1.128,-0.048229,-0.12771,3,-68.5,0.95874,921.75,3
400.25,1.128,-0.048229,-0.12771,2,-59,0.92806,921.25,3
400.75,1.128,-0.048229,-0.12771,3,-68.5,0.89431,921.75,3
403,1.1866,-0.082679,-0.10491,2,-59.5,0.65041,921.75,3
405,1.1866,-0.082679,-0.10491,3,-68,1.9083,920.25,3
407.75,1.1045,-0.036746,-0.16192,3,-68.5,1.2809,921.25,3
408.75,1.1045,-0.036746,-0.16192,3,-68,4.7538,920.75,3
412.5,1.128,-0.036746,-0.13912,2,-59,0.96027,921.25,3
413,1.128,-0.036746,-0.13912,2,-59.5,0.69643,921.75,3
413.75,1.128,-0.036746,-0.13912,3,-68,1.5999,920.75,3
415,1.128,-0.036746,-0.13912,3,-68.5,1.2195,921.25,3
417.5,1.3508,-0.14009,-0.059296,3,-68.5,1.3729,921.25,3
419.75,1.3508,-0.14009,-0.059296,3,-69.5,1.919,920.25,3
422,1.1163,-0.059712,-0.15052,3,-69,1.9788,920.25,3
423.25,1.1163,-0.059712,-0.15052,2,-60.5,0.15033,922.75,3
424.5,1.1163,-0.059712,-0.15052,3,-70.5,1.3008,921.25,3
427,1.1163,-0.059712,-0.15052,2,-59,4.0543,921.25,3
427.5,1.1163,-0.059712,-0.15052,2,-59.5,0.63967,921.75,3
429.25,1.1163,-0.059712,-0.15052,3,-69,1.9282,920.25,3
430.75,1.1983,-0.094162,-0.10491,3,-69,1.6199,920.75,3
432,1.1983,-0.094162,-0.10491,2,-59,0.87744,921.25,3
432.5,1.1983,-0.094162,-0.10491,3,-70,1.0232,921.75,3
434.25,1.1983,-0.094162,-0.10491,3,-69,1.9436,920.25,3
434.75,1.1983,-0.094162,-0.10491,2,-60,0.60592,921.75,3
436.75,1.0928,-0.025263,-0.16192,2,-60,1.5892,921.25,3
440.5,1.0928,-0.025263,-0.16192,3,-68.5,5.7402,924.75,3
441.75,1.0928,-0.025263,-0.16192,3,-68.5,1.5693,921.25,3
444.5,1.1983,-0.082679,-0.093505,2,-59.5,0.5461,921.75,3
445.5,1.1983,-0.082679,-0.093505,3,-69.5,1.8423,920.75,3
446.75,1.1983,-0.082679,-0.093505,3,-70,0.81148,922.25,3
447.75,1.1983,-0.082679,-0.093505,3,-69,1.8316,920.75,3
451.25,1.1397,-0.059712,-0.12771,3,-69,5.2692,920.25,3
451.75,1.1397,-0.059712,-0.12771,2,-60,0.81454,921.75,3
453.75,1.1397,-0.059712,-0.12771,3,-69.5,2.1353,920.25,3
455,1.1397,-0.059712,-0.12771,3,-69.5,1.8715,920.75,3
457.5,1.2101,-0.082679,-0.093505,3,-68.5,1.8024,920.75,3
458.75,1.2101,-0.082679,-0.093505,3,-69,1.5079,921.25,3
461,1.2101,-0.082679,-0.093505,3,-69,1.9558,920.25,3
463.5,1.2101,-0.082679,-0.093505,2,-59,0.77159,921.25,3
464,1.2101,-0.082679,-0.093505,2,-60,0.4694,921.75,3
466,1.2101,-0.082679,-0.093505,3,-69,1.3361,921.25,3
467.25,1.2101,-0.082679,-0.093505,3,-68.5,1.6122,920.75,3
469.75,1.1163,-0.048229,-0.13912,2,-59,4.1141,920.75,3
471,1.1163,-0.048229,-0.13912,2,-59.5,0.7179,921.25,3
472,1.1163,-0.048229,-0.13912,3,-67.5,1.6383,920.75,3
473.25,1.1163,-0.048229,-0.13912,3,-69,1.3376,921.25,3
474.5,1.1163,-0.048229,-0.13912,3,-68.5,1.6782,920.75,3
475.75,1.1163,-0.048229,-0.13912,3,-68.5,1.3944,921.25,3
478.25,1.3625,-0.14009,-0.047893,3,-69,1.3468,921.25,3
479.25,1.3625,-0.14009,-0.047893,3,-69,1.6889,920.75,3
480.5,1.3625,-0.14009,-0.047893,3,-69.5,1.287,921.25,3
481.75,1.3625,-0.14009,-0.047893,3,-68.5,1.6644,920.75,3
485.5,1.1397,-0.048229,-0.11631,3,-69,1.3729,921.25,3
486.75,1.1397,-0.048229,-0.11631,3,-68.5,1.6659,920.75,3
490.25,1.0811,-0.025263,-0.15052,2,-59.5,0.74245,921.25,3
491.5,1.0811,-0.025263,-0.15052,3,-70,0.28685,922.75,3
492.75,1.0811,-0.025263,-0.15052,2,-59.5,0.7225,921.25,3
495.25,1.1397,-0.048229,-0.11631,2,-59.5,0.70563,921.25,3
497.5,1.1397,-0.048229,-0.11631,3,-68.5,2.0049,920.25,3
500,1.1514,-0.059712,-0.11631,3,-68.5,1.2502,921.25,3
503,1.0811,-0.025263,-0.13912,3,-68.5,0.78386,921.75,3
504.75,1.0811,-0.025263,-0.13912,2,-58.5,4.4485,920.25,3
505.25,1.0811,-0.025263,-0.13912,2,-60.5,0.25311,922.25,3
507.5,1.2218,-0.082679,-0.093505,3,-69,0.42491,922.25,3
508.75,1.2218,-0.082679,-0.093505,2,-60,1.1321,920.75,3
510,1.2218,-0.082679,-0.093505,3,-59.5,3.9301,922.25,3
510.25,0.64724,0.26182,-0.58384,2,-50,1.014,921.75,3
510.5,0.68242,0.46851,-0.74348,3,-60,4.7661,925.75,1
513.25,-0.38459,0.91636,-0.13912,3,-59,5.4656,922.75,4
549,-0.45495,0.95081,0.031928,1,-60.5,0.66421,921.75,2
552.5,-0.45495,0.95081,0.031928,1,-59,1.3208,920.75,2
556,-0.45495,0.95081,0.031928,1,-59.5,1.0094,921.25,2
558.75,-0.45495,0.95081,0.031928,1,-60.5,0.27918,922.25,2
583,-0.45495,0.95081,0.031928,1,-59.5,0.95874,921.25,2
595.25,0.84658,0.69818,-0.047893,1,-60,0.61666,921.75,2
600,0.84658,0.69818,-0.047893,1,-59.5,0.84522,921.25,2
