0,0.13132,1.0656,0.020525,2,-60.5,1.9436,924.75,4
0.7,0.13132,1.0656,0.020525,3,-58.5,6.1881,924.25,4
1.2,0.13132,1.0656,0.020525,2,-60,3.5036,921.25,4
3.45,0.0023451,0.98526,0.043332,3,-60,4.6096,920.25,4
4.2,0.025796,1.1001,0.020525,3,-61,0.3252,925.75,1
4.45,0.025796,1.1001,0.020525,3,-59.5,5.6604,923.25,1
4.95,0.18995,1.0312,-0.0022806,3,-59.5,4.6495,924.75,1
5.45,0.2603,0.98526,0.043332,3,-60.5,4.3059,925.25,1
5.7,0.2603,0.98526,0.043332,3,-59.5,1.5539,924.25,1
6.2,0.1196,1.0427,-0.025087,2,-60.5,0.51235,922.25,1
6.7,0.1196,1.0542,-0.025087,2,-62,0.064427,923.25,1
6.95,0.1196,1.0542,-0.025087,2,-62,0.40344,922.75,1
8.7,0.1196,1.0427,-0.047893,2,-60,0.71023,921.75,1
9.95,0.1196,1.0427,-0.025087,3,-59.5,4.8397,923.75,1
10.45,0.1196,1.0427,-0.025087,2,-62.5,5.6972,924.25,1
10.95,0.1196,1.0427,-0.03649,2,-60,0.61052,922.25,1
11.2,0.1196,1.0427,-0.03649,2,-59.5,0.92039,921.75,1
11.7,0.1196,1.0427,-0.03649,3,-59,5.0223,923.25,1
11.95,0.37756,0.93932,0.088944,2,-61,0.35435,922.75,1
13.7,0.29548,0.97377,0.043332,2,-59.5,0.8667,921.75,1
14.2,0.29548,0.97377,0.043332,3,-59,4.9824,923.25,1
14.7,0.37756,0.93932,0.088944,3,-61,4.3335,924.75,1
14.95,0.37756,0.93932,0.088944,3,-59.5,4.8458,923.75,1
15.2,0.37756,0.93932,0.088944,2,-62.5,5.6819,924.25,1
15.95,0.27203,0.99674,0.020525,2,-60,0.53383,922.25,1
16.45,0.17823,1.0312,-0.013684,3,-59,4.9609,923.25,1
16.7,0.17823,1.0312,-0.013684,2,-60.5,0.13192,922.75,1
17.2,0.13132,1.0427,-0.03649,3,-61,4.2982,924.75,1
17.45,0.13132,1.0427,-0.03649,3,-59.5,4.8044,923.75,1
17.95,0.2603,0.99674,0.031928,2,-59,1.1443,921.25,1
18.2,0.2603,0.99674,0.031928,2,-59,1.1167,921.25,1
18.7,0.29548,0.98526,0.043332,2,-70.5,5.0713,925.75,1
19.2,0.29548,0.98526,0.043332,2,-65.5,0.25924,922.75,1
20.2,0.44791,0.92784,0.088944,2,-65,1.3468,920.25,1
20.45,0.44791,0.92784,0.088944,2,-66,0.71484,921.25,1
20.7,0.44791,0.92784,0.088944,3,-59.5,5.0192,922.25,1
21.95,0.44791,0.92784,0.12315,2,-70.5,2.327,924.75,1
22.7,0.2603,0.98526,0.054735,2,-59.5,1.8024,920.25,1
22.95,0.29548,0.99674,0.043332,2,-61,1.3545,921.25,1
23.7,0.37756,0.91636,0.077541,2,-65,0.087437,923.25,1
23.95,0.37756,0.91636,0.077541,3,-59,5.2892,922.75,1
24.2,0.1665,1.0427,-0.013684,2,-59.5,1.2824,920.75,1
24.7,0.1665,1.0427,-0.013684,2,-63,5.7417,923.75,1
24.95,0.1665,1.0427,-0.013684,3,-60.5,4.5713,924.25,1
25.45,0.37756,0.95081,0.088944,2,-59.5,0.99402,921.25,1
25.7,0.17823,1.0312,-0.025087,2,-60,0.71023,921.75,1
26.7,0.15478,1.0427,-0.025087,2,-58.5,1.1766,920.75,1
27.95,0.14305,1.0542,-0.025087,2,-59.5,0.86056,921.25,1
28.2,0.14305,1.0542,-0.025087,2,-60,0.62126,921.75,1
28.7,0.31893,0.96229,0.054735,2,-61.5,0.072097,922.75,1
29.2,0.1196,1.0427,-0.03649,2,-64,5.2477,924.75,1
29.45,0.1196,1.0427,-0.03649,2,-63,5.7402,923.75,1
29.95,0.1196,1.0427,-0.03649,2,-63.5,5.4533,924.25,1
30.2,0.17823,1.0427,-0.025087,2,-59.5,0.92346,921.25,1
30.7,0.1665,1.0427,-0.025087,2,-60.5,0.57524,921.75,1
30.95,0.1665,1.0427,-0.025087,2,-62,5.9641,923.25,1
31.95,0.1665,1.0427,-0.025087,2,-63,5.7463,923.75,1
32.7,0.15478,1.0427,-0.03649,2,-60,0.92806,921.25,1
32.95,0.1665,1.0427,-0.013684,3,-59,5.7524,921.75,1
33.2,0.1665,1.0427,-0.013684,2,-66.5,4.7185,925.75,1
33.7,0.24858,1.0082,0.0091224,3,-59.5,5.1925,922.75,1
33.95,0.24858,1.0082,0.0091224,2,-59,1.2303,920.75,1
35.2,0.17823,1.0312,-0.013684,2,-59.5,0.94647,921.25,1
35.45,0.17823,1.0312,-0.013684,3,-59,5.7448,921.75,1
35.95,0.42446,0.92784,0.10035,3,-60,4.9563,923.25,1
36.2,0.42446,0.92784,0.10035,3,-59.5,5.1772,922.75,1
36.95,0.22513,1.0082,0.0091224,3,-60.5,4.6924,923.75,1
37.45,0.1665,1.0427,-0.03649,2,-59.5,0.97254,921.25,1
37.95,0.15478,1.0427,-0.025087,2,-61,0.36509,922.25,1
38.45,0.23685,1.0082,0.020525,2,-62,0.041417,922.75,1
38.95,0.13132,1.0312,-0.047893,3,-58,0.10278,920.75,1
39.2,0.13132,1.0312,-0.047893,3,-61,4.7139,923.75,1
39.7,0.13132,1.0312,-0.047893,2,-59,1.4128,920.25,1
40.95,0.35411,0.95081,0.077541,2,-62.5,5.9733,923.25,1
41.2,0.35411,0.95081,0.077541,2,-59.5,1.2425,920.75,1
41.7,0.33066,0.98526,0.043332,3,-60,4.7308,923.75,1
41.95,0.33066,0.98526,0.043332,2,-66,4.9655,925.25,1
42.7,0.1665,1.0312,-0.025087,2,-61,0.31447,922.25,1
42.95,0.1665,1.0312,-0.025087,2,-61,0.61206,921.75,1
43.45,0.2134,1.0312,-0.013684,2,-61.5,0.029146,922.75,1
43.7,0.2134,1.0312,-0.013684,2,-59,1.2855,920.75,1
44.2,0.2134,1.0312,-0.013684,3,-60,4.7415,923.75,1
44.95,0.42446,0.92784,0.10035,2,-60,0.93113,921.25,1
45.2,0.42446,0.92784,0.10035,2,-61,0.31753,922.25,1
45.45,0.17823,1.0427,-0.025087,2,-66.5,4.7661,925.75,1
45.7,0.17823,1.0427,-0.025087,3,-59.5,4.9087,923.25,1
46.45,0.2134,1.0427,-0.025087,2,-65,5.237,924.75,1
48.2,0.24858,1.0082,0.020525,2,-62,0.003068,922.75,1
48.7,0.37756,0.95081,0.088944,2,-59.5,1.2164,920.75,1
49.45,0.37756,0.95081,0.088944,2,-64,5.3996,924.25,1
50.2,0.38928,0.92784,0.088944,2,-60.5,0.60439,921.75,1
50.7,0.41273,0.92784,0.088944,3,-59.5,1.827,923.25,1
50.95,0.41273,0.92784,0.088944,2,-62,6.231,922.75,1
51.45,0.37756,0.96229,0.066138,3,-64,0.61052,925.25,1
52.45,-0.11491,1.0197,-0.49261,3,-59,4.7001,922.25,1
53.7,0.58862,0.70966,-0.56103,3,-59,6.1421,923.75,1
53.95,0.70587,0.50296,-0.64085,3,-60,5.1419,925.25,3
54.7,0.70587,0.52593,-0.31016,3,-68.5,4.786,921.25,3
55.95,0.70587,0.52593,-0.31016,2,-59.5,0.64427,920.75,3
151.7,0.70587,0.52593,-0.31016,3,-61.5,6.2786,924.25,3
152.7,0.2603,0.91636,-0.58384,2,-60,5.2048,925.75,1
152.95,0.2603,0.91636,-0.58384,3,-61.5,5.4303,923.25,1
153.2,0.2603,0.91636,-0.58384,2,-62,6.2586,922.75,1
153.7,-0.032831,0.97377,0.054735,2,-62,5.4579,923.75,1
154.2,-0.032831,0.97377,0.054735,2,-59.5,5.7264,924.25,1
154.7,0.36583,0.93932,0.020525,2,-60,0.096641,922.25,1
154.95,0.36583,0.93932,0.020525,2,-65.5,4.7983,925.75,1
155.45,0.36583,0.93932,0.020525,3,-62.5,4.2829,923.25,1
155.95,0.23685,1.0197,0.031928,2,-65,4.9609,924.75,1
156.2,0.23685,1.0197,0.031928,2,-63,5.6788,923.75,1
156.7,0.10787,1.0312,-0.070699,2,-59,1.6659,920.25,1
156.95,0.10787,1.0312,-0.070699,2,-59.5,0.83755,921.25,1
157.2,0.10787,1.0312,-0.070699,2,-60,0.14266,922.25,1
157.95,0.33066,0.97377,0.043332,2,-60.5,6.0914,922.75,1
158.45,0.1665,1.0312,-0.025087,3,-62.5,3.8748,923.75,1
159.2,0.1665,1.0312,-0.025087,3,-60,5.8521,920.25,1
159.45,0.23685,1.0312,0.0091224,2,-59.5,6.2464,922.25,1
159.7,0.23685,1.0312,0.0091224,3,-60.5,4.9532,921.75,1
160.2,0.23685,1.0312,0.0091224,3,-62,4.154,923.25,1
160.45,0.23685,1.0312,0.0091224,2,-60.5,5.9902,922.75,1
160.7,0.23685,1.0312,0.0091224,2,-58.5,1.0492,920.75,1
162.2,0.20168,1.0197,-0.03649,2,-65,4.3933,925.75,1
162.95,0.20168,1.0197,-0.03649,2,-60,6.0316,922.75,1
163.45,0.38928,0.92784,0.077541,2,-64,4.5743,925.25,1
163.95,0.38928,0.92784,0.077541,2,-57.5,1.2379,920.25,1
164.2,0.15478,1.0312,-0.025087,2,-58,0.91272,921.25,1
165.2,0.15478,1.0312,-0.025087,2,-59,5.9979,922.75,1
165.45,0.22513,1.0082,-0.0022806,2,-58.5,4.0681,920.75,1
165.95,0.22513,1.0082,-0.0022806,3,-62.5,3.7306,923.75,1
166.45,0.22513,1.0082,-0.0022806,2,-58,4.3918,920.25,1
166.95,0.22513,1.0082,-0.03649,2,-60,6.2663,922.25,1
167.2,0.22513,1.0082,-0.03649,3,-60,4.6648,921.75,1
167.45,0.22513,1.0082,-0.03649,2,-66,5.0652,923.25,1
168.2,0.0023451,1.0656,-0.059296,2,-63.5,5.2125,923.75,1
168.95,0.0023451,1.0656,-0.059296,3,-59.5,5.9166,920.25,1
169.2,0.0023451,1.0656,-0.059296,3,-60,5.2508,921.25,1
169.45,0.24858,1.0312,-0.025087,2,-59.5,0.17794,921.75,1
170.2,0.24858,1.0312,-0.025087,3,-60,4.4577,922.75,1
170.45,0.18995,1.0197,-0.059296,2,-65,5.1097,924.75,1
171.2,0.18995,1.0197,-0.059296,2,-58.5,4.4255,920.25,1
171.7,0.20168,1.0312,-0.047893,2,-60,6.2632,922.25,1
171.95,0.20168,1.0312,-0.047893,2,-59.5,0.30219,921.75,1
172.45,0.20168,1.0312,-0.047893,3,-61.5,3.9945,923.25,1
172.7,0.45964,0.91636,0.088944,3,-59,5.4886,920.75,1
173.95,0.14305,1.0427,-0.070699,3,-59.5,5.1741,921.25,1
174.2,0.14305,1.0427,-0.070699,3,-60,4.5866,922.25,1
174.7,0.14305,1.0427,-0.070699,2,-69.5,1.356,925.75,1
175.2,0.2134,1.0312,-0.047893,2,-60,1.06,920.75,1
175.45,0.2134,1.0312,-0.047893,2,-66.5,4.8827,924.75,1
175.7,0.2134,1.0312,-0.047893,2,-67.5,1.4726,925.25,1
176.2,0.2134,1.0312,-0.047893,2,-59,1.3008,920.25,1
176.45,0.22513,1.0197,-0.025087,2,-61,6.2004,922.25,1
177.45,0.47136,0.90487,0.088944,3,-61.5,1.0891,922.75,1
177.7,0.47136,0.90487,0.088944,2,-59.5,0.83909,920.75,1
178.7,0.2134,1.0312,-0.047893,2,-59.5,1.3023,920.25,1
178.95,0.2134,1.0312,-0.047893,3,-60.5,4.5881,922.25,1
179.95,0.24858,1.0197,-0.025087,3,-61,4.22,922.75,1
181.2,0.29548,0.98526,-0.013684,2,-59.5,1.2057,920.25,1
181.7,0.2134,1.0312,-0.047893,3,-60,4.7937,921.75,1
182.2,0.50654,0.90487,0.088944,2,-61.5,5.7356,922.75,1
182.45,0.50654,0.90487,0.088944,2,-59,0.70563,920.75,1
183.7,0.36583,0.95081,0.054735,3,-60,5.0468,921.25,1
183.95,0.36583,0.95081,0.054735,2,-60.5,5.961,922.25,1
184.7,0.2603,0.99674,-0.0022806,3,-62.5,3.9255,923.25,1
184.95,0.2603,0.99674,-0.0022806,2,-59.5,0.70256,920.75,1
185.95,0.20168,1.0312,-0.047893,2,-60,0.37429,921.25,1
186.2,0.20168,1.0312,-0.047893,3,-61,4.4455,922.25,1
186.45,0.20168,1.0312,-0.047893,3,-60.5,1.5815,921.75,1
187.2,0.48309,0.90487,0.088944,2,-61.5,5.6635,922.75,1
187.45,0.48309,0.90487,0.088944,2,-59.5,0.66728,920.75,1
188.45,0.28376,1.0082,-0.0022806,3,-59.5,5.0575,921.25,1
188.7,0.28376,1.0082,-0.0022806,3,-59.5,5.0974,921.25,1
188.95,0.28376,1.0082,-0.0022806,3,-59.5,4.8121,921.75,1
189.2,0.28376,1.0082,-0.0022806,2,-63,5.7171,923.25,1
189.95,0.48309,0.91636,0.088944,3,-59,5.3229,920.75,1
190.7,0.48309,0.91636,0.088944,2,-59.5,1.2042,920.25,1
190.95,0.48309,0.91636,0.088944,2,-59.5,1.195,920.25,1
191.2,0.2603,1.0197,-0.013684,3,-60.5,4.4179,922.25,1
191.45,0.2603,1.0197,-0.013684,2,-60.5,0.20095,921.75,1
191.7,0.2603,1.0197,-0.013684,2,-67.5,4.3611,925.75,1
192.45,0.20168,1.0312,-0.047893,2,-64.5,4.8198,924.75,1
192.7,0.20168,1.0312,-0.047893,3,-62.5,0.47247,923.75,1
193.45,0.37756,0.95081,0.054735,3,-59.5,4.9762,921.25,1
193.7,0.37756,0.95081,0.054735,2,-61.5,6.1881,922.25,1
194.45,0.24858,1.0082,-0.025087,3,-61,4.2016,922.75,1
194.7,0.24858,1.0082,-0.025087,2,-59.5,0.98021,920.75,1
195.45,0.31893,0.96229,0.0091224,2,-64,5.1664,924.25,1
195.7,0.31893,0.96229,0.0091224,2,-59,0.63967,921.25,1
196.2,0.43619,0.90487,0.077541,3,-60.5,4.49,922.25,1
196.7,0.43619,0.90487,0.077541,2,-62.5,5.6742,923.25,1
197.2,0.23685,1.0197,-0.03649,2,-59.5,0.91579,920.75,1
198.2,0.23685,1.0197,-0.03649,2,-58.5,1.1474,920.25,1
198.45,0.22513,1.0082,-0.025087,2,-60.5,6.0454,922.25,1
199.2,0.22513,1.0082,-0.025087,3,-62,3.8672,923.25,1
199.45,0.22513,1.0312,-0.03649,3,-59.5,5.3643,920.75,1
199.95,0.22513,1.0312,-0.03649,2,-63,5.26,923.75,1
200.2,0.22513,1.0312,-0.03649,2,-64,5.0038,924.25,1
200.7,0.15478,1.0197,-0.070699,2,-60,0.52002,921.25,1
200.95,0.15478,1.0197,-0.070699,3,-60.5,4.4071,922.25,1
201.7,0.44791,0.93932,0.054735,3,-61,4.2675,922.75,1
201.95,0.44791,0.93932,0.054735,2,-59.5,0.99249,920.75,1
202.2,0.44791,0.93932,0.054735,2,-66,4.9563,924.75,1
202.95,0.30721,0.97377,-0.0022806,2,-59,1.2778,920.25,1
203.2,0.30721,0.97377,-0.0022806,3,-59.5,5.0759,921.25,1
203.45,0.18995,1.0542,-0.047893,2,-60.5,0.21936,921.75,1
203.7,0.18995,1.0542,-0.047893,3,-60.5,1.5739,921.75,1
204.2,0.18995,1.0542,-0.047893,3,-61,4.1387,922.75,1
204.95,0.2134,1.0312,-0.047893,3,-62.5,3.5864,923.75,1
205.2,0.2134,1.0312,-0.047893,3,-59,5.5898,920.25,1
205.7,0.43619,0.92784,0.043332,3,-59.5,4.9364,921.25,1
205.95,0.43619,0.92784,0.043332,3,-60.5,4.3166,922.25,1
206.45,0.43619,0.92784,0.043332,3,-61.5,3.6754,923.25,1
206.7,0.43619,0.92784,0.043332,2,-60.5,5.7877,922.75,1
207.2,0.2603,0.99674,-0.013684,2,-62,5.2094,923.75,1
207.95,0.20168,1.0082,0.031928,3,-59,4.9762,921.25,1
208.2,0.20168,1.0082,0.031928,2,-61,5.9288,922.25,1
208.45,0.20168,1.0082,0.031928,3,-59.5,4.6372,921.75,1
209.2,0.23685,1.0082,-0.013684,2,-61,5.7371,922.75,1
210.2,0.2603,0.99674,-0.013684,3,-59,5.4533,920.25,1
210.45,0.2603,0.99674,-0.013684,3,-59.5,4.8796,921.25,1
210.7,0.2603,0.99674,-0.013684,2,-60.5,6.0393,922.25,1
210.95,0.42446,0.92784,0.077541,3,-65,2.4406,925.75,1
211.45,0.42446,0.92784,0.077541,3,-60.5,4.0865,922.75,1
211.7,0.42446,0.92784,0.077541,2,-60,0.59212,920.75,1
213.2,-0.13836,0.98526,-0.013684,2,-63.5,4.4409,921.75,4
215.2,-0.13836,0.98526,-0.013684,1,-59,5.6681,920.25,4
222.7,0.65897,0.83597,-0.03649,1,-60,0.79153,922.25,2
225.2,0.65897,0.83597,-0.03649,1,-60.5,0.76085,922.25,2
227.7,0.65897,0.83597,-0.03649,1,-60.5,0.72864,922.25,2
232.7,0.65897,0.83597,-0.03649,1,-60.5,0.55837,922.25,2
237.7,0.69414,0.80152,-0.047893,1,-60,0.81148,921.75,2
240.2,0.69414,0.80152,-0.047893,1,-60.5,0.79614,921.75,2
243.45,0.69414,0.80152,-0.047893,1,-60,1.3975,920.75,2
254.7,0.78795,0.75559,-0.013684,1,-61,0.59825,921.75,2
259.45,0.78795,0.75559,-0.013684,1,-61,0.26231,922.25,2
264.45,0.78795,0.75559,-0.013684,1,-60.5,0.61666,921.75,2
268.95,0.78795,0.75559,-0.013684,1,-60,0.82682,921.25,2
281.45,0.7645,0.76708,-0.047893,1,-61,0.45713,921.75,2
285.95,0.7645,0.76708,-0.047893,1,-61,0.16874,922.25,2
339.7,0.7645,0.76708,-0.047893,1,-60.5,0.41111,921.75,2
354.45,0.8583,0.72114,-0.0022806,2,-58.5,0.70256,921.75,4
358.45,0.51826,0.83597,-0.36718,3,-59,5.9948,925.25,1
358.7,0.42446,0.83597,-0.54963,2,-51,5.2247,920.25,1
359.2,0.69414,0.59483,-0.4584,2,-52,0.11198,922.25,1
359.95,1.0694,0.42258,-0.28736,3,-60.5,1.5186,922.75,1
363.7,1.2101,-0.0022966,-0.093505,2,-58.5,5.9104,920.25,3
364.95,1.2101,-0.0022966,-0.093505,2,-59.5,5.5545,920.75,3
366.2,1.2101,-0.0022966,-0.093505,2,-59,5.2938,921.25,3
369.95,1.2452,-0.01378,-0.093505,2,-59,5.4502,920.75,3
371.2,1.2452,-0.01378,-0.093505,2,-60,1.6429,922.25,3
373.45,1.2452,-0.01378,-0.093505,2,-59.5,5.7555,920.25,3
374.7,1.2452,-0.01378,-0.093505,2,-60,5.6404,920.75,3
383.2,1.2101,0.0091865,-0.11631,2,-60,2.0172,921.25,3
390.95,1.2101,0.0091865,-0.11631,2,-60,1.6674,921.75,3
398.45,1.2687,-0.01378,-0.093505,2,-65.5,5.8767,925.75,3
447.7,1.257,-0.01378,-0.093505,2,-60,5.3459,920.75,3
452.7,1.257,-0.01378,-0.093505,2,-63.5,0.061359,924.75,3
461.7,1.3625,-0.048229,-0.059296,2,-65.5,5.7647,925.75,3
469.45,1.2921,0.02067,-0.11631,3,-67.5,5.9657,922.75,3
470.2,0.78795,0.53741,-0.59524,3,-59.5,0.53843,925.25,1
470.7,0.1665,0.89339,-0.54963,3,-59.5,0.3973,920.25,1
470.73,0.1665,0.89339,-0.54963,3,-61,0.86517,921.25,1
472.45,-0.20871,0.82449,-0.10491,3,-60,0.72711,923.75,1
473.45,0.27203,1.0427,0.13456,1,-69,2.9284,922.25,1
473.7,0.27203,1.0427,0.13456,2,-69,6.274,921.75,4
475.45,0.037521,0.96229,-0.013684,1,-50,1.0661,920.25,4
475.48,-0.056282,1.1001,0.3056,1,-50.5,0.83449,920.25,4
475.7,0.014071,0.83597,0.043332,1,-50,5.5116,921.25,4
475.95,0.0023451,0.83597,-0.0022806,1,-51,3.7981,922.25,4
490.7,-0.044557,0.93932,-0.013684,1,-60.5,6.1329,921.75,2
497.7,-0.044557,0.93932,-0.013684,1,-61,5.7156,922.25,2
510.95,-0.044557,0.93932,-0.013684,1,-59,0.38196,920.75,2
512.45,-0.044557,0.93932,-0.013684,1,-60,5.6957,922.25,2
517.45,-0.044557,0.93932,-0.013684,1,-61,5.9534,921.75,2
522.45,-0.044557,0.93932,-0.013684,1,-60.5,5.912,921.75,2
529.45,-0.044557,0.93932,-0.013684,1,-60.5,5.6036,922.25,2
537.7,0.94038,0.65224,0.0091224,1,-63.5,1.0999,924.75,2
540.2,0.94038,0.65224,0.0091224,1,-60,0.32214,920.75,2
542.7,0.94038,0.65224,0.0091224,1,-59.5,0.33441,920.75,2
545.2,0.94038,0.65224,0.0091224,1,-62.5,1.1075,924.75,2
551.2,0.9052,0.66373,-0.013684,1,-60,6.1773,921.25,2
553.7,0.9052,0.66373,-0.013684,1,-60,5.5392,922.25,2
557.2,0.9052,0.66373,-0.013684,1,-59.5,0.25771,920.75,2
558.7,0.9052,0.66373,-0.013684,1,-60,5.8583,921.75,2
560.95,0.9052,0.66373,-0.013684,1,-60.5,5.484,922.25,2
565.7,0.9052,0.66373,-0.013684,1,-60.5,5.5223,922.25,2
573.2,0.89348,0.66373,-0.013684,1,-60.5,5.5269,922.25,2
575.7,0.89348,0.66373,-0.013684,1,-60,5.4502,922.25,2
