0,0.037521,0.91636,-0.070699,3,-64,6.1329,923.75,4
1.5,0.49481,0.83597,-0.4356,3,-59.5,0.17948,924.25,4
2,0.35411,0.75559,-0.77769,2,-52.5,4.5851,921.25,4
2.5,0.57689,0.69818,-0.52682,2,-52,6.0071,921.75,1
4.25,0.87003,0.51445,-0.24174,2,-58,4.2967,920.25,3
5.75,0.87003,0.51445,-0.24174,2,-59.5,0.58905,920.75,3
6.75,0.87003,0.51445,-0.24174,2,-59,0.77159,920.25,3
7.5,0.87003,0.51445,-0.24174,2,-60,6.0592,921.75,3
12,1.339,-0.059712,-0.059296,2,-60.5,0.092039,921.25,3
174,0.18995,0.85894,-0.62945,3,-61,2.2457,923.75,1
174.75,0.18995,0.85894,-0.62945,1,-68.5,4.5314,921.25,1
175.5,-0.17354,0.95081,-0.025087,3,-69,1.7089,925.75,1
355.75,1.0459,0.38813,-0.28736,3,-64.5,0.18868,923.25,1
356.25,1.0459,0.38813,-0.28736,3,-66,0.50621,922.75,1
356.75,1.0459,0.38813,-0.28736,2,-60,5.4993,925.25,3
358,1.3156,-0.15158,-0.082102,3,-66,0.52769,921.75,3
359.25,1.3156,-0.15158,-0.082102,2,-59.5,5.9595,923.75,3
360.25,1.2804,-0.12861,-0.093505,2,-58.5,0.45252,922.25,3
360.75,1.2804,-0.12861,-0.093505,2,-59.5,6.2188,923.25,3
361.25,1.2804,-0.12861,-0.093505,3,-66,4.3565,920.75,3
363.5,1.1983,-0.10565,-0.12771,3,-67.5,5.9887,922.75,3
364.25,1.1983,-0.10565,-0.12771,3,-69,4.964,924.25,3
365.75,1.0694,-0.01378,-0.18473,2,-59,0.19635,922.75,3
366.25,1.0694,-0.01378,-0.18473,3,-69.5,4.7155,924.75,3
368.25,1.2452,-0.11713,-0.082102,3,-66.5,6.1528,922.75,3
369.5,1.2452,-0.11713,-0.082102,3,-69,1.8561,920.25,3
370.75,1.2452,-0.11713,-0.082102,3,-68.5,0.14726,922.75,3
372,1.2452,-0.11713,-0.082102,3,-67.5,1.7257,920.25,3
374.5,1.128,-0.071196,-0.12771,3,-67,4.9747,920.25,3
375.5,1.128,-0.071196,-0.12771,3,-70,6.0991,922.75,3
377.25,1.0576,-0.025263,-0.17333,2,-59,0.22089,922.25,3
378,1.0576,-0.025263,-0.17333,3,-69.5,6.0101,922.75,3
379.25,1.0576,-0.025263,-0.17333,3,-67.5,1.7242,920.25,3
381.75,1.2101,-0.094162,-0.10491,3,-67,1.7564,920.25,3
382.25,1.2101,-0.094162,-0.10491,3,-68.5,0.77313,921.75,3
383.5,1.2101,-0.094162,-0.10491,3,-69.5,5.6236,923.75,3
384.75,1.2101,-0.094162,-0.10491,3,-67,0.70717,921.75,3
386.75,1.1397,-0.071196,-0.12771,3,-67.5,0.87744,921.25,3
387.75,1.1397,-0.071196,-0.12771,3,-68,5.915,922.75,3
390.25,1.0225,-0.01378,-0.17333,2,-59.5,6.228,922.75,3
391.25,1.0225,-0.01378,-0.17333,3,-69,5.148,924.25,3
391.75,1.0225,-0.01378,-0.17333,3,-67.5,0.14573,922.25,3
392.75,1.0225,-0.01378,-0.17333,3,-68,6.1666,922.75,3
395.25,1.2101,-0.10565,-0.10491,3,-66.5,1.353,920.75,3
397.5,1.1045,-0.059712,-0.13912,3,-68,6.0562,922.75,3
398.75,1.1045,-0.059712,-0.13912,3,-66.5,1.6552,920.25,3
399.25,1.1045,-0.059712,-0.13912,2,-58.5,0.49548,921.75,3
400,1.1045,-0.059712,-0.13912,3,-66.5,4.5053,920.75,3
402.5,1.3508,-0.15158,-0.047893,3,-67.5,6.0055,922.75,3
404,1.3508,-0.15158,-0.047893,3,-67.5,6.231,922.25,3
406.25,1.128,-0.059712,-0.11631,2,-59,0.19328,922.25,3
406.75,1.128,-0.059712,-0.11631,2,-62.5,4.8075,925.75,3
409,1.1163,-0.071196,-0.12771,2,-59,0.5553,921.75,3
409.75,1.1163,-0.071196,-0.12771,3,-67,1.4067,920.75,3
411.25,1.1163,-0.071196,-0.12771,3,-68.5,0.19021,922.25,3
412.25,1.1163,-0.071196,-0.12771,3,-65.5,4.625,920.75,3
414.5,1.1397,-0.059712,-0.12771,3,-68.5,5.935,922.75,3
415.75,1.1397,-0.059712,-0.12771,3,-66.5,1.6153,920.25,3
416.5,1.1397,-0.059712,-0.12771,3,-67.5,0.50928,921.75,3
418.75,1.0576,-0.01378,-0.16192,3,-67.5,0.47093,921.75,3
419.75,1.0576,-0.01378,-0.16192,2,-62,5.1833,924.75,3
420.75,1.0576,-0.01378,-0.16192,3,-67,0.90045,921.25,3
423.5,1.2804,-0.12861,-0.070699,2,-59.5,0.36509,921.75,3
425.5,1.2804,-0.12861,-0.070699,3,-67.5,1.6874,920.25,3
428.25,1.1514,-0.059712,-0.11631,3,-69.5,0.044485,922.25,3
429.25,1.1514,-0.059712,-0.11631,3,-68,1.2579,920.75,3
432.75,1.128,-0.059712,-0.12771,3,-68,1.6276,920.25,3
433.5,1.128,-0.059712,-0.12771,2,-59.5,0.34054,921.75,3
436.5,1.3039,-0.14009,-0.059296,3,-69.5,4.3949,920.75,3
438,1.3039,-0.14009,-0.059296,3,-69.5,0.20095,922.25,3
441.25,1.1163,-0.059712,-0.11631,3,-70,6.027,922.75,3
442.5,1.1163,-0.059712,-0.11631,3,-68,1.5616,920.25,3
443.5,1.1163,-0.059712,-0.11631,3,-70.5,5.6205,923.25,3
446.25,1.1045,-0.036746,-0.13912,3,-68.5,1.2609,920.75,3
447.5,1.1045,-0.036746,-0.13912,3,-69,0.87284,921.25,3
448.75,1.1045,-0.036746,-0.13912,3,-69.5,6.0178,922.75,3
449.75,1.1045,-0.036746,-0.13912,3,-68.5,1.6045,920.25,3
451,1.1045,-0.036746,-0.13912,3,-70.5,6.0792,922.75,3
452.25,1.1045,-0.036746,-0.13912,3,-67.5,1.784,920.25,3
453.5,1.1045,-0.036746,-0.13912,3,-68,1.3254,920.75,3
456,1.1514,-0.059712,-0.093505,2,-59.5,6.047,922.75,3
457.25,1.1514,-0.059712,-0.093505,3,-66,1.3545,921.25,3
458.25,1.1514,-0.059712,-0.093505,2,-60,0.036816,922.75,3
460.75,1.1514,-0.071196,-0.10491,3,-69.5,6.0991,922.75,3
462.25,1.1514,-0.071196,-0.10491,2,-58.5,0.72097,921.25,3
463.25,1.1514,-0.071196,-0.10491,3,-69.5,5.9963,922.75,3
464.75,1.1514,-0.071196,-0.10491,3,-69,0.049087,922.25,3
467.5,1.1163,-0.048229,-0.10491,3,-68,0.35282,921.75,3
469.25,1.1163,-0.048229,-0.10491,3,-68,0.67955,921.25,3
470,1.1163,-0.048229,-0.10491,2,-58.5,0.29299,921.75,3
471.25,1.1045,-0.059712,-0.17333,3,-63.5,4.3764,925.25,3
471.75,0.74105,0.45703,-0.61804,2,-49,2.5894,920.25,1
471.83,0.50654,0.56038,-0.69787,2,-50.5,2.4436,921.25,1
472.75,0.28376,0.80152,-0.65225,2,-59,1.7641,923.25,1
473,0.28376,0.80152,-0.65225,2,-67,1.2931,922.75,1
474.38,-0.068007,0.90487,0.043332,3,-58.5,0.56604,921.25,4
474.5,0.52999,1.0197,0.054735,3,-61,4.8167,922.25,4
478,-0.044557,0.99674,-0.013684,1,-62.5,0.95874,920.75,4
