0,0.51826,0.49148,-1.2224,2,-59,1.2824,923.25,1
0.5,0.38928,0.055119,-0.90312,3,-59,5.2094,925.75,3
1.5,0.48309,0.1355,-0.96014,3,-57.5,5.8537,921.25,3
2.25,0.37756,0.1355,-0.98294,2,-52.5,6.162,922.25,3
2.75,0.43619,0.18143,-0.93733,3,-57.5,0.20862,920.25,3
3,0.43619,0.18143,-0.93733,3,-59.5,5.4487,925.75,3
3.5,0.63552,0.14698,-0.89172,2,-53,5.7754,922.75,3
4,0.33066,0.25033,-1.0172,3,-57,5.7877,921.25,3
4.25,0.33066,0.25033,-1.0172,3,-57.5,6.1881,920.75,3
4.3,0.33066,0.25033,-1.0172,3,-58,6.1727,920.75,3
4.5,0.33066,0.25033,-1.0172,3,-56.5,5.3367,921.75,3
4.55,0.33066,0.25033,-1.0172,3,-57,1.7794,922.25,3
4.75,0.58862,0.1355,-0.91452,3,-57.5,0.97715,923.25,3
5,0.58862,0.1355,-0.91452,3,-59,5.7739,925.25,3
5.75,0.47136,0.2044,-0.96014,3,-58,0.18408,924.25,3
6.75,0.52999,0.14698,-0.93733,3,-57.5,6.0669,920.75,3
6.825,0.52999,0.14698,-0.93733,3,-56.5,5.2247,921.75,3
7,0.52999,0.14698,-0.93733,2,-52.5,6.2234,922.25,3
7.25,0.57689,0.1355,-0.93733,3,-56.5,1.6352,922.25,3
7.325,0.57689,0.1355,-0.93733,3,-57.5,0.8575,923.25,3
7.5,0.57689,0.1355,-0.93733,3,-58.5,5.7049,925.25,3
7.75,0.57689,0.1355,-0.93733,3,-57.5,0.11505,920.25,3
8.5,0.57689,0.14698,-0.92593,3,-57,1.1996,922.75,3
8.75,0.57689,0.14698,-0.92593,3,-58,0.42031,923.75,3
9.5,0.41273,0.25033,-1.0057,3,-56.5,5.1143,921.75,3
10.25,0.45964,0.19292,-0.97154,3,-59,2.189,925.75,3
11.5,0.45964,0.22737,-0.97154,3,-57,5.9104,920.75,3
12,0.61207,0.12402,-0.90312,3,-57,1.5693,922.25,3
12.325,0.44791,0.2044,-0.98294,3,-58.5,5.6773,925.25,3
13.5,0.41273,0.25033,-0.99434,2,-54,5.0253,923.75,3
13.75,0.40101,0.23885,-0.99434,3,-56.5,5.6328,921.25,3
13.825,0.40101,0.23885,-0.99434,3,-57,5.6205,921.25,3
14,0.40101,0.23885,-0.99434,3,-57,6.0654,920.75,3
14.075,0.40101,0.23885,-0.99434,3,-57.5,6.0562,920.75,3
15,0.58862,0.1355,-0.91452,3,-57.5,0.21629,920.25,3
16.25,0.57689,0.14698,-0.92593,3,-57,5.9703,920.75,3
17.25,0.40101,0.23885,-1.0057,3,-59,5.6343,925.25,3
17.75,0.42446,0.23885,-1.0057,3,-58,0.041417,924.25,3
18.25,0.55344,0.15847,-0.92593,3,-57,1.1597,922.75,3
18.5,0.55344,0.15847,-0.92593,3,-58,0.38196,923.75,3
18.75,0.41273,0.23885,-1.0057,3,-57,5.915,920.75,3
18.825,0.41273,0.23885,-1.0057,3,-57,5.8966,920.75,3
19,0.41273,0.23885,-1.0057,3,-56.5,5.0913,921.75,3
19.075,0.41273,0.23885,-1.0057,3,-56.5,5.0928,921.75,3
19.25,0.40101,0.25033,-0.99434,3,-57,1.5585,922.25,3
19.5,0.40101,0.25033,-0.99434,3,-57.5,0.75625,923.25,3
19.75,0.40101,0.25033,-0.99434,3,-59,5.6251,925.25,3
19.825,0.40101,0.25033,-0.99434,3,-57.5,0.069029,920.25,3
20.25,0.49481,0.18143,-0.94873,3,-58.5,0.056757,924.25,3
20.5,0.49481,0.18143,-0.94873,3,-59,5.9902,924.75,3
21,0.69414,0.066602,-0.88031,3,-58,0.37736,923.75,3
21.075,0.69414,0.066602,-0.88031,3,-56.5,5.4778,921.25,3
21.275,0.69414,0.066602,-0.88031,3,-57.5,5.8659,920.75,3
21.75,0.33066,0.21588,-1.0286,3,-57,1.537,922.25,3
22,0.36583,0.23885,-1.0057,3,-59,5.6174,925.25,3
22.25,0.36583,0.23885,-1.0057,3,-57.5,0.001534,920.25,3
23,0.55344,0.14698,-0.93733,3,-58.5,5.9657,924.75,3
23.1,0.55344,0.14698,-0.93733,3,-57,1.1536,922.75,3
23.5,0.48309,0.16995,-0.96014,3,-56.5,5.4993,921.25,3
23.75,0.48309,0.16995,-0.96014,3,-57,5.889,920.75,3
23.85,0.48309,0.16995,-0.96014,3,-57,5.0514,921.75,3
24,0.48309,0.16995,-0.96014,3,-56.5,5.0284,921.75,3
24.5,0.33066,0.23885,-1.0172,3,-59,5.6052,925.25,3
24.75,0.61207,0.12402,-0.91452,3,-57.5,6.2556,920.25,3
25.25,0.63552,0.12402,-0.90312,3,-58.5,5.9488,924.75,3
25.5,0.31893,0.22737,-1.0172,3,-57.5,1.1612,922.75,3
26,0.40101,0.21588,-1.0057,3,-57,5.8828,920.75,3
26.25,0.28376,0.21588,-1.04,3,-56.5,5.0836,921.75,3
26.5,0.40101,0.19292,-0.99434,3,-56.5,1.5263,922.25,3
27,0.55344,0.10105,-0.94873,3,-59,5.6205,925.25,3
27.075,0.55344,0.10105,-0.94873,2,-51.5,4.6556,920.25,3
28.5,0.43619,0.15847,-0.99434,2,-51.5,1.0262,920.75,3
28.575,0.43619,0.15847,-0.99434,3,-56.5,5.6681,920.75,3
28.75,0.43619,0.15847,-0.99434,3,-56.5,5.6773,920.75,3
28.825,0.58862,0.078086,-0.92593,3,-56.5,1.7395,921.75,3
29.5,0.44791,0.16995,-1.0057,3,-56.5,6.0715,920.25,3
29.75,0.47136,0.14698,-0.97154,3,-59,5.2815,925.75,3
31,0.36583,0.21588,-0.99434,3,-56.5,5.2984,921.25,3
31.25,0.42446,0.19292,-1.0057,3,-56.5,4.9471,921.75,3
32,0.40101,0.18143,-0.99434,3,-57,6.1605,920.25,3
32.075,0.40101,0.18143,-0.99434,3,-56.5,6.1528,920.25,3
32.25,0.40101,0.18143,-0.99434,3,-59,5.2984,925.75,3
33.5,0.58862,0.078086,-0.92593,3,-56.5,5.0836,921.75,3
33.75,0.58862,0.078086,-0.92593,3,-56.5,5.1066,921.75,3
33.825,0.58862,0.078086,-0.92593,3,-56.5,1.5524,922.25,3
34,0.58862,0.078086,-0.92593,3,-56.5,4.7385,922.25,3
34.25,0.31893,0.16995,-1.0172,3,-59,5.5822,925.25,3
34.5,0.36583,0.18143,-1.0172,3,-57,6.2341,920.25,3
35.5,0.49481,0.1355,-0.96014,2,-53.5,1.804,923.75,3
35.75,0.34238,0.18143,-1.0286,3,-56.5,5.4134,921.25,3
36.25,0.35411,0.18143,-1.0172,3,-56.5,1.4389,922.25,3
36.75,0.52999,0.12402,-0.94873,3,-57,6.2341,920.25,3
37,0.52999,0.12402,-0.94873,3,-56.5,6.2464,920.25,3
38.5,0.50654,0.12402,-0.96014,3,-56,4.9471,921.75,3
39,0.43619,0.16995,-1.0057,3,-58.5,5.5545,925.25,3
39.5,0.35411,0.19292,-1.0057,2,-52,1.5463,920.25,3
40.5,0.60034,0.055119,-0.92593,2,-52,0.63967,921.25,3
40.575,0.60034,0.055119,-0.92593,3,-56,5.3106,921.25,3
42,0.42446,0.18143,-0.99434,3,-59,5.2355,925.75,3
43,0.64724,0.032153,-0.91452,2,-51.5,0.70103,921.25,3
43.25,0.34238,0.16995,-1.04,2,-51.5,1.1382,920.75,3
43.35,0.34238,0.16995,-1.04,3,-56,4.9471,921.75,3
44,0.55344,0.11254,-0.94873,3,-58.5,5.5269,925.25,3
44.5,0.41273,0.19292,-1.0172,3,-59,2.0908,925.75,3
45,0.47136,0.14698,-0.98294,3,-57,1.0293,922.75,3
45.5,0.31893,0.16995,-1.0286,3,-56,5.372,921.25,3
45.575,0.31893,0.16995,-1.0286,2,-51.5,1.1351,920.75,3
45.625,0.31893,0.16995,-1.0286,3,-56,5.7877,920.75,3
46.5,0.35411,0.16995,-1.0172,3,-59,5.5269,925.25,3
48,0.30721,0.16995,-1.04,3,-56,5.7923,920.75,3
48.25,0.30721,0.16995,-1.04,3,-56.5,4.9548,921.75,3
49,0.49481,0.10105,-0.98294,3,-58.5,5.6098,925.25,3
49.075,0.49481,0.10105,-0.98294,3,-57.5,6.2157,920.25,3
49.25,0.49481,0.10105,-0.98294,3,-59,5.306,925.75,3
49.75,0.34238,0.16995,-1.0286,3,-56,1.0646,922.75,3
50.25,0.41273,0.14698,-1.0057,3,-56.5,5.3214,921.25,3
50.5,0.31893,0.19292,-1.0172,2,-51.5,1.0247,920.75,3
50.575,0.31893,0.19292,-1.0172,3,-56,5.7248,920.75,3
50.625,0.31893,0.19292,-1.0172,2,-51.5,0.11812,921.75,3
50.75,0.7176,0.032153,-0.89172,2,-52,5.9534,922.25,3
51.25,0.51826,0.11254,-0.96014,3,-59,5.5346,925.25,3
51.5,0.51826,0.11254,-0.96014,3,-56.5,6.1405,920.25,3
51.575,0.51826,0.11254,-0.96014,3,-57,6.1421,920.25,3
51.75,0.51826,0.11254,-0.96014,3,-59.5,5.2524,925.75,3
52.25,0.70587,0.0091865,-0.89172,3,-58,5.9089,924.75,3
52.75,0.54171,0.078086,-0.96014,2,-51.5,0.632,921.25,3
52.8,0.54171,0.078086,-0.96014,3,-56.5,5.3367,921.25,3
53,0.31893,0.16995,-1.0286,3,-56,5.7371,920.75,3
53.25,0.38928,0.16995,-1.0172,3,-56.5,1.7687,921.75,3
54,0.40101,0.16995,-1.0172,3,-57,6.1329,920.25,3
54.25,0.40101,0.16995,-1.0172,3,-59,5.2477,925.75,3
55,0.57689,0.055119,-0.94873,2,-51.5,0.632,921.25,3
55.075,0.57689,0.055119,-0.94873,3,-56.5,5.3321,921.25,3
55.25,0.31893,0.16995,-1.0286,3,-56.5,5.7524,920.75,3
55.5,0.35411,0.16995,-1.0286,3,-56,4.9333,921.75,3
55.575,0.35411,0.16995,-1.0286,3,-56.5,1.7748,921.75,3
56.25,0.35411,0.18143,-1.0172,3,-59,5.5223,925.25,3
56.5,0.35411,0.18143,-1.0172,3,-59,5.2462,925.75,3
57.5,0.36583,0.16995,-1.0286,2,-51.5,0.64427,921.25,3
57.575,0.36583,0.16995,-1.0286,3,-56.5,5.349,921.25,3
57.75,0.61207,0.055119,-0.91452,3,-56.5,5.7555,920.75,3
58,0.64724,0.032153,-0.91452,3,-56.5,1.7825,921.75,3
58.5,0.47136,0.14698,-0.99434,3,-59,5.5315,925.25,3
58.75,0.40101,0.18143,-1.0057,3,-56.5,6.1804,920.25,3
59,0.40101,0.18143,-1.0057,3,-59,5.2708,925.75,3
59.75,0.7176,0.0091865,-0.89172,2,-53.5,1.784,923.75,3
60.25,0.58862,0.089569,-0.96014,3,-56.5,5.7233,920.75,3
60.325,0.58862,0.089569,-0.96014,3,-56.5,5.7432,920.75,3
60.5,0.40101,0.18143,-1.0172,2,-52,6.0239,922.25,3
61,0.49481,0.11254,-0.97154,3,-58.5,5.5591,925.25,3
61.25,0.49481,0.11254,-0.97154,3,-57,6.1528,920.25,3
62.75,0.41273,0.14698,-1.0286,3,-56,5.7248,920.75,3
63.5,0.40101,0.18143,-1.0057,3,-59,5.4809,925.25,3
65,0.47136,0.1355,-0.99434,3,-56.5,5.4027,921.25,3
65.25,0.31893,0.16995,-1.0286,3,-57,5.8353,920.75,3
65.325,0.31893,0.16995,-1.0286,2,-51.5,0.093573,921.75,3
65.5,0.52999,0.10105,-0.96014,3,-56.5,1.4803,922.25,3
65.75,0.37756,0.18143,-1.0172,3,-59,5.5791,925.25,3
66,0.40101,0.19292,-1.0057,3,-57,6.2617,920.25,3
66.25,0.40101,0.19292,-1.0057,3,-59,5.283,925.75,3
67.25,0.61207,0.078086,-0.92593,3,-56,5.4794,921.25,3
67.75,0.47136,0.1355,-0.99434,3,-56,5.0284,921.75,3
68.5,0.51826,0.10105,-0.97154,3,-57,6.2464,920.25,3
68.575,0.51826,0.10105,-0.97154,3,-57,6.2632,920.25,3
69.75,0.33066,0.16995,-1.0172,3,-56.5,5.4318,921.25,3
70,0.43619,0.14698,-1.0057,3,-56,5.8828,920.75,3
70.075,0.43619,0.14698,-1.0057,2,-51.5,0.16567,921.75,3
70.75,0.64724,0.055119,-0.90312,3,-57,6.2387,920.25,3
71,0.64724,0.055119,-0.90312,3,-56.5,6.2464,920.25,3
71.075,0.64724,0.055119,-0.90312,3,-59,5.2616,925.75,3
72.25,0.35411,0.18143,-1.0057,3,-56.5,5.4211,921.25,3
72.5,0.45964,0.14698,-0.98294,3,-56.5,5.892,920.75,3
73.25,0.55344,0.066602,-0.93733,3,-59,5.6665,925.25,3
74.25,0.45964,0.14698,-1.0057,2,-54,1.7595,923.75,3
74.5,0.38928,0.16995,-1.0172,3,-56.5,5.464,921.25,3
75.75,0.33066,0.16995,-1.0172,3,-59,5.7264,925.25,3
75.825,0.33066,0.16995,-1.0172,3,-59,0.39577,920.25,3
76.25,0.33066,0.16995,-1.0172,3,-61,0.89278,924.25,3
79.75,0.33066,1.0542,0.020525,1,-68,2.077,920.75,1
80,0.33066,1.0542,0.020525,2,-59,0.21169,921.75,1
80.25,0.84658,0.77856,-0.10491,1,-69,1.6736,923.25,1
81,0.84658,0.77856,-0.10491,3,-70,0.17794,925.75,4
81.75,0.72932,0.69818,0.18017,1,-65,3.8089,921.25,4
83.75,0.69414,0.80152,0.16876,1,-50,2.6737,922.75,4
83.825,0.69414,0.80152,0.16876,1,-49.5,2.4758,922.75,4
84,0.28376,0.97377,0.27139,1,-50.5,1.3744,922.75,4
85,0.20168,1.0542,0.020525,1,-58.5,5.6312,922.25,2
286.5,0.23685,0.23885,-0.96014,3,-59.5,0.17027,920.75,3
286.75,0.23685,0.23885,-0.96014,2,-51,2.4436,921.75,3
287,0.23685,0.45703,-0.96014,2,-52,6.2817,922.25,3
287.25,0.27203,0.48,-0.98294,3,-61,6.228,923.25,3
287.5,0.24858,0.42258,-0.99434,3,-60.5,4.7201,920.25,3
287.75,0.24858,0.42258,-0.99434,3,-62,1.0431,925.75,3
288,0.24858,0.42258,-0.99434,3,-61,1.7763,924.25,3
288.25,0.24858,0.42258,-0.99434,3,-61.5,1.468,924.75,3
288.32,0.24858,0.42258,-0.99434,3,-59,5.9411,922.75,3
288.75,0.42446,0.43406,-0.94873,2,-50,6.1375,921.25,3
289,0.58862,0.37665,-0.89172,3,-58.5,0.9388,920.75,3
289.07,0.58862,0.37665,-0.89172,2,-49,0.19788,920.75,3
289.13,0.58862,0.37665,-0.89172,2,-50,2.6507,921.75,3
289.25,0.33066,0.43406,-0.94873,2,-50,2.6047,921.75,3
289.32,0.38928,0.39961,-0.94873,3,-59.5,6.1344,922.25,3
289.5,0.38928,0.39961,-0.94873,2,-50.5,2.2841,922.25,3
289.57,0.49481,0.37665,-0.89172,2,-52,1.7472,923.25,3
289.75,0.49481,0.37665,-0.89172,2,-52,1.7533,923.25,3
289.82,0.36583,0.42258,-0.93733,3,-62.5,1.1137,925.25,3
290,0.36583,0.42258,-0.93733,3,-58,4.2445,920.25,3
290.07,0.36583,0.42258,-0.93733,2,-49,3.8012,920.25,3
290.5,0.38928,0.43406,-0.93733,2,-54.5,1.0968,924.75,3
290.75,0.54171,0.31923,-0.86891,2,-51.5,1.9804,922.75,3
290.82,0.54171,0.31923,-0.86891,2,-51.5,1.9957,922.75,3
291,0.31893,0.42258,-0.96014,2,-53.5,1.511,923.75,3
291.07,0.31893,0.42258,-0.96014,2,-53.5,1.5186,923.75,3
291.25,0.34238,0.42258,-0.94873,2,-49.5,6.0562,921.25,3
291.32,0.42446,0.4111,-0.93733,3,-58.5,0.8805,920.75,3
291.5,0.42446,0.4111,-0.93733,2,-49.5,3.2981,920.75,3
291.57,0.31893,0.42258,-0.96014,3,-58.5,0.8667,920.75,3
291.63,0.31893,0.42258,-0.96014,2,-50.5,2.597,921.75,3
291.75,0.33066,0.42258,-0.96014,2,-51,2.2795,922.25,3
292,0.42446,0.42258,-0.94873,3,-59.5,5.4963,923.25,3
292.25,0.42446,0.42258,-0.94873,3,-61.5,1.195,925.25,3
292.5,0.31893,0.42258,-0.94873,2,-49,3.6923,920.25,3
292.75,0.37756,0.42258,-0.93733,3,-62,0.89738,925.75,3
292.82,0.37756,0.42258,-0.93733,3,-60,4.8995,924.25,3
293.25,0.33066,0.42258,-0.96014,3,-59.5,5.78,922.75,3
293.32,0.33066,0.42258,-0.96014,3,-59.5,5.1925,923.75,3
293.5,0.35411,0.42258,-0.94873,3,-59,0.52309,921.25,3
293.75,0.35411,0.42258,-0.94873,2,-50,6.1068,921.25,3
293.82,0.35411,0.4111,-0.97154,3,-58.5,0.82221,920.75,3
294,0.35411,0.4111,-0.97154,2,-49.5,0.14113,920.75,3
294.1,0.35411,0.4111,-0.97154,2,-49,0.1626,920.75,3
294.15,0.37756,0.38813,-0.96014,2,-50.5,2.6047,921.75,3
294.25,0.38928,0.4111,-0.96014,3,-59.5,6.0592,922.25,3
294.32,0.38928,0.4111,-0.96014,3,-59.5,6.0715,922.25,3
294.5,0.38928,0.4111,-0.96014,2,-52.5,1.8147,923.25,3
295,0.50654,0.3422,-0.90312,2,-49,3.6447,920.25,3
295.25,0.41273,0.4111,-0.93733,3,-60.5,4.8658,924.25,3
295.5,0.56517,0.3422,-0.85751,2,-52,2.0034,922.75,3
296,0.34238,0.42258,-0.96014,2,-50,2.9023,921.25,3
296.07,0.34238,0.42258,-0.96014,2,-50,6.0562,921.25,3
296.25,0.31893,0.42258,-0.97154,3,-58.5,3.9837,920.75,3
296.32,0.31893,0.42258,-0.97154,2,-49.5,0.11198,920.75,3
296.5,0.29548,0.39961,-0.98294,2,-50.5,2.5633,921.75,3
296.57,0.57689,0.31923,-0.86891,2,-51,2.2488,922.25,3
296.75,0.57689,0.31923,-0.86891,3,-59.5,6.0562,922.25,3
296.82,0.35411,0.39961,-0.96014,3,-60,5.3413,923.25,3
297,0.35411,0.39961,-0.96014,2,-52,1.7288,923.25,3
297.1,0.35411,0.39961,-0.96014,3,-62.5,1.0201,925.25,3
297.5,0.45964,0.31923,-0.92593,3,-63.5,0.68722,925.75,3
297.75,0.45964,0.31923,-0.92593,3,-61.5,1.488,924.25,3
298,0.34238,0.3422,-0.94873,3,-60.5,5.4886,922.75,3
298.25,0.34238,0.3422,-0.94873,3,-60,5.5116,922.75,3
298.35,0.34238,0.3422,-0.94873,2,-53.5,1.4297,923.75,3
298.5,0.34238,0.3422,-0.94873,2,-49.5,2.7213,921.25,3
298.57,0.24858,0.38813,-0.99434,3,-59.5,0.26078,921.25,3
298.6,0.24858,0.38813,-0.99434,2,-49.5,2.7136,921.25,3
298.75,0.2603,0.37665,-1.0172,3,-59,0.58751,920.75,3
298.85,0.2603,0.37665,-1.0172,2,-49,3.0373,920.75,3
298.9,0.2603,0.37665,-1.0172,2,-49,6.1927,920.75,3
299,0.44791,0.33072,-0.94873,2,-50.5,2.4176,921.75,3
299.25,0.40101,0.37665,-0.96014,3,-59.5,5.8982,922.25,3
299.32,0.40101,0.37665,-0.96014,2,-53,1.6628,923.25,3
299.38,0.40101,0.37665,-0.96014,3,-60,2.1767,923.25,3
299.75,0.44791,0.36516,-0.92593,3,-58.5,0.90812,920.25,3
299.82,0.44791,0.36516,-0.92593,2,-48.5,3.3916,920.25,3
300,0.30721,0.39961,-0.98294,3,-63,0.81148,925.75,3
300.25,0.30721,0.39961,-0.98294,3,-61.5,4.7507,924.25,3
300.75,0.35411,0.4111,-0.97154,3,-60.5,4.9824,923.75,3
301,0.35411,0.4111,-0.97154,2,-49.5,2.6937,921.25,3
301.07,0.35411,0.4111,-0.97154,2,-49.5,2.6983,921.25,3
301.25,0.30721,0.39961,-0.97154,2,-50,2.3777,921.75,3
301.5,0.56517,0.31923,-0.86891,2,-51,2.1322,922.25,3
301.55,0.56517,0.31923,-0.86891,3,-59.5,5.8475,922.25,3
301.75,0.36583,0.39961,-0.97154,3,-61,5.2508,923.25,3
302.25,0.70587,0.23885,-0.8461,2,-48.5,3.41,920.25,3
302.32,0.29548,0.38813,-0.99434,3,-58.5,0.85443,920.25,3
302.5,0.29548,0.38813,-0.99434,3,-62,4.7109,924.25,3
303,0.36583,0.42258,-0.94873,3,-60,5.5576,922.75,3
303.07,0.36583,0.42258,-0.94873,2,-52,1.8561,922.75,3
303.5,0.48309,0.36516,-0.92593,3,-59.5,0.21169,921.25,3
303.57,0.48309,0.36516,-0.92593,2,-49,3.025,920.75,3
303.6,0.48309,0.36516,-0.92593,2,-49,3.0311,920.75,3
303.75,0.31893,0.39961,-0.96014,2,-49,6.1697,920.75,3
303.82,0.31893,0.39961,-0.96014,2,-50.5,2.4022,921.75,3
303.88,0.33066,0.37665,-0.98294,2,-50.5,2.3777,921.75,3
304,0.48309,0.36516,-0.91452,2,-51.5,2.1016,922.25,3
304.07,0.48309,0.36516,-0.91452,3,-60,5.8644,922.25,3
304.5,0.35411,0.38813,-0.97154,3,-59,0.83142,920.25,3
304.57,0.35411,0.38813,-0.97154,2,-48.5,3.3794,920.25,3
305,0.63552,0.28478,-0.8461,3,-61.5,1.5815,924.25,3
305.25,0.63552,0.28478,-0.8461,2,-51.5,1.85,922.75,3
305.5,0.31893,0.39961,-0.96014,3,-60,5.5668,922.75,3
305.75,0.67069,0.2733,-0.8347,3,-59.5,0.19328,921.25,3
305.82,0.67069,0.2733,-0.8347,2,-49.5,2.6814,921.25,3
306,0.67069,0.2733,-0.8347,2,-49.5,2.686,921.25,3
306.07,0.50654,0.35368,-0.90312,3,-59,0.54303,920.75,3
306.25,0.50654,0.35368,-0.90312,2,-50.5,2.3593,921.75,3
306.35,0.33066,0.39961,-0.96014,3,-60,6.1727,921.75,3
306.4,0.33066,0.39961,-0.96014,2,-51.5,2.0862,922.25,3
306.5,0.51826,0.35368,-0.89172,2,-51.5,2.0847,922.25,3
306.75,0.50654,0.3422,-0.90312,3,-60,5.2876,923.25,3
307,0.50654,0.3422,-0.90312,2,-48.5,3.3947,920.25,3
307.07,0.33066,0.39961,-0.96014,3,-58.5,0.88204,920.25,3
307.5,0.42446,0.38813,-0.93733,2,-54,1.221,924.25,3
307.75,0.50654,0.33072,-0.90312,2,-52,1.8515,922.75,3
308,0.50654,0.33072,-0.90312,2,-52,1.8362,922.75,3
308.08,0.31893,0.39961,-0.97154,3,-61,5.0023,923.75,3
308.25,0.41273,0.39961,-0.94873,2,-49.5,2.6737,921.25,3
308.5,0.33066,0.38813,-0.97154,2,-49,3.0204,920.75,3
308.6,0.31893,0.38813,-0.96014,2,-49,6.1651,920.75,3
308.63,0.35411,0.39961,-0.97154,3,-60,6.1451,921.75,3
308.75,0.35411,0.39961,-0.97154,3,-59.5,6.1313,921.75,3
309,0.35411,0.39961,-0.97154,3,-60,5.8583,922.25,3
309.5,0.30721,0.38813,-0.98294,2,-48.5,0.19635,920.25,3
309.58,0.36583,0.36516,-0.98294,2,-48.5,0.21629,920.25,3
309.63,0.36583,0.36516,-0.98294,2,-48.5,3.361,920.25,3
309.75,0.43619,0.36516,-0.93733,3,-62,4.6909,924.25,3
310,0.43619,0.36516,-0.93733,3,-62.5,1.3054,924.75,3
310.25,0.43619,0.36516,-0.93733,3,-60,5.5346,922.75,3
310.5,0.37756,0.37665,-0.96014,3,-61,4.9471,923.75,3
310.75,0.37756,0.37665,-0.96014,2,-50.5,2.6829,921.25,3
310.83,0.34238,0.36516,-0.97154,2,-50.5,2.6707,921.25,3
310.88,0.35411,0.35368,-0.98294,2,-50,6.1727,920.75,3
311,0.35411,0.35368,-0.98294,2,-49.5,6.1927,920.75,3
311.08,0.35411,0.35368,-0.98294,2,-49.5,3.0357,920.75,3
311.13,0.38928,0.35368,-1.0057,2,-51.5,2.416,921.75,3
311.25,0.33066,0.35368,-0.94873,3,-59.5,6.1022,921.75,3
311.3,0.33066,0.35368,-0.94873,3,-60,5.7325,922.25,3
311.5,0.29548,0.37665,-0.99434,3,-60.5,5.2616,923.25,3
311.75,0.29548,0.37665,-0.99434,2,-49,0.30066,920.25,3
311.83,0.29548,0.37665,-0.99434,2,-49,3.4576,920.25,3
312,0.42446,0.36516,-0.94873,3,-58.5,0.90045,920.25,3
312.05,0.42446,0.36516,-0.94873,3,-64,0.80381,925.75,3
312.75,0.57689,0.26182,-0.93733,2,-52,1.9221,922.75,3
312.83,0.57689,0.26182,-0.93733,3,-60.5,5.6328,922.75,3
313,0.50654,0.28478,-0.92593,2,-50,2.7412,921.25,3
313.08,0.50654,0.28478,-0.92593,2,-50,2.7489,921.25,3
313.25,0.45964,0.35368,-0.96014,3,-59.5,0.17487,921.25,3
313.5,0.45964,0.35368,-0.96014,3,-59,0.43872,920.75,3
313.58,0.45964,0.35368,-0.96014,2,-50,2.3807,921.75,3
313.63,0.45964,0.35368,-0.96014,2,-50,2.3976,921.75,3
313.75,0.37756,0.3422,-0.98294,2,-51,2.1046,922.25,3
313.85,0.34238,0.33072,-0.98294,3,-60,5.7739,922.25,3
314,0.34238,0.33072,-0.98294,2,-53,1.6245,923.25,3
314.25,0.47136,0.30775,-0.92593,2,-48.5,3.3533,920.25,3
314.35,0.47136,0.30775,-0.92593,2,-48.5,3.364,920.25,3
314.5,0.49481,0.31923,-0.92593,3,-58,0.7946,920.25,3
314.6,0.49481,0.31923,-0.92593,3,-64,0.7225,925.75,3
314.75,0.49481,0.31923,-0.92593,3,-62,1.5263,924.25,3
315.35,0.62379,0.25033,-0.89172,3,-61,1.7886,923.75,3
315.5,0.62379,0.25033,-0.89172,3,-59.5,0.13499,921.25,3
315.75,0.60034,0.22737,-0.90312,3,-59,0.45866,920.75,3
315.83,0.60034,0.22737,-0.90312,2,-50,6.1421,920.75,3
316,0.38928,0.36516,-0.94873,2,-51.5,2.3623,921.75,3
316.1,0.38928,0.36516,-0.94873,3,-59.5,6.0868,921.75,3
316.25,0.54171,0.29627,-0.94873,3,-60.5,5.7632,922.25,3
316.75,0.68242,0.23885,-0.86891,2,-49,3.295,920.25,3
316.83,0.28376,0.36516,-0.99434,2,-48.5,3.3257,920.25,3
317,0.29548,0.35368,-0.98294,3,-64,0.65194,925.75,3
317.5,0.33066,0.3422,-1.0057,3,-60,5.4917,922.75,3
317.75,0.33066,0.3422,-1.0057,3,-60,5.4656,922.75,3
317.83,0.33066,0.3422,-1.0057,2,-53.5,1.3806,923.75,3
317.88,0.33066,0.3422,-1.0057,2,-53.5,1.3668,923.75,3
318,0.29548,0.35368,-0.99434,3,-59,0.061359,921.25,3
318.05,0.29548,0.35368,-0.99434,2,-49.5,5.8107,921.25,3
318.1,0.29548,0.35368,-0.99434,2,-49.5,2.6753,921.25,3
318.25,0.44791,0.33072,-0.96014,2,-48.5,6.1605,920.75,3
318.38,0.29548,0.33072,-1.0057,2,-48.5,6.1497,920.75,3
318.43,0.29548,0.33072,-1.0057,2,-50,2.4007,921.75,3
318.5,0.33066,0.3422,-0.99434,2,-50,2.3593,921.75,3
318.55,0.29548,0.3422,-0.98294,2,-51,2.0877,922.25,3
318.75,0.38928,0.35368,-0.97154,2,-52.5,1.5769,923.25,3
318.83,0.38928,0.35368,-0.97154,3,-60.5,5.1174,923.25,3
319.25,0.37756,0.35368,-0.96014,2,-48.5,0.17794,920.25,3
319.33,0.29548,0.35368,-0.99434,2,-48.5,3.3456,920.25,3
319.38,0.29548,0.35368,-0.99434,2,-48.5,3.3563,920.25,3
319.5,0.7176,0.2044,-0.8119,3,-60.5,1.4557,924.25,3
320,0.30721,0.36516,-0.98294,2,-52,1.7902,922.75,3
320.08,0.30721,0.36516,-0.98294,3,-59.5,5.4686,922.75,3
320.5,0.40101,0.36516,-0.97154,2,-49.5,2.5648,921.25,3
320.58,0.40101,0.36516,-0.97154,2,-49.5,2.5648,921.25,3
320.75,0.51826,0.31923,-0.89172,2,-49,2.8762,920.75,3
320.83,0.51826,0.31923,-0.89172,2,-49,2.887,920.75,3
320.85,0.41273,0.37665,-0.96014,2,-50.5,2.2442,921.75,3
321,0.50654,0.30775,-0.91452,2,-51,1.985,922.25,3
321.25,0.43619,0.35368,-0.96014,2,-53,1.537,923.25,3
321.35,0.43619,0.35368,-0.96014,3,-60,5.1128,923.25,3
321.5,0.43619,0.35368,-0.96014,3,-62,0.90045,925.25,3
321.75,0.34238,0.36516,-0.97154,2,-48.5,3.2214,920.25,3
321.83,0.33066,0.37665,-0.99434,3,-63,0.66575,925.75,3
322.25,0.55344,0.29627,-0.90312,3,-62.5,1.0661,924.75,3
322.5,0.55344,0.29627,-0.90312,3,-60,5.3643,922.75,3
322.75,0.50654,0.33072,-0.89172,2,-50,2.5464,921.25,3
323,0.42446,0.36516,-0.94873,2,-49.5,2.9084,920.75,3
323.25,0.33066,0.37665,-0.97154,2,-49.5,6.0439,920.75,3
323.33,0.34238,0.37665,-0.98294,2,-51,2.2918,921.75,3
323.5,0.33066,0.37665,-0.97154,3,-59.5,5.7386,922.25,3
324,0.48309,0.35368,-0.91452,2,-48.5,0.10431,920.25,3
324.08,0.30721,0.38813,-0.99434,2,-48.5,0.092039,920.25,3
324.25,0.30721,0.36516,-0.98294,3,-63.5,0.6995,925.75,3
324.5,0.30721,0.36516,-0.98294,3,-61.5,4.6096,924.25,3
325,0.38928,0.38813,-0.96014,2,-52.5,1.7733,922.75,3
325.08,0.38928,0.38813,-0.96014,3,-60.5,5.4472,922.75,3
325.25,0.63552,0.29627,-0.85751,2,-50,2.4958,921.25,3
325.33,0.44791,0.36516,-0.93733,3,-59,0.14113,921.25,3
325.5,0.44791,0.36516,-0.93733,2,-49,5.9979,920.75,3
325.58,0.29548,0.38813,-0.99434,3,-59,0.42031,920.75,3
325.75,0.29548,0.38813,-0.99434,3,-60,6.05,921.75,3
326,0.48309,0.31923,-0.91452,2,-51,1.988,922.25,3
326.05,0.48309,0.31923,-0.91452,3,-60,5.1833,923.25,3
326.25,0.36583,0.38813,-0.96014,3,-63,0.95107,925.25,3
326.5,0.36583,0.38813,-0.96014,2,-48.5,0.056757,920.25,3
326.58,0.31893,0.38813,-0.98294,2,-48.5,0.067495,920.25,3
326.75,0.33066,0.38813,-0.98294,3,-63.5,0.60439,925.75,3
327.25,0.61207,0.28478,-0.86891,2,-52.5,1.7733,922.75,3
327.5,0.61207,0.28478,-0.86891,3,-60,5.4027,922.75,3
327.83,0.45964,0.36516,-0.93733,2,-50,2.5571,921.25,3
327.88,0.45964,0.36516,-0.93733,2,-49.5,2.574,921.25,3
328,0.33066,0.38813,-0.96014,2,-49,2.8639,920.75,3
328.08,0.33066,0.38813,-0.96014,2,-49,2.8916,920.75,3
328.13,0.33066,0.37665,-0.97154,3,-59.5,5.981,921.75,3
328.25,0.33066,0.37665,-0.97154,2,-51.5,2.0371,922.25,3
328.58,0.31893,0.38813,-0.97154,2,-53,1.5693,923.25,3
329,0.54171,0.29627,-0.89172,2,-48.5,3.2244,920.25,3
329.05,0.30721,0.38813,-0.98294,3,-58,0.69029,920.25,3
329.5,0.33066,0.37665,-0.97154,3,-62.5,1.1536,924.75,3
329.75,0.33066,0.37665,-0.97154,3,-60,5.3965,922.75,3
330,0.48309,0.33072,-0.91452,3,-60.5,1.7181,923.75,3
330.08,0.48309,0.33072,-0.91452,3,-60.5,1.7043,923.75,3
330.25,0.48309,0.33072,-0.91452,2,-50,2.5418,921.25,3
330.33,0.48309,0.33072,-0.91452,2,-49.5,2.5571,921.25,3
330.5,0.34238,0.37665,-0.98294,2,-49,2.8501,920.75,3
330.58,0.34238,0.37665,-0.98294,2,-49,2.8639,920.75,3
330.63,0.31893,0.38813,-0.97154,2,-50.5,2.2657,921.75,3
330.75,0.43619,0.35368,-0.96014,3,-60,5.6665,922.25,3
330.83,0.43619,0.35368,-0.96014,3,-59.5,5.6819,922.25,3
331,0.43619,0.35368,-0.96014,2,-53,1.5662,923.25,3
331.25,0.37756,0.39961,-0.96014,2,-48.5,0.087437,920.25,3
331.5,0.29548,0.37665,-0.98294,3,-58.5,0.67955,920.25,3
332.25,0.48309,0.3422,-0.91452,2,-52.5,1.7917,922.75,3
332.33,0.48309,0.3422,-0.91452,3,-59.5,5.4794,922.75,3
332.5,0.48309,0.3422,-0.91452,2,-54.5,1.3361,923.75,3
332.6,0.40101,0.39961,-0.94873,2,-50,2.5387,921.25,3
332.75,0.51826,0.31923,-0.91452,3,-59,0.10431,921.25,3
332.83,0.51826,0.31923,-0.91452,2,-49,2.9038,920.75,3
333,0.34238,0.38813,-0.97154,2,-51,2.3163,921.75,3
333.08,0.31893,0.37665,-0.98294,2,-51,2.3163,921.75,3
333.25,0.48309,0.33072,-0.92593,2,-51.5,2.0739,922.25,3
333.33,0.48309,0.33072,-0.92593,2,-51.5,2.0739,922.25,3
333.5,0.30721,0.37665,-0.98294,2,-53.5,1.6199,923.25,3
333.75,0.60034,0.28478,-0.86891,3,-58,0.7225,920.25,3
334,0.60034,0.28478,-0.86891,3,-63.5,0.64734,925.75,3
334.5,0.44791,0.36516,-0.92593,3,-59.5,5.4855,922.75,3
334.75,0.54171,0.30775,-0.86891,3,-60.5,1.8377,923.75,3
335,0.54171,0.30775,-0.86891,3,-60.5,1.761,923.75,3
335.08,0.54171,0.30775,-0.86891,2,-50,2.5924,921.25,3
335.25,0.31893,0.38813,-0.98294,2,-49,2.9038,920.75,3
335.33,0.31893,0.36516,-0.99434,2,-49,2.8685,920.75,3
335.5,0.33066,0.38813,-0.97154,3,-59.5,0.049087,921.75,3
335.63,0.33066,0.38813,-0.97154,2,-51,2.2657,921.75,3
335.75,0.40101,0.38813,-0.94873,2,-51.5,1.988,922.25,3
335.83,0.40101,0.38813,-0.94873,2,-53.5,1.534,923.25,3
336,0.31893,0.38813,-0.97154,2,-53,1.4834,923.25,3
336.25,0.33066,0.39961,-0.96014,2,-48.5,0.059825,920.25,3
336.33,0.33066,0.37665,-0.97154,3,-62,0.7808,925.75,3
336.5,0.33066,0.37665,-0.97154,3,-61.5,1.4419,924.25,3
337,0.64724,0.28478,-0.85751,2,-52,1.7211,922.75,3
337.08,0.64724,0.28478,-0.85751,2,-52,1.7288,922.75,3
337.25,0.31893,0.38813,-0.97154,2,-54,1.3438,923.75,3
337.5,0.36583,0.37665,-0.98294,2,-49.5,5.7402,921.25,3
337.58,0.36583,0.37665,-0.98294,2,-49.5,2.6277,921.25,3
337.63,0.36583,0.37665,-0.98294,2,-49.5,2.663,921.25,3
337.78,0.57689,0.23885,-0.89172,2,-49.5,2.4007,921.75,3
337.83,0.57689,0.23885,-0.89172,2,-49.5,2.416,921.75,3
338,0.31893,0.33072,-0.99434,2,-49.5,2.4605,921.75,3
338.05,0.31893,0.33072,-0.99434,2,-49.5,2.4758,921.75,3
338.1,0.74105,0.19292,-0.85751,2,-50,2.1629,922.25,3
338.25,0.55344,0.26182,-0.89172,2,-52,1.6398,923.25,3
338.5,0.67069,0.23885,-0.86891,2,-47.5,3.4806,920.25,3
338.75,0.30721,0.35368,-0.99434,2,-47.5,3.4668,920.25,3
339,0.40101,0.3422,-0.97154,3,-60.5,4.7339,924.25,3
339.5,0.60034,0.23885,-0.88031,3,-59,5.6082,922.75,3
339.75,0.60034,0.23885,-0.88031,3,-60,5.0514,923.75,3
339.8,0.60034,0.23885,-0.88031,2,-53,1.4189,923.75,3
339.85,0.36583,0.35368,-1.0057,2,-48.5,2.7673,921.25,3
339.9,0.36583,0.35368,-1.0057,2,-48.5,2.7949,921.25,3
340,0.69414,0.16995,-0.8347,2,-48.5,2.7903,921.25,3
340.25,0.33066,0.33072,-1.0057,2,-49.5,2.4682,921.75,3
340.33,0.33066,0.33072,-1.0057,2,-49.5,2.4835,921.75,3
340.38,0.38928,0.3422,-0.98294,2,-49.5,2.4636,921.75,3
340.5,0.38928,0.3422,-0.98294,2,-49.5,2.4712,921.75,3
340.58,0.38928,0.3422,-0.98294,2,-50.5,2.1675,922.25,3
340.75,0.31893,0.3422,-0.97154,2,-52,1.6429,923.25,3
340.83,0.40101,0.3422,-0.97154,3,-59.5,5.2217,923.25,3
341,0.40101,0.3422,-0.97154,3,-62,1.0063,925.25,3
341.08,0.40101,0.3422,-0.97154,2,-47.5,3.4929,920.25,3
341.5,0.65897,0.21588,-0.8461,3,-60.5,1.5846,924.25,3
342,0.58862,0.26182,-0.89172,3,-60,1.8761,923.75,3
342.25,0.58862,0.26182,-0.89172,2,-52.5,1.4603,923.75,3
342.35,0.37756,0.33072,-0.98294,2,-48.5,2.8348,921.25,3
342.38,0.30721,0.33072,-1.0172,3,-59,0.21629,921.25,3
342.5,0.30721,0.33072,-1.0172,2,-48,0.046019,920.75,3
342.58,0.30721,0.31923,-1.0172,2,-48,0.046019,920.75,3
342.63,0.31893,0.33072,-0.99434,2,-48,0.036816,920.75,3
342.75,0.31893,0.33072,-0.99434,2,-49,2.5065,921.75,3
342.83,0.44791,0.33072,-0.96014,3,-59,6.1605,921.75,3
342.88,0.44791,0.33072,-0.96014,2,-50,2.1798,922.25,3
343,0.34238,0.3422,-0.98294,2,-50,2.1752,922.25,3
343.33,0.41273,0.3422,-0.96014,3,-62,1.0446,925.25,3
343.5,0.41273,0.3422,-0.96014,3,-58,0.90812,920.25,3
343.75,0.33066,0.3422,-0.97154,3,-63,0.76392,925.75,3
344,0.33066,0.3422,-0.97154,3,-60.5,1.6045,924.25,3
344.1,0.33066,0.3422,-0.97154,3,-61,1.33,924.75,3
344.25,0.35411,0.35368,-0.97154,3,-59.5,5.5499,922.75,3
344.5,0.35411,0.35368,-0.97154,3,-59.5,5.5622,922.75,3
344.58,0.35411,0.35368,-0.97154,2,-53,1.422,923.75,3
344.75,0.49481,0.30775,-0.91452,2,-48.5,2.7826,921.25,3
344.83,0.34238,0.35368,-0.98294,2,-48,0.0092039,920.75,3
345,0.30721,0.3422,-0.98294,2,-48,0.026078,920.75,3
345.08,0.34238,0.33072,-1.0057,2,-49,2.4835,921.75,3
345.1,0.34238,0.33072,-1.0057,2,-49,2.4989,921.75,3
345.25,0.43619,0.31923,-0.96014,3,-59.5,6.1651,921.75,3
345.33,0.43619,0.31923,-0.96014,2,-50,2.1951,922.25,3
345.5,0.30721,0.33072,-0.99434,2,-50,2.2074,922.25,3
345.58,0.30721,0.33072,-0.99434,2,-51.5,1.7104,923.25,3
345.63,0.30721,0.33072,-0.99434,3,-60,5.2616,923.25,3
345.68,0.30721,0.33072,-0.99434,3,-59.5,5.2968,923.25,3
345.75,0.30721,0.33072,-0.99434,3,-61.5,1.0462,925.25,3
346,0.29548,0.30775,-1.0057,3,-58,0.8805,920.25,3
346.08,0.29548,0.30775,-1.0057,3,-57.5,0.91732,920.25,3
346.5,0.63552,0.2044,-0.86891,2,-53,1.2686,924.25,3
346.6,0.63552,0.2044,-0.86891,3,-60.5,1.5769,924.25,3
346.65,0.63552,0.2044,-0.86891,3,-61,1.3192,924.75,3
346.75,0.36583,0.28478,-0.98294,2,-50.5,1.985,922.75,3
347.25,0.60034,0.18143,-0.91452,2,-48.5,2.8302,921.25,3
347.33,0.28376,0.30775,-1.0172,2,-48.5,5.9626,921.25,3
347.38,0.30721,0.31923,-1.0057,3,-58.5,0.48781,920.75,3
347.5,0.30721,0.31923,-1.0057,3,-59,0.48167,920.75,3
347.58,0.30721,0.31923,-1.0057,2,-49,2.4912,921.75,3
347.63,0.30721,0.3422,-1.0172,2,-49.5,2.4804,921.75,3
347.75,0.30721,0.3422,-1.0172,2,-49,2.4958,921.75,3
347.8,0.38928,0.30775,-0.98294,3,-59.5,5.8368,922.25,3
348,0.38928,0.30775,-0.98294,3,-59.5,5.8767,922.25,3
348.08,0.38928,0.30775,-0.98294,3,-60,5.3014,923.25,3
348.5,0.64724,0.21588,-0.86891,2,-47.5,3.5895,920.25,3
348.6,0.33066,0.3422,-0.99434,2,-47.5,3.5941,920.25,3
348.63,0.33066,0.3422,-0.98294,3,-63,0.75625,925.75,3
348.75,0.33066,0.3422,-0.98294,3,-61,4.7293,924.25,3
349.25,0.42446,0.36516,-0.94873,2,-51,1.9175,922.75,3
349.5,0.77622,0.2044,-0.8119,2,-53,1.4327,923.75,3
349.58,0.77622,0.2044,-0.8119,3,-60,5.013,923.75,3
349.75,0.35411,0.35368,-0.97154,2,-49,2.8179,921.25,3
349.85,0.35411,0.35368,-0.97154,2,-48.5,0.033748,920.75,3
350,0.35411,0.3422,-0.97154,2,-48,0.041417,920.75,3
350.08,0.35411,0.35368,-0.98294,2,-49.5,2.482,921.75,3
350.25,0.36583,0.35368,-0.97154,2,-50,2.2074,922.25,3
350.5,0.49481,0.33072,-0.94873,2,-52,1.6736,923.25,3
350.75,0.56517,0.29627,-0.89172,3,-62,1.04,925.25,3
350.83,0.56517,0.29627,-0.89172,2,-47.5,3.5757,920.25,3
351,0.34238,0.36516,-0.97154,2,-47.5,3.5711,920.25,3
351.08,0.34238,0.35368,-0.96014,3,-62.5,0.77773,925.75,3
351.25,0.34238,0.35368,-0.96014,3,-60.5,1.5953,924.25,3
351.5,0.34238,0.35368,-0.96014,3,-61,1.3131,924.75,3
351.75,0.43619,0.36516,-0.93733,2,-51,1.9374,922.75,3
351.83,0.55344,0.29627,-0.88031,3,-60,5.033,923.75,3
352,0.55344,0.29627,-0.88031,2,-48.5,2.8287,921.25,3
352.08,0.34238,0.35368,-0.97154,2,-48.5,2.8379,921.25,3
352.25,0.35411,0.35368,-0.97154,2,-48,3.2137,920.75,3
352.5,0.35411,0.35368,-0.97154,2,-49.5,2.4989,921.75,3
352.58,0.35411,0.35368,-0.97154,2,-49,2.5111,921.75,3
352.75,0.55344,0.29627,-0.90312,2,-50,2.1752,922.25,3
352.83,0.41273,0.36516,-0.94873,2,-52,1.6705,923.25,3
353,0.41273,0.36516,-0.94873,2,-52,1.6736,923.25,3
353.25,0.40101,0.35368,-0.94873,3,-57.5,0.98635,920.25,3
353.5,0.35411,0.36516,-0.96014,3,-62,0.78693,925.75,3
353.83,0.35411,0.36516,-0.96014,3,-61,1.3438,924.75,3
354,0.35411,0.36516,-0.96014,3,-59,5.6205,922.75,3
354.08,0.35411,0.36516,-0.96014,2,-51,1.9374,922.75,3
354.25,0.37756,0.35368,-0.98294,3,-60,5.0483,923.75,3
354.33,0.37756,0.35368,-0.98294,2,-53,1.4527,923.75,3
354.5,0.42446,0.3422,-0.96014,2,-49,2.8409,921.25,3
354.58,0.42446,0.3422,-0.96014,2,-48.5,2.8532,921.25,3
354.63,0.61207,0.26182,-0.86891,3,-57.5,0.65041,920.75,3
354.75,0.61207,0.26182,-0.86891,2,-48,0.075165,920.75,3
354.83,0.34238,0.3422,-0.97154,2,-49.5,2.5295,921.75,3
355,0.35411,0.33072,-0.98294,2,-49.5,2.5341,921.75,3
355.08,0.35411,0.33072,-0.98294,2,-49,2.5449,921.75,3
355.25,0.37756,0.3422,-0.97154,2,-51.5,1.7089,923.25,3
355.33,0.52999,0.29627,-0.90312,2,-52,1.6935,923.25,3
355.75,0.82312,0.16995,-0.8119,2,-47.5,3.6417,920.25,3
355.83,0.33066,0.31923,-0.99434,2,-47.5,3.6325,920.25,3
355.88,0.34238,0.33072,-0.94873,2,-47.5,3.6294,920.25,3
356.5,0.37756,0.3422,-0.96014,3,-61.5,4.4624,924.75,3
356.75,0.37756,0.3422,-0.96014,3,-60,1.896,923.75,3
356.83,0.37756,0.3422,-0.96014,2,-53,1.4235,923.75,3
357,0.35411,0.3422,-0.98294,2,-49,2.8225,921.25,3
357.08,0.37756,0.33072,-0.99434,2,-48.5,0.053689,920.75,3
357.1,0.37756,0.33072,-0.99434,2,-48,0.056757,920.75,3
357.25,0.37756,0.3422,-0.96014,2,-48,0.021476,920.75,3
357.35,0.37756,0.35368,-0.97154,3,-58.5,6.1421,921.75,3
357.58,0.37756,0.35368,-0.97154,2,-50.5,2.1445,922.25,3
357.6,0.38928,0.35368,-0.94873,3,-59,5.7984,922.25,3
357.75,0.38928,0.35368,-0.94873,3,-59.5,5.2784,923.25,3
358,0.38928,0.35368,-0.94873,3,-62,0.97868,925.25,3
358.25,0.40101,0.33072,-0.97154,2,-47.5,3.5818,920.25,3
358.33,0.37756,0.33072,-0.99434,3,-62.5,0.68262,925.75,3
358.75,0.45964,0.3422,-0.94873,3,-61,1.2793,924.75,3
358.83,0.45964,0.3422,-0.94873,2,-51,1.9343,922.75,3
359,0.45964,0.3422,-0.94873,3,-59.5,5.5239,922.75,3
359.08,0.48309,0.33072,-0.94873,2,-53,1.4266,923.75,3
359.25,0.48309,0.33072,-0.94873,2,-53,1.4297,923.75,3
359.33,0.44791,0.3422,-0.94873,2,-48.5,2.8501,921.25,3
359.5,0.36583,0.33072,-0.97154,3,-58.5,0.26384,921.25,3
359.63,0.36583,0.33072,-0.97154,3,-58,0.632,920.75,3
359.75,0.36583,0.33072,-0.97154,2,-49,2.4835,921.75,3
359.83,0.35411,0.3422,-0.97154,2,-49.5,2.4789,921.75,3
360,0.36583,0.33072,-0.97154,2,-50,2.1905,922.25,3
360.08,0.37756,0.30775,-0.96014,2,-52,1.6736,923.25,3
360.5,0.61207,0.21588,-0.90312,3,-57.5,1.0753,920.25,3
360.58,0.61207,0.21588,-0.90312,3,-58,1.0723,920.25,3
360.75,0.61207,0.21588,-0.90312,3,-58,1.0677,920.25,3
361,0.44791,0.31923,-0.96014,2,-53.5,1.2287,924.25,3
361.08,0.44791,0.31923,-0.96014,3,-60.5,1.6398,924.25,3
361.25,0.44791,0.31923,-0.96014,3,-61,1.3591,924.75,3
361.5,0.65897,0.21588,-0.86891,2,-50.5,1.985,922.75,3
361.75,0.44791,0.33072,-0.94873,2,-48.5,2.8762,921.25,3
361.83,0.44791,0.33072,-0.94873,2,-48.5,6.0255,921.25,3
362,0.55344,0.26182,-0.89172,2,-48,0.10278,920.75,3
362.08,0.36583,0.31923,-0.97154,2,-48,0.10431,920.75,3
362.13,0.38928,0.30775,-0.98294,2,-48,0.10431,920.75,3
362.25,0.37756,0.31923,-0.97154,2,-49,2.5341,921.75,3
362.33,0.37756,0.31923,-0.97154,2,-49,2.5418,921.75,3
362.38,0.43619,0.31923,-0.97154,2,-49,2.5249,921.75,3
362.5,0.37756,0.33072,-0.96014,2,-50,2.2074,922.25,3
362.58,0.63552,0.22737,-0.88031,2,-51.5,1.6904,923.25,3
362.75,0.63552,0.22737,-0.88031,2,-51.5,1.6889,923.25,3
362.83,0.36583,0.33072,-0.97154,3,-62,1.0769,925.25,3
363,0.36583,0.33072,-0.97154,2,-47.5,3.6401,920.25,3
363.05,0.34238,0.33072,-0.98294,2,-47.5,3.6386,920.25,3
363.1,0.37756,0.30775,-0.99434,3,-57,1.0201,920.25,3
363.25,0.37756,0.30775,-0.99434,3,-62,0.79614,925.75,3
363.75,0.58862,0.23885,-0.88031,3,-61,1.356,924.75,3
364,0.45964,0.30775,-0.93733,2,-52.5,1.468,923.75,3
364.08,0.45964,0.30775,-0.93733,3,-59.5,1.9129,923.75,3
364.25,0.54171,0.2733,-0.91452,2,-48.5,2.8655,921.25,3
364.33,0.35411,0.31923,-0.98294,2,-48,0.087437,920.75,3
364.5,0.37756,0.31923,-0.97154,2,-48,0.087437,920.75,3
364.58,0.37756,0.31923,-0.97154,2,-48,0.079767,920.75,3
364.6,0.37756,0.31923,-0.97154,2,-49,2.5541,921.75,3
364.75,0.36583,0.31923,-0.98294,2,-49.5,2.5188,921.75,3
364.83,0.36583,0.31923,-0.97154,2,-50,2.2181,922.25,3
365,0.49481,0.29627,-0.94873,3,-59.5,5.3091,923.25,3
365.08,0.49481,0.29627,-0.94873,3,-59.5,5.3045,923.25,3
365.5,0.42446,0.33072,-0.96014,2,-47.5,3.6325,920.25,3
365.58,0.36583,0.31923,-0.98294,2,-47.5,3.6417,920.25,3
366.25,0.67069,0.19292,-0.85751,2,-51,1.965,922.75,3
366.5,0.55344,0.23885,-0.90312,3,-60,5.0269,923.75,3
366.58,0.55344,0.23885,-0.90312,2,-52.5,1.4542,923.75,3
366.75,0.36583,0.31923,-0.97154,2,-48.5,2.8731,921.25,3
366.83,0.37756,0.33072,-0.98294,2,-48,0.095107,920.75,3
366.88,0.36583,0.31923,-0.97154,2,-48,0.096641,920.75,3
367,0.35411,0.30775,-0.99434,2,-48,0.084369,920.75,3
367.1,0.35411,0.33072,-0.97154,2,-49.5,2.5188,921.75,3
367.25,0.37756,0.31923,-0.98294,2,-50,2.2227,922.25,3
367.33,0.48309,0.33072,-0.94873,3,-59,5.9012,922.25,3
367.5,0.48309,0.33072,-0.94873,2,-51.5,1.7104,923.25,3
367.75,0.38928,0.30775,-0.98294,3,-61.5,1.0615,925.25,3
368.25,0.44791,0.31923,-0.97154,3,-60.5,4.7584,924.25,3
368.5,0.57689,0.22737,-0.90312,2,-50.5,1.9604,922.75,3
368.75,0.56517,0.25033,-0.90312,2,-50.5,1.9604,922.75,3
368.83,0.56517,0.25033,-0.90312,2,-52,1.488,923.75,3
368.88,0.56517,0.25033,-0.90312,2,-52.5,1.4603,923.75,3
369,0.41273,0.33072,-0.97154,2,-48.5,6.0178,921.25,3
369.08,0.35411,0.30775,-0.99434,3,-58.5,0.26078,921.25,3
369.25,0.35411,0.30775,-0.99434,2,-48,3.2321,920.75,3
369.75,0.37756,0.31923,-0.98294,2,-50,2.1936,922.25,3
369.83,0.37756,0.33072,-0.97154,2,-51.5,1.6736,923.25,3
370,0.37756,0.33072,-0.97154,2,-51.5,1.6812,923.25,3
370.1,0.37756,0.33072,-0.97154,3,-60,5.2784,923.25,3
370.25,0.37756,0.33072,-0.97154,3,-61.5,1.06,925.25,3
371,0.64724,0.21588,-0.86891,3,-61,4.4685,924.75,3
371.25,0.64724,0.21588,-0.86891,3,-59.5,5.596,922.75,3
371.5,0.43619,0.30775,-0.96014,2,-48.5,2.8716,921.25,3
371.75,0.36583,0.30775,-0.98294,2,-48,0.096641,920.75,3
371.83,0.35411,0.33072,-0.99434,3,-58,0.632,920.75,3
371.88,0.35411,0.33072,-0.99434,2,-49,2.5311,921.75,3
372,0.37756,0.31923,-0.97154,3,-59,6.2188,921.75,3
372.08,0.37756,0.31923,-0.97154,2,-50,2.2212,922.25,3
372.13,0.37756,0.31923,-0.97154,2,-50,2.2304,922.25,3
372.25,0.65897,0.21588,-0.86891,2,-50,2.2304,922.25,3
372.35,0.48309,0.30775,-0.93733,2,-51.5,1.6889,923.25,3
372.5,0.48309,0.30775,-0.93733,2,-52,1.6812,923.25,3
372.58,0.40101,0.33072,-0.96014,3,-61.5,1.0753,925.25,3
372.75,0.40101,0.33072,-0.96014,2,-47.5,3.6018,920.25,3
372.83,0.34238,0.33072,-0.98294,2,-47.5,3.6171,920.25,3
373,0.35411,0.29627,-0.99434,3,-62.5,0.77313,925.75,3
373.08,0.35411,0.29627,-0.99434,3,-60.5,4.7507,924.25,3
373.5,0.40101,0.30775,-0.98294,2,-51,1.9773,922.75,3
373.75,0.68242,0.18143,-0.8347,3,-60,1.9006,923.75,3
373.83,0.68242,0.18143,-0.8347,2,-52.5,1.5064,923.75,3
374,0.51826,0.2733,-0.94873,2,-48.5,2.8916,921.25,3
374.08,0.36583,0.29627,-1.0172,2,-48,0.10738,920.75,3
374.25,0.35411,0.30775,-0.98294,2,-48,3.2444,920.75,3
374.33,0.37756,0.31923,-0.96014,2,-49.5,2.5495,921.75,3
374.38,0.37756,0.31923,-0.96014,2,-49.5,2.5479,921.75,3
374.5,0.43619,0.31923,-0.96014,2,-50,2.2335,922.25,3
374.75,0.38928,0.30775,-0.97154,2,-50,2.2335,922.25,3
375,0.41273,0.30775,-0.97154,3,-62,1.0707,925.25,3
375.25,0.41273,0.30775,-0.97154,2,-47.5,3.6018,920.25,3
375.33,0.36583,0.31923,-0.98294,3,-57.5,0.97408,920.25,3
375.35,0.36583,0.31923,-0.98294,3,-62,0.78847,925.75,3
375.5,0.37756,0.31923,-0.96014,2,-54,1.2333,924.25,3
375.75,0.37756,0.31923,-0.96014,3,-61,4.4577,924.75,3
376,0.62379,0.22737,-0.86891,2,-51,1.9466,922.75,3
376.25,0.43619,0.29627,-0.97154,2,-52.5,1.4757,923.75,3
376.33,0.43619,0.29627,-0.97154,3,-59.5,1.8945,923.75,3
376.38,0.43619,0.29627,-0.97154,3,-58.5,0.26845,921.25,3
376.5,0.40101,0.30775,-0.98294,2,-48.5,2.8655,921.25,3
376.58,0.40101,0.30775,-0.98294,2,-48,3.2474,920.75,3
376.75,0.34238,0.29627,-0.99434,2,-48,0.10278,920.75,3
376.83,0.35411,0.30775,-0.98294,2,-49,2.5464,921.75,3
376.88,0.36583,0.30775,-0.98294,2,-49,2.5372,921.75,3
376.9,0.36583,0.30775,-0.98294,2,-49,2.5464,921.75,3
377.25,0.48309,0.30775,-0.93733,2,-52,1.6644,923.25,3
377.33,0.42446,0.33072,-0.96014,3,-59.5,5.4027,923.25,3
377.5,0.42446,0.33072,-0.96014,3,-61.5,1.1213,925.25,3
377.75,0.67069,0.21588,-0.8461,3,-58,1.0953,920.25,3
377.83,0.67069,0.21588,-0.8461,3,-62.5,0.83755,925.75,3
378.25,0.50654,0.29627,-0.91452,3,-61,1.3852,924.75,3
378.5,0.40101,0.3422,-0.96014,2,-51,1.9497,922.75,3
378.58,0.61207,0.22737,-0.89172,3,-59.5,5.0407,923.75,3
378.75,0.61207,0.22737,-0.89172,3,-59.5,1.8853,923.75,3
378.83,0.61207,0.22737,-0.89172,2,-48.5,5.9933,921.25,3
379,0.35411,0.31923,-0.98294,2,-48.5,2.8731,921.25,3
379.1,0.35411,0.31923,-0.98294,2,-48,0.099709,920.75,3
379.13,0.36583,0.30775,-0.98294,2,-48,0.090505,920.75,3
379.25,0.34238,0.31923,-0.98294,2,-49.5,2.5219,921.75,3
379.33,0.37756,0.30775,-0.98294,2,-49.5,2.5219,921.75,3
379.38,0.37756,0.30775,-0.98294,2,-50,2.2427,922.25,3
379.5,0.49481,0.28478,-0.97154,3,-59.5,5.3168,923.25,3
379.75,0.49481,0.28478,-0.97154,3,-59.5,5.3183,923.25,3
380,0.48309,0.31923,-0.93733,3,-57.5,0.96334,920.25,3
380.1,0.48309,0.31923,-0.93733,3,-57.5,0.96181,920.25,3
380.25,0.48309,0.31923,-0.93733,3,-62.5,0.7946,925.75,3
380.5,0.60034,0.21588,-0.89172,3,-61.5,1.3116,924.75,3
380.75,0.60034,0.21588,-0.89172,2,-51,1.9451,922.75,3
381,0.51826,0.28478,-0.91452,2,-51,1.9451,922.75,3
381.08,0.55344,0.26182,-0.91452,3,-60.5,5.0192,923.75,3
381.25,0.55344,0.26182,-0.91452,2,-49,5.9871,921.25,3
381.33,0.55344,0.26182,-0.91452,2,-48.5,5.9979,921.25,3
381.38,0.37756,0.33072,-0.96014,2,-48.5,2.8455,921.25,3
381.4,0.37756,0.33072,-0.96014,2,-48,0.079767,920.75,3
381.58,0.38928,0.31923,-0.97154,2,-49.5,2.4927,921.75,3
381.75,0.38928,0.31923,-0.97154,2,-49.5,2.5096,921.75,3
381.85,0.37756,0.31923,-0.97154,2,-49.5,2.4973,921.75,3
381.88,0.37756,0.31923,-0.97154,2,-49,2.5203,921.75,3
382,0.37756,0.30775,-0.97154,2,-50,2.2074,922.25,3
382.08,0.49481,0.28478,-0.94873,3,-59.5,5.3168,923.25,3
382.25,0.49481,0.28478,-0.94873,3,-59.5,5.3244,923.25,3
382.33,0.49481,0.28478,-0.94873,3,-61.5,1.0738,925.25,3
382.5,0.49481,0.28478,-0.94873,2,-48,3.6325,920.25,3
382.75,0.34238,0.30775,-0.99434,3,-63,0.77159,925.75,3
382.83,0.34238,0.30775,-0.99434,3,-60.5,1.6153,924.25,3
383.25,0.51826,0.2733,-0.91452,3,-61,1.3361,924.75,3
383.33,0.51826,0.2733,-0.91452,3,-59.5,5.5898,922.75,3
383.5,0.51826,0.2733,-0.91452,3,-60,5.056,923.75,3
383.6,0.51826,0.2733,-0.91452,2,-53,1.4573,923.75,3
383.75,0.40101,0.33072,-0.96014,2,-49,5.9871,921.25,3
383.83,0.37756,0.30775,-0.98294,2,-48,3.2014,920.75,3
383.88,0.37756,0.31923,-0.97154,2,-48,0.064427,920.75,3
384.25,0.36583,0.30775,-0.99434,2,-49,2.5173,921.75,3
384.33,0.37756,0.31923,-0.97154,2,-50,2.2135,922.25,3
384.38,0.57689,0.25033,-0.91452,3,-59,5.9227,922.25,3
384.5,0.57689,0.25033,-0.91452,3,-59.5,5.2999,923.25,3
384.75,0.68242,0.19292,-0.85751,2,-47.5,3.6294,920.25,3
385,0.36583,0.30775,-0.98294,2,-47.5,3.6401,920.25,3
385.08,0.35411,0.28478,-0.99434,2,-47.5,3.6371,920.25,3
385.25,0.38928,0.30775,-0.97154,3,-62.5,0.7808,925.75,3
385.33,0.38928,0.30775,-0.97154,2,-53,1.264,924.25,3
385.5,0.61207,0.21588,-0.88031,3,-61,1.3254,924.75,3
385.75,0.61207,0.21588,-0.88031,3,-59.5,5.5975,922.75,3
385.83,0.61207,0.21588,-0.88031,3,-59.5,5.5898,922.75,3
386,0.61207,0.21588,-0.88031,3,-60,1.9037,923.75,3
386.08,0.60034,0.22737,-0.88031,3,-58.5,0.26845,921.25,3
386.25,0.60034,0.22737,-0.88031,2,-48.5,2.8685,921.25,3
386.35,0.40101,0.31923,-0.97154,2,-48,0.092039,920.75,3
386.4,0.37756,0.30775,-0.98294,3,-58,0.6228,920.75,3
386.5,0.37756,0.30775,-0.98294,3,-58.5,6.228,921.75,3
386.58,0.37756,0.30775,-0.98294,2,-49,2.5249,921.75,3
386.63,0.38928,0.31923,-0.97154,2,-49,2.5295,921.75,3
386.85,0.36583,0.29627,-0.99434,3,-59.5,5.3014,923.25,3
387,0.36583,0.29627,-0.99434,3,-59.5,5.3275,923.25,3
387.25,0.43619,0.31923,-0.96014,3,-57.5,0.97868,920.25,3
387.5,0.43619,0.31923,-0.96014,2,-47.5,3.6263,920.25,3
387.58,0.34238,0.31923,-0.94873,2,-55.5,0.67188,925.75,3
387.63,0.34238,0.31923,-0.94873,3,-62.5,0.78386,925.75,3
388,0.45964,0.31923,-0.94873,3,-61.5,1.3407,924.75,3
388.25,0.38928,0.31923,-0.97154,3,-59.5,5.6174,922.75,3
388.33,0.38928,0.31923,-0.97154,3,-60,5.0407,923.75,3
388.5,0.38928,0.31923,-0.97154,2,-53,1.4527,923.75,3
388.58,0.37756,0.31923,-0.98294,2,-49,2.8409,921.25,3
388.6,0.37756,0.31923,-0.98294,2,-48.5,2.8532,921.25,3
388.75,0.47136,0.29627,-0.96014,2,-48.5,0.067495,920.75,3
388.83,0.36583,0.31923,-0.97154,2,-48,0.072097,920.75,3
388.85,0.36583,0.31923,-0.97154,2,-49,2.5449,921.75,3
389.03,0.37756,0.30775,-0.98294,2,-49.5,2.5295,921.75,3
389.1,0.37756,0.30775,-0.98294,2,-49,2.5495,921.75,3
389.25,0.44791,0.30775,-0.97154,2,-50,2.2335,922.25,3
389.5,0.36583,0.31923,-0.97154,2,-52,1.7089,923.25,3
389.58,0.36583,0.31923,-0.97154,3,-60,5.3091,923.25,3
389.75,0.44791,0.31923,-0.94873,2,-47.5,3.68,920.25,3
389.83,0.35411,0.30775,-0.99434,2,-47.5,3.6724,920.25,3
390,0.35411,0.28478,-0.99434,3,-62.5,0.77159,925.75,3
390.25,0.35411,0.28478,-0.99434,3,-61,4.7415,924.25,3
390.5,0.41273,0.30775,-0.97154,2,-50.5,1.985,922.75,3
390.75,0.61207,0.21588,-0.90312,2,-51,1.9604,922.75,3
390.83,0.61207,0.21588,-0.90312,3,-60,1.896,923.75,3
391,0.37756,0.30775,-0.96014,2,-48.5,2.8532,921.25,3
391.1,0.36583,0.30775,-0.99434,2,-48.5,2.8486,921.25,3
391.25,0.36583,0.30775,-0.96014,2,-48,0.082835,920.75,3
391.33,0.36583,0.29627,-0.99434,3,-58,0.59365,920.75,3
391.5,0.36583,0.29627,-0.99434,2,-49.5,2.5142,921.75,3
391.58,0.36583,0.29627,-0.99434,2,-49,2.5311,921.75,3
391.63,0.37756,0.31923,-0.97154,2,-50,2.2105,922.25,3
391.75,0.47136,0.30775,-0.96014,2,-51.5,1.6751,923.25,3
392,0.65897,0.21588,-0.85751,3,-61.5,1.063,925.25,3
392.25,0.65897,0.21588,-0.85751,2,-47.5,3.6064,920.25,3
392.33,0.36583,0.31923,-0.97154,3,-57.5,0.97868,920.25,3
392.75,0.48309,0.29627,-0.94873,3,-61,1.3545,924.75,3
393,0.48309,0.29627,-0.94873,3,-59.5,5.6052,922.75,3
393.25,0.58862,0.22737,-0.89172,3,-58.5,0.27612,921.25,3
393.5,0.58862,0.22737,-0.89172,2,-48.5,6.0255,921.25,3
393.58,0.36583,0.30775,-0.99434,2,-48.5,6.0055,921.25,3
393.63,0.36583,0.30775,-0.99434,2,-48,0.11658,920.75,3
393.68,0.35411,0.29627,-0.99434,3,-58,0.60439,920.75,3
393.75,0.35411,0.29627,-0.99434,3,-58,0.63507,920.75,3
393.83,0.35411,0.29627,-0.99434,3,-59,6.205,921.75,3
393.88,0.35411,0.29627,-0.99434,2,-49.5,2.5173,921.75,3
394,0.35411,0.29627,-0.99434,2,-49,2.5372,921.75,3
394.08,0.38928,0.31923,-0.96014,2,-50,2.2059,922.25,3
394.13,0.47136,0.29627,-0.96014,3,-59.5,5.892,922.25,3
394.25,0.47136,0.29627,-0.96014,2,-52,1.6889,923.25,3
394.5,0.44791,0.31923,-0.94873,2,-47.5,3.5941,920.25,3
394.75,0.36583,0.29627,-0.98294,2,-47.5,3.5941,920.25,3
394.85,0.35411,0.30775,-0.98294,2,-47.5,3.591,920.25,3
395,0.57689,0.23885,-0.90312,2,-53.5,1.2333,924.25,3
395.1,0.57689,0.23885,-0.90312,2,-53.5,1.2318,924.25,3
395.25,0.44791,0.31923,-0.96014,3,-61.5,1.3484,924.75,3
395.5,0.48309,0.28478,-0.93733,2,-52,1.5263,923.75,3
395.58,0.48309,0.28478,-0.93733,3,-60,1.8899,923.75,3
395.75,0.48309,0.28478,-0.93733,2,-52.5,1.488,923.75,3
395.83,0.34238,0.30775,-0.98294,2,-48.5,2.8808,921.25,3
396,0.35411,0.29627,-0.99434,3,-58.5,0.26538,921.25,3
396.08,0.35411,0.29627,-0.99434,3,-58.5,0.61052,920.75,3
396.13,0.35411,0.29627,-0.99434,2,-48,0.099709,920.75,3
396.25,0.36583,0.30775,-0.99434,2,-49,2.5341,921.75,3
396.33,0.35411,0.30775,-0.99434,2,-49.5,2.5295,921.75,3
396.38,0.35411,0.30775,-0.99434,2,-49,2.5387,921.75,3
396.5,0.35411,0.30775,-0.99434,2,-50,2.2304,922.25,3
396.58,0.37756,0.30775,-0.98294,3,-59.5,5.892,922.25,3
396.63,0.37756,0.30775,-0.98294,2,-50,2.2074,922.25,3
397,0.40101,0.31923,-0.94873,2,-47.5,3.5864,920.25,3
397.08,0.37756,0.30775,-0.99434,2,-47.5,3.591,920.25,3
397.25,0.37756,0.29627,-0.97154,3,-62.5,0.76852,925.75,3
397.5,0.37756,0.29627,-0.97154,3,-60.5,1.6122,924.25,3
397.75,0.61207,0.21588,-0.89172,3,-61,1.3468,924.75,3
398,0.61207,0.21588,-0.89172,3,-59.5,5.6052,922.75,3
398.08,0.61207,0.21588,-0.89172,3,-60,5.0391,923.75,3
398.25,0.61207,0.21588,-0.89172,2,-52.5,1.4834,923.75,3
398.33,0.37756,0.30775,-0.97154,2,-48.5,2.8885,921.25,3
398.38,0.35411,0.30775,-0.98294,3,-59,0.28379,921.25,3
398.5,0.35411,0.30775,-0.98294,2,-48,0.11045,920.75,3
398.6,0.35411,0.29627,-0.99434,3,-58.5,0.60132,920.75,3
398.63,0.35411,0.29627,-0.99434,2,-49,5.7003,921.75,3
398.75,0.36583,0.30775,-0.99434,2,-49,2.5418,921.75,3
398.83,0.35411,0.29627,-0.98294,2,-49,2.5418,921.75,3
399,0.34238,0.30775,-0.98294,2,-50,2.2457,922.25,3
399.08,0.34238,0.30775,-0.98294,2,-50,2.2565,922.25,3
399.13,0.34238,0.30775,-0.98294,2,-50,2.2365,922.25,3
399.15,0.35411,0.30775,-0.98294,3,-59.5,5.326,923.25,3
399.25,0.35411,0.30775,-0.98294,3,-60,5.303,923.25,3
399.33,0.35411,0.30775,-0.98294,3,-62,1.0707,925.25,3
399.5,0.35411,0.30775,-0.98294,2,-48,3.6263,920.25,3
399.58,0.35411,0.31923,-0.99434,3,-57.5,1.0094,920.25,3
399.63,0.35411,0.31923,-0.99434,3,-58,0.99095,920.25,3
399.75,0.35411,0.31923,-0.99434,2,-53.5,1.2655,924.25,3
400,0.47136,0.28478,-0.93733,3,-60.5,1.6398,924.25,3
400.25,0.47136,0.28478,-0.93733,3,-61,1.3591,924.75,3
400.33,0.47136,0.28478,-0.93733,2,-51,1.985,922.75,3
400.5,0.37756,0.29627,-0.98294,3,-59.5,5.6082,922.75,3
400.58,0.37756,0.29627,-0.98294,2,-52.5,1.5002,923.75,3
400.63,0.37756,0.29627,-0.98294,3,-60,1.9205,923.75,3
400.75,0.50654,0.2733,-0.91452,2,-48.5,2.8777,921.25,3
401,0.34238,0.26182,-1.0172,2,-48,0.12579,920.75,3
401.08,0.35411,0.29627,-0.98294,3,-58,0.64427,920.75,3
401.13,0.35411,0.29627,-0.98294,2,-49.5,2.5571,921.75,3
401.25,0.33066,0.26182,-0.99434,2,-49.5,2.5541,921.75,3
401.33,0.44791,0.30775,-0.97154,3,-59.5,5.9212,922.25,3
401.5,0.44791,0.30775,-0.97154,3,-59.5,5.3383,923.25,3
401.58,0.44791,0.30775,-0.97154,3,-59.5,5.3444,923.25,3
401.75,0.44791,0.30775,-0.97154,3,-61.5,1.0815,925.25,3
402,0.34238,0.30775,-0.98294,3,-57.5,0.99095,920.25,3
402.25,0.34238,0.30775,-0.98294,3,-62.5,0.78847,925.75,3
402.35,0.34238,0.30775,-0.98294,3,-60.5,4.7492,924.25,3
402.75,0.40101,0.30775,-0.97154,2,-51,1.9297,922.75,3
403.03,0.41273,0.31923,-0.96014,2,-53,1.4496,923.75,3
403.08,0.41273,0.31923,-0.96014,3,-60,1.8822,923.75,3
403.25,0.37756,0.33072,-0.98294,2,-48.5,2.8486,921.25,3
403.33,0.37756,0.31923,-0.98294,2,-48,0.069029,920.75,3
403.5,0.35411,0.30775,-0.98294,3,-58,0.6274,920.75,3
403.58,0.35411,0.30775,-0.98294,2,-49.5,2.5234,921.75,3
403.63,0.35411,0.30775,-0.98294,2,-49,2.5372,921.75,3
403.75,0.35411,0.30775,-0.99434,2,-49.5,2.5341,921.75,3
403.83,0.35411,0.30775,-0.99434,2,-50,2.2688,922.25,3
403.88,0.48309,0.23885,-0.91452,2,-50.5,2.2565,922.25,3
404,0.47136,0.29627,-0.98294,3,-60,5.3567,923.25,3
404.25,0.47136,0.29627,-0.98294,3,-62,1.0937,925.25,3
404.5,0.37756,0.31923,-0.97154,2,-47.5,3.6478,920.25,3
404.58,0.35411,0.2733,-0.97154,3,-62.5,0.7808,925.75,3
405.25,0.56517,0.22737,-0.93733,2,-51.5,1.965,922.75,3
405.33,0.56517,0.22737,-0.93733,2,-51.5,1.9497,922.75,3
405.5,0.58862,0.2044,-0.89172,3,-58.5,0.28685,921.25,3
405.75,0.58862,0.2044,-0.89172,2,-48.5,2.8563,921.25,3
405.8,0.36583,0.28478,-0.99434,3,-58,0.65501,920.75,3
405.85,0.36583,0.28478,-0.99434,3,-58.5,0.60132,920.75,3
405.9,0.36583,0.28478,-0.99434,2,-48.5,0.076699,920.75,3
406,0.36583,0.30775,-0.99434,2,-49.5,2.4881,921.75,3
406.08,0.37756,0.30775,-0.98294,3,-59.5,6.1697,921.75,3
406.25,0.37756,0.30775,-0.98294,2,-50.5,2.1721,922.25,3
406.33,0.38928,0.28478,-0.97154,3,-59.5,5.9028,922.25,3
406.5,0.38928,0.28478,-0.97154,3,-60,5.306,923.25,3
406.58,0.38928,0.28478,-0.97154,3,-62,1.0492,925.25,3
406.75,0.43619,0.29627,-0.97154,2,-48,3.5696,920.25,3
407,0.36583,0.29627,-0.99434,3,-57.5,0.96334,920.25,3
407.08,0.36583,0.29627,-0.99434,2,-54,1.2287,924.25,3
407.5,0.51826,0.26182,-0.92593,3,-61.5,1.3284,924.75,3
407.6,0.51826,0.26182,-0.92593,2,-51.5,1.9297,922.75,3
407.75,0.35411,0.29627,-0.97154,3,-59.5,5.5898,922.75,3
408,0.58862,0.22737,-0.89172,2,-49,2.8179,921.25,3
408.08,0.35411,0.30775,-0.98294,3,-58.5,0.27305,921.25,3
408.33,0.35411,0.30775,-0.98294,3,-58.5,0.58751,920.75,3
408.35,0.35411,0.30775,-0.98294,2,-49.5,2.4636,921.75,3
408.4,0.35411,0.30775,-0.98294,2,-49.5,2.4789,921.75,3
408.5,0.37756,0.30775,-0.98294,2,-49.5,2.4666,921.75,3
408.58,0.37756,0.30775,-0.98294,2,-49.5,2.482,921.75,3
408.75,0.40101,0.30775,-0.96014,3,-59.5,5.3122,923.25,3
408.83,0.40101,0.30775,-0.96014,3,-59.5,5.3183,923.25,3
409.25,0.49481,0.28478,-0.93733,2,-47.5,3.6187,920.25,3
409.33,0.34238,0.28478,-1.0172,2,-47.5,3.6095,920.25,3
409.75,0.40101,0.30775,-0.97154,3,-60.5,1.5938,924.25,3
410,0.40101,0.30775,-0.97154,3,-61.5,1.3284,924.75,3
410.28,0.50654,0.26182,-0.92593,2,-53,1.4527,923.75,3
410.33,0.50654,0.26182,-0.92593,2,-53,1.4527,923.75,3
410.5,0.55344,0.22737,-0.92593,2,-49,2.8133,921.25,3
410.58,0.55344,0.22737,-0.92593,2,-49,2.8256,921.25,3
410.63,0.41273,0.30775,-0.97154,2,-48.5,0.036816,920.75,3
410.75,0.37756,0.30775,-0.98294,3,-58.5,0.60592,920.75,3
410.83,0.37756,0.30775,-0.98294,2,-49.5,2.4989,921.75,3
410.88,0.37756,0.30775,-0.98294,2,-49.5,2.5219,921.75,3
411,0.37756,0.29627,-0.97154,2,-50,2.5035,921.75,3
411.08,0.36583,0.29627,-0.98294,2,-50.5,2.2258,922.25,3
411.25,0.77622,0.12402,-0.8461,3,-59.5,5.3244,923.25,3
411.35,0.77622,0.12402,-0.8461,3,-60,5.3321,923.25,3
411.5,0.77622,0.12402,-0.8461,2,-47.5,3.6064,920.25,3
411.75,0.34238,0.29627,-0.99434,3,-57.5,0.97868,920.25,3
412,0.35411,0.29627,-0.97154,3,-63,0.76699,925.75,3
412.08,0.35411,0.29627,-0.97154,3,-60.5,1.6199,924.25,3
412.5,0.63552,0.21588,-0.88031,2,-53,1.4557,923.75,3
412.75,0.63552,0.21588,-0.88031,3,-60,5.0361,923.75,3
412.83,0.40101,0.30775,-0.97154,2,-49,2.8379,921.25,3
413,0.40101,0.30775,-0.97154,2,-49,2.8501,921.25,3
413.08,0.68242,0.16995,-0.85751,2,-48.5,3.2168,920.75,3
413.13,0.34238,0.29627,-0.98294,2,-48.5,3.1968,920.75,3
413.18,0.34238,0.29627,-0.98294,2,-48.5,0.076699,920.75,3
413.25,0.34238,0.29627,-0.98294,2,-50,2.5035,921.75,3
413.5,0.56517,0.21588,-0.93733,3,-59.5,5.8997,922.25,3
413.75,0.56517,0.21588,-0.93733,2,-52,1.7089,923.25,3
413.83,0.40101,0.29627,-0.98294,2,-52.5,1.6858,923.25,3
414,0.40101,0.29627,-0.98294,3,-62,1.1014,925.25,3
414.05,0.40101,0.29627,-0.98294,3,-58,0.98942,920.25,3
414.25,0.36583,0.29627,-0.98294,3,-63,0.7992,925.75,3
414.5,0.36583,0.29627,-0.98294,3,-60.5,1.6475,924.25,3
414.58,0.36583,0.29627,-0.98294,3,-60.5,1.6306,924.25,3
415.25,0.70587,0.15847,-0.88031,2,-51,6.0055,921.25,3
415.33,0.70587,0.15847,-0.88031,2,-51,5.9979,921.25,3
415.38,0.70587,0.15847,-0.88031,2,-51,2.8041,921.25,3
415.5,0.35411,0.31923,-1.0057,3,-59.5,0.49087,921.25,3
415.58,0.35411,0.31923,-1.0057,2,-50,6.2648,920.75,3
415.75,0.37756,0.28478,-0.97154,3,-60,6.2387,921.75,3
415.83,0.37756,0.28478,-0.97154,3,-60,6.1681,921.75,3
416.25,0.58862,0.19292,-0.91452,2,-53,1.6613,923.25,3
416.35,0.58862,0.19292,-0.91452,3,-60,5.3858,923.25,3
416.5,0.58862,0.19292,-0.91452,2,-48.5,3.5005,920.25,3
416.58,0.38928,0.26182,-1.0286,3,-58.5,0.91579,920.25,3
416.63,0.38928,0.26182,-1.0286,2,-48.5,3.5251,920.25,3
416.75,0.33066,0.30775,-1.0057,3,-63.5,0.7808,925.75,3
417.25,0.43619,0.29627,-0.94873,3,-61.5,1.3269,924.75,3
417.35,0.43619,0.29627,-0.94873,2,-51.5,1.9313,922.75,3
417.5,0.48309,0.2733,-0.91452,3,-60.5,5.0115,923.75,3
417.75,0.48309,0.2733,-0.91452,2,-49.5,2.8026,921.25,3
417.83,0.48309,0.2733,-0.91452,2,-49,2.8225,921.25,3
417.85,0.44791,0.30775,-0.96014,2,-49.5,2.8057,921.25,3
418,0.38928,0.30775,-0.98294,2,-48.5,0.056757,920.75,3
418.08,0.36583,0.28478,-0.99434,2,-48.5,3.1907,920.75,3
418.13,0.36583,0.28478,-0.99434,2,-49.5,2.5203,921.75,3
418.5,0.54171,0.23885,-0.90312,2,-50,2.2289,922.25,3
418.58,0.34238,0.29627,-0.99434,3,-59.5,5.3567,923.25,3
418.63,0.34238,0.29627,-0.99434,3,-60,5.3551,923.25,3
419,0.37756,0.28478,-0.97154,2,-48,3.5941,920.25,3
419.08,0.34238,0.29627,-0.99434,3,-57.5,1.0339,920.25,3
419.25,0.34238,0.29627,-0.99434,3,-63,0.84676,925.75,3
419.5,0.38928,0.29627,-0.98294,3,-61.5,1.379,924.75,3
419.75,0.75277,0.14698,-0.8347,3,-60,5.6205,922.75,3
420,0.75277,0.14698,-0.8347,3,-60.5,5.0468,923.75,3
420.25,0.75277,0.14698,-0.8347,2,-49,2.8026,921.25,3
420.33,0.35411,0.33072,-0.99434,2,-48.5,0.026078,920.75,3
420.5,0.35411,0.28478,-1.0057,2,-48.5,0.016874,920.75,3
420.58,0.35411,0.28478,-1.0057,2,-48.5,0.03835,920.75,3
420.63,0.40101,0.29627,-0.97154,2,-50,2.4743,921.75,3
420.75,0.54171,0.25033,-0.92593,3,-58.5,6.2418,921.75,3
420.83,0.54171,0.25033,-0.92593,3,-59.5,5.9212,922.25,3
420.85,0.54171,0.25033,-0.92593,2,-50.5,2.1706,922.25,3
421,0.34238,0.29627,-0.99434,3,-59.5,5.3244,923.25,3
421.08,0.34238,0.29627,-0.99434,3,-60,5.329,923.25,3
421.25,0.34238,0.29627,-0.99434,3,-62.5,1.0769,925.25,3
421.33,0.34238,0.29627,-0.99434,2,-48.5,3.4545,920.25,3
421.5,0.30721,0.30775,-0.96014,3,-58,0.96641,920.25,3
422,0.42446,0.23885,-0.8347,3,-62,1.3392,924.75,3
422.25,0.51826,0.21588,-0.94873,3,-60,5.5668,922.75,3
422.5,0.51826,0.21588,-0.94873,3,-61,4.9563,923.75,3
422.58,0.51826,0.21588,-0.94873,3,-59,0.21169,921.25,3
422.75,0.51826,0.21588,-0.94873,2,-50.5,2.6707,921.25,3
422.83,0.42446,0.30775,-0.97154,2,-49.5,3.0005,920.75,3
422.88,0.42446,0.30775,-0.97154,2,-49.5,3.0127,920.75,3
423,0.38928,0.28478,-0.97154,2,-50.5,2.3439,921.75,3
423.08,0.36583,0.30775,-0.98294,2,-50.5,2.3501,921.75,3
423.25,0.37756,0.28478,-1.0286,2,-51.5,2.1046,922.25,3
423.5,0.48309,0.2733,-0.96014,2,-53,1.6015,923.25,3
423.58,0.48309,0.2733,-0.96014,2,-52.5,1.6107,923.25,3
423.75,0.36583,0.29627,-0.96014,3,-62.5,1.0324,925.25,3
423.85,0.36583,0.29627,-0.96014,2,-48,3.4607,920.25,3
423.88,0.31893,0.29627,-0.99434,2,-48,3.4622,920.25,3
424,0.34238,0.29627,-0.99434,3,-63,0.76085,925.75,3
424.6,0.72932,0.15847,-0.85751,2,-52,1.8577,922.75,3
424.75,0.36583,0.29627,-0.98294,2,-53.5,1.4159,923.75,3
425,0.36583,0.28478,-0.97154,2,-49,2.729,921.25,3
425.08,0.36583,0.28478,-0.97154,2,-49,2.7458,921.25,3
425.25,0.49481,0.26182,-0.96014,2,-48.5,6.2387,920.75,3
425.33,0.34238,0.28478,-0.99434,2,-48.5,6.2387,920.75,3
425.5,0.34238,0.28478,-0.99434,3,-59.5,6.1574,921.75,3
425.6,0.34238,0.28478,-0.99434,2,-50,2.413,921.75,3
425.63,0.38928,0.2733,-0.99434,2,-50.5,2.1414,922.25,3
425.75,0.72932,0.15847,-0.88031,2,-51,2.1276,922.25,3
425.83,0.72932,0.15847,-0.88031,2,-52.5,1.6322,923.25,3
425.88,0.72932,0.15847,-0.88031,2,-52.5,1.6598,923.25,3
426.25,0.47136,0.28478,-0.97154,2,-48,3.4453,920.25,3
426.33,0.35411,0.25033,-0.99434,3,-57.5,0.81915,920.25,3
426.5,0.35411,0.25033,-0.99434,3,-63,0.67495,925.75,3
427,0.61207,0.21588,-0.92593,2,-51.5,1.8883,922.75,3
427.08,0.61207,0.21588,-0.92593,3,-60,5.507,922.75,3
427.25,0.38928,0.28478,-0.98294,3,-60.5,4.9824,923.75,3
427.5,0.48309,0.26182,-0.96014,2,-48.5,6.251,920.75,3
427.75,0.48309,0.26182,-0.96014,2,-48.5,6.2817,920.75,3
427.83,0.37756,0.2733,-0.98294,2,-49,6.2387,920.75,3
428,0.38928,0.2733,-0.99434,2,-50.5,2.3853,921.75,3
428.08,0.35411,0.25033,-0.94873,3,-60,5.8644,922.25,3
428.25,0.35411,0.25033,-0.94873,3,-60,5.3045,923.25,3
428.5,0.36583,0.26182,-0.98294,2,-48,3.5358,920.25,3
428.75,0.36583,0.26182,-0.98294,2,-48,3.5512,920.25,3
428.83,0.36583,0.2733,-0.98294,3,-57.5,0.95107,920.25,3
428.88,0.36583,0.2733,-0.98294,3,-58,0.90505,920.25,3
429.25,0.44791,0.30775,-0.94873,2,-54.5,1.0615,924.75,3
429.33,0.44791,0.30775,-0.94873,3,-61.5,1.3116,924.75,3
429.75,0.34238,0.2733,-0.99434,2,-53.5,1.4619,923.75,3
429.83,0.34238,0.2733,-0.99434,2,-49.5,2.7949,921.25,3
430,0.34238,0.28478,-1.0057,2,-49.5,2.7826,921.25,3
430.08,0.34238,0.28478,-1.0057,2,-49.5,2.7903,921.25,3
430.13,0.34238,0.28478,-1.0057,2,-49.5,2.8072,921.25,3
430.15,0.34238,0.2733,-1.0057,2,-48.5,0.02301,920.75,3
430.25,0.37756,0.28478,-0.99434,2,-48.5,0.021476,920.75,3
430.33,0.36583,0.28478,-0.99434,3,-58.5,0.59212,920.75,3
430.38,0.36583,0.28478,-0.99434,2,-50,2.4559,921.75,3
430.43,0.36583,0.28478,-0.99434,2,-49.5,2.4758,921.75,3
430.5,0.36583,0.28478,-0.98294,2,-51,2.1568,922.25,3
430.75,0.65897,0.14698,-0.86891,2,-52.5,1.6736,923.25,3
430.85,0.65897,0.14698,-0.86891,3,-60,5.2922,923.25,3
431,0.62379,0.18143,-0.89172,2,-48,0.40497,920.25,3
431.08,0.37756,0.28478,-0.99434,2,-48,3.5389,920.25,3
431.25,0.36583,0.26182,-0.99434,3,-57.5,0.94033,920.25,3
431.75,0.45964,0.26182,-0.96014,3,-61.5,1.3269,924.75,3
432,0.45964,0.26182,-0.96014,2,-52,1.8991,922.75,3
432.08,0.42446,0.26182,-0.99434,3,-59.5,5.5791,922.75,3
432.25,0.57689,0.19292,-0.91452,2,-50,2.7259,921.25,3
432.33,0.57689,0.19292,-0.91452,2,-50,2.7412,921.25,3
432.5,0.57689,0.19292,-0.91452,2,-50,2.7243,921.25,3
432.58,0.36583,0.26182,-0.99434,2,-49,6.2111,920.75,3
432.63,0.36583,0.26182,-0.99434,3,-58.5,0.54303,920.75,3
432.75,0.36583,0.26182,-0.99434,3,-59.5,6.1221,921.75,3
433,0.48309,0.2733,-0.97154,2,-51,2.1522,922.25,3
433.25,0.38928,0.25033,-0.94873,2,-52.5,1.6858,923.25,3
433.33,0.38928,0.25033,-0.94873,3,-60,5.3337,923.25,3
433.38,0.38928,0.25033,-0.94873,3,-62.5,1.0677,925.25,3
434,0.78795,0.12402,-0.8461,2,-53.5,1.3116,924.25,3
434.08,0.48309,0.23885,-0.93733,3,-61.5,1.4327,924.75,3
434.25,0.48309,0.23885,-0.93733,2,-52,1.919,922.75,3
434.5,0.48309,0.2733,-0.98294,3,-59.5,5.7171,922.75,3
434.75,0.48309,0.2733,-0.98294,3,-61,5.033,923.75,3
434.83,0.30721,0.26182,-0.94873,3,-59.5,0.28839,921.25,3
435,0.30721,0.26182,-0.94873,2,-49,6.208,920.75,3
435.08,0.33066,0.23885,-0.96014,2,-49,6.205,920.75,3
435.13,0.33066,0.23885,-0.96014,2,-48.5,6.2157,920.75,3
435.25,0.9521,0.14698,-0.94873,2,-50,2.4835,921.75,3
435.33,0.64724,0.15847,-0.88031,2,-50.5,2.1752,922.25,3
435.5,0.65897,0.18143,-0.86891,2,-52.5,1.7135,923.25,3
435.58,0.65897,0.18143,-0.86891,2,-52.5,1.7012,923.25,3
435.75,0.50654,0.26182,-0.93733,3,-62.5,1.2395,925.25,3
436,0.50654,0.26182,-0.93733,3,-57.5,4.2046,920.25,3
436.08,0.50654,0.26182,-0.93733,2,-48,0.28532,920.25,3
436.25,0.37756,0.2733,-0.94873,3,-63.5,0.79153,925.75,3
436.5,0.37756,0.2733,-0.94873,3,-61,1.6322,924.25,3
436.75,0.51826,0.18143,-0.91452,2,-53,1.8224,922.75,3
436.85,0.51826,0.18143,-0.91452,3,-60,5.5745,922.75,3
437,0.49481,0.23885,-0.93733,3,-61,4.9548,923.75,3
437.25,0.49481,0.23885,-0.93733,2,-50,2.7059,921.25,3
437.33,0.49481,0.23885,-0.93733,2,-50,5.8598,921.25,3
437.38,0.8583,0.12402,-0.80049,2,-49.5,6.119,920.75,3
437.5,0.8583,0.12402,-0.80049,2,-49.5,2.9974,920.75,3
437.6,0.34238,0.2733,-0.91452,2,-50.5,2.3715,921.75,3
437.75,0.78795,0.10105,-0.85751,3,-59.5,6.1697,921.75,3
437.83,0.78795,0.10105,-0.85751,3,-60,5.8659,922.25,3
438,0.78795,0.10105,-0.85751,3,-59.5,5.8583,922.25,3
438.25,0.78795,0.10105,-0.85751,3,-63,1.0677,925.25,3
438.5,0.33066,0.29627,-0.97154,2,-48.5,0.29146,920.25,3
439.25,0.61207,0.18143,-0.90312,3,-60,5.5929,922.75,3
439.5,0.64724,0.14698,-0.89172,2,-50,2.663,921.25,3
439.75,0.64724,0.14698,-0.89172,2,-50,2.6783,921.25,3
439.83,0.64724,0.14698,-0.89172,2,-50.5,2.6323,921.25,3
439.88,0.24858,0.2733,-0.85751,3,-59.5,0.52309,920.75,3
440,0.24858,0.2733,-0.85751,2,-52,2.3317,921.75,3
440.25,0.42446,0.2733,-1.0057,3,-60,5.8951,922.25,3
440.33,0.42446,0.2733,-1.0057,3,-60.5,5.8813,922.25,3
440.75,0.67069,0.1355,-0.89172,3,-63.5,1.1075,925.25,3
440.83,0.67069,0.1355,-0.89172,2,-49,0.22703,920.25,3
441,0.67069,0.1355,-0.89172,2,-49,0.23163,920.25,3
441.1,0.42446,0.2044,-0.98294,3,-65,0.77619,925.75,3
441.25,0.42446,0.2044,-0.98294,3,-63.5,1.7702,924.25,3
441.5,0.42446,0.2044,-0.98294,2,-52.5,1.8899,922.75,3
441.75,0.33066,0.26182,-0.99434,3,-60,5.5438,922.75,3
441.83,0.33066,0.26182,-0.99434,3,-62,4.8428,923.75,3
442,0.33066,0.26182,-0.99434,3,-60,6.1957,921.25,3
442.25,0.33066,0.26182,-0.99434,3,-60.5,6.1957,921.25,3
442.33,0.43619,0.30775,-0.98294,3,-59,0.31753,920.75,3
442.5,0.43619,0.30775,-0.98294,3,-61,5.9166,921.75,3
442.75,0.43619,0.30775,-0.98294,3,-61,5.6589,922.25,3
442.83,0.43619,0.30775,-0.98294,3,-60.5,5.7417,922.25,3
443.25,0.44791,0.26182,-0.94873,2,-50,6.2571,920.25,3
443.33,0.44791,0.26182,-0.94873,2,-50,6.2387,920.25,3
444,0.68242,0.078086,-0.89172,3,-62.5,1.1934,924.75,3
444.25,0.68242,0.078086,-0.89172,2,-52.5,1.7748,922.75,3
444.33,0.68242,0.078086,-0.89172,3,-60.5,5.464,922.75,3
444.5,0.37756,0.2044,-1.0286,2,-50.5,5.7095,921.25,3
444.58,0.47136,0.16995,-0.98294,2,-51,2.5111,921.25,3
444.75,0.38928,0.25033,-1.04,2,-51,2.7857,920.75,3
445,0.55344,0.25033,-1.0057,3,-61,5.9288,921.75,3
445.1,0.55344,0.25033,-1.0057,2,-52.5,2.0249,922.25,3
445.25,0.64724,0.15847,-0.93733,3,-60,5.8429,922.25,3
445.5,0.64724,0.15847,-0.93733,3,-60.5,5.2631,923.25,3
445.75,0.49481,0.23885,-0.94873,3,-58.5,0.90045,920.25,3
445.83,0.49481,0.23885,-0.94873,2,-48.5,0.2439,920.25,3
446,0.31893,0.26182,-1.0286,3,-61.5,1.5555,924.25,3
446.25,0.31893,0.26182,-1.0286,3,-61.5,1.5463,924.25,3
446.5,0.31893,0.26182,-1.0286,2,-52.5,1.8208,922.75,3
446.58,0.36583,0.25033,-1.0057,3,-60,5.5392,922.75,3
447,0.56517,0.2044,-0.91452,2,-50,2.6645,921.25,3
447.08,0.56517,0.2044,-0.91452,2,-50,2.6737,921.25,3
447.13,0.49481,0.22737,-0.93733,3,-58.5,0.5553,920.75,3
447.25,0.49481,0.22737,-0.93733,3,-59,0.52462,920.75,3
447.33,0.49481,0.22737,-0.93733,2,-50.5,2.3654,921.75,3
447.5,0.35411,0.26182,-0.99434,2,-50.5,2.3501,921.75,3
447.75,0.47136,0.22737,-0.98294,3,-60,5.8337,922.25,3
447.83,0.47136,0.22737,-0.98294,3,-60.5,5.2508,923.25,3
448.25,0.36583,0.25033,-0.99434,2,-48.5,0.25924,920.25,3
448.33,0.36583,0.25033,-0.99434,2,-48.5,0.26078,920.25,3
448.5,0.56517,0.16995,-0.93733,3,-61.5,4.7139,924.25,3
449,0.48309,0.23885,-0.96014,3,-60,5.5653,922.75,3
449.08,0.48309,0.23885,-0.96014,2,-52.5,1.8362,922.75,3
449.13,0.48309,0.23885,-0.96014,3,-61,1.8193,923.75,3
449.5,0.60034,0.18143,-0.90312,2,-50,2.6599,921.25,3
449.58,0.60034,0.18143,-0.90312,2,-50,2.686,921.25,3
449.63,0.34238,0.26182,-1.0057,3,-59,0.52002,920.75,3
449.75,0.34238,0.26182,-1.0057,2,-49.5,6.1451,920.75,3
449.83,0.34238,0.26182,-1.0057,2,-49,6.162,920.75,3
449.88,0.36583,0.25033,-0.99434,3,-59.5,6.1528,921.75,3
450,0.36583,0.25033,-0.99434,3,-60,5.8491,922.25,3
450.05,0.36583,0.25033,-0.99434,3,-59.5,5.8613,922.25,3
450.25,0.36583,0.25033,-0.99434,3,-60.5,2.1292,923.25,3
450.5,0.62379,0.14698,-0.89172,2,-48.5,3.4039,920.25,3
450.58,0.62379,0.14698,-0.89172,2,-48.5,3.4162,920.25,3
450.75,0.44791,0.23885,-0.97154,2,-48.5,3.4024,920.25,3
450.83,0.44791,0.23885,-0.97154,3,-63.5,0.73324,925.75,3
451.25,0.42446,0.25033,-0.98294,3,-62.5,1.2579,924.75,3
451.5,0.42446,0.25033,-0.98294,3,-60.5,5.5162,922.75,3
451.58,0.42446,0.25033,-0.98294,3,-61.5,4.9701,923.75,3
452,0.33066,0.25033,-0.99434,2,-50,2.643,921.25,3
452.1,0.33066,0.25033,-0.99434,2,-49.5,6.1375,920.75,3
452.15,0.52999,0.19292,-0.94873,3,-59,0.50315,920.75,3
452.25,0.52999,0.19292,-0.94873,2,-51,2.327,921.75,3
452.33,0.52999,0.19292,-0.93733,2,-51.5,2.327,921.75,3
452.5,0.44791,0.23885,-0.97154,2,-52,2.0831,922.25,3
452.58,0.44791,0.23885,-0.97154,3,-60,5.8322,922.25,3
453,0.35411,0.22737,-0.99434,2,-48.5,3.4146,920.25,3
453.08,0.34238,0.23885,-1.0172,3,-58.5,0.89584,920.25,3
453.13,0.34238,0.23885,-1.0172,2,-48.5,3.4315,920.25,3
453.25,0.33066,0.23885,-1.0286,3,-63.5,0.74091,925.75,3
453.5,0.33066,0.23885,-1.0286,3,-61,1.5662,924.25,3
453.75,0.33066,0.23885,-1.0286,3,-62,1.2855,924.75,3
454,0.36583,0.25033,-0.99434,2,-52,1.8408,922.75,3
454.08,0.36583,0.25033,-0.99434,3,-60.5,1.8423,923.75,3
454.25,0.7176,0.11254,-0.86891,3,-58.5,0.2347,921.25,3
454.33,0.7176,0.11254,-0.86891,2,-49.5,2.6937,921.25,3
454.38,0.7176,0.11254,-0.86891,2,-49.5,2.7013,921.25,3
454.5,0.35411,0.23885,-0.99434,2,-49,6.1758,920.75,3
454.6,0.35411,0.23885,-0.99434,2,-49,6.1881,920.75,3
454.65,0.67069,0.14698,-0.88031,3,-59.5,6.1482,921.75,3
454.75,0.67069,0.14698,-0.88031,3,-59.5,6.1467,921.75,3
454.83,0.67069,0.14698,-0.88031,3,-60,5.8291,922.25,3
455,0.67069,0.14698,-0.88031,3,-60,5.8261,922.25,3
455.5,0.41273,0.25033,-0.96014,2,-48,0.30219,920.25,3
455.58,0.35411,0.23885,-1.0172,2,-48,3.4453,920.25,3
455.75,0.34238,0.25033,-1.0172,3,-63.5,0.71023,925.75,3
456,0.34238,0.25033,-1.0172,2,-55,1.0293,924.75,3
456.25,0.37756,0.23885,-0.99434,2,-52,1.8362,922.75,3
456.33,0.37756,0.23885,-0.99434,2,-52,1.8208,922.75,3
456.5,0.36583,0.23885,-1.0057,3,-60.5,1.83,923.75,3
456.58,0.36583,0.23885,-1.0057,3,-61,4.9701,923.75,3
456.75,0.36583,0.23885,-1.0057,2,-49.5,5.8061,921.25,3
456.83,0.34238,0.23885,-0.99434,3,-59,0.20402,921.25,3
456.85,0.34238,0.23885,-0.99434,2,-49,6.185,920.75,3
457,0.36583,0.25033,-0.99434,2,-49,6.1804,920.75,3
457.08,0.36583,0.25033,-0.99434,2,-49,3.0511,920.75,3
457.13,0.67069,0.11254,-0.88031,2,-50,2.3792,921.75,3
457.18,0.67069,0.11254,-0.88031,2,-50,2.3945,921.75,3
457.25,0.67069,0.11254,-0.88031,2,-50.5,2.3746,921.75,3
457.33,0.34238,0.23885,-1.0057,2,-51,2.0893,922.25,3
457.5,0.65897,0.10105,-0.89172,2,-53,1.6122,923.25,3
457.58,0.65897,0.10105,-0.89172,3,-60,5.2554,923.25,3
457.63,0.65897,0.10105,-0.89172,2,-53,1.6091,923.25,3
457.75,0.65897,0.10105,-0.89172,3,-62.5,1.014,925.25,3
458,0.40101,0.23885,-0.98294,2,-48,3.4576,920.25,3
458.08,0.35411,0.23885,-1.0172,3,-58.5,0.89584,920.25,3
458.5,0.75277,0.089569,-0.8461,3,-62,1.2625,924.75,3
458.75,0.75277,0.089569,-0.8461,2,-52,1.8254,922.75,3
458.83,0.75277,0.089569,-0.8461,3,-60,5.4917,922.75,3
459.08,0.42446,0.25033,-0.97154,2,-49.5,2.6952,921.25,3
459.25,0.40101,0.23885,-0.99434,2,-49.5,2.6829,921.25,3
459.35,0.40101,0.23885,-0.99434,2,-48.5,6.2126,920.75,3
459.38,0.40101,0.23885,-0.97154,2,-49,6.1896,920.75,3
459.43,0.40101,0.23885,-0.97154,2,-49,6.185,920.75,3
459.5,0.40101,0.26182,-0.96014,3,-60,6.1605,921.75,3
459.75,0.40101,0.26182,-0.96014,2,-51.5,2.0555,922.25,3
459.83,0.40101,0.26182,-0.97154,3,-60,5.869,922.25,3
460,0.41273,0.2733,-0.96014,3,-63,0.94033,925.25,3
460.25,0.41273,0.2733,-0.96014,2,-49,3.3073,920.25,3
460.33,0.34238,0.28478,-0.98294,3,-58.5,0.88664,920.25,3
460.5,0.34238,0.28478,-0.98294,3,-64,0.6274,925.75,3
460.75,0.34238,0.28478,-0.98294,3,-61.5,1.4956,924.25,3
461.5,0.45964,0.23885,-0.92593,2,-50,2.6553,921.25,3
461.58,0.45964,0.23885,-0.92593,2,-49.5,2.663,921.25,3
461.63,0.45964,0.23885,-0.92593,2,-50,2.643,921.25,3
461.65,0.37756,0.2733,-0.99434,3,-59,0.158,921.25,3
461.75,0.37756,0.2733,-0.99434,2,-49,2.9744,920.75,3
461.83,0.35411,0.26182,-1.0057,2,-49.5,6.1098,920.75,3
461.88,0.35411,0.26182,-1.0057,2,-49,6.1221,920.75,3
462,0.52999,0.25033,-0.94873,2,-50.5,2.3224,921.75,3
462.25,0.52999,0.23885,-0.92593,2,-51.5,2.0279,922.25,3
462.35,0.52999,0.23885,-0.92593,2,-51.5,2.0709,922.25,3
462.4,0.40101,0.28478,-1.0172,3,-60.5,5.2355,923.25,3
462.5,0.40101,0.28478,-1.0172,3,-60,5.2401,923.25,3
462.75,0.40101,0.28478,-1.0172,2,-49,3.3257,920.25,3
462.83,0.40101,0.28478,-1.0172,2,-49,0.19635,920.25,3
462.88,0.42446,0.2733,-0.99434,2,-49,0.19482,920.25,3
463,0.35411,0.23885,-0.97154,3,-63.5,0.69336,925.75,3
463.25,0.35411,0.23885,-0.97154,3,-62,1.4956,924.25,3
463.5,0.35411,0.23885,-0.97154,3,-62,1.2548,924.75,3
463.58,0.35411,0.23885,-0.97154,2,-52.5,1.7932,922.75,3
463.75,0.36583,0.28478,-0.98294,3,-60.5,1.784,923.75,3
463.83,0.36583,0.28478,-0.98294,3,-61,1.7533,923.75,3
464,0.36583,0.28478,-0.98294,2,-50,2.6354,921.25,3
464.08,0.36583,0.28478,-0.99434,3,-59,0.46786,920.75,3
464.25,0.36583,0.28478,-0.99434,2,-49.5,2.959,920.75,3
464.33,0.35411,0.28478,-0.99434,3,-59,0.53536,920.75,3
464.5,0.35411,0.28478,-0.99434,2,-50.5,2.2887,921.75,3
464.58,0.38928,0.26182,-0.98294,3,-60,5.8567,922.25,3
464.75,0.38928,0.26182,-0.98294,2,-51.5,1.9972,922.25,3
464.83,0.45964,0.29627,-0.98294,3,-60.5,5.2263,923.25,3
465,0.45964,0.29627,-0.98294,3,-63,0.96487,925.25,3
465.25,0.48309,0.2733,-0.97154,3,-58.5,0.83449,920.25,3
465.5,0.48309,0.2733,-0.97154,3,-61.5,1.4956,924.25,3
466,0.54171,0.19292,-0.90312,2,-52.5,1.8132,922.75,3
466.08,0.54171,0.19292,-0.90312,3,-60,5.5055,922.75,3
466.5,0.42446,0.2733,-0.99434,2,-50,5.7938,921.25,3
466.58,0.31893,0.25033,-1.0172,2,-49,6.1421,920.75,3
466.75,0.33066,0.25033,-1.0172,2,-49,2.9974,920.75,3
466.83,0.36583,0.25033,-0.99434,3,-59.5,6.1727,921.75,3
467,0.36583,0.25033,-0.99434,2,-51,2.077,922.25,3
467.08,0.36583,0.25033,-0.99434,2,-51,2.0463,922.25,3
467.25,0.36583,0.25033,-0.99434,3,-60,5.2002,923.25,3
467.5,0.33066,0.26182,-0.99434,2,-48.5,0.18561,920.25,3
467.75,0.33066,0.26182,-0.99434,2,-48.5,0.20402,920.25,3
467.83,0.40101,0.25033,-0.99434,2,-48.5,3.3303,920.25,3
467.88,0.40101,0.25033,-0.99434,3,-63.5,0.71023,925.75,3
468.25,0.48309,0.25033,-0.97154,3,-62,1.3008,924.75,3
468.5,0.48309,0.25033,-0.97154,3,-60,5.5009,922.75,3
468.75,0.62379,0.14698,-0.89172,2,-50,2.6584,921.25,3
469,0.62379,0.14698,-0.89172,2,-50,2.686,921.25,3
469.1,0.62379,0.14698,-0.89172,2,-50,2.6584,921.25,3
469.13,0.35411,0.23885,-0.99434,3,-58.5,0.54303,920.75,3
469.18,0.35411,0.23885,-0.99434,2,-49,6.1528,920.75,3
469.25,0.38928,0.25033,-0.99434,2,-50.5,2.3378,921.75,3
469.3,0.42446,0.25033,-0.98294,3,-59.5,6.1773,921.75,3
469.5,0.42446,0.25033,-0.98294,3,-60,5.8567,922.25,3
469.58,0.42446,0.25033,-0.98294,3,-60,5.8491,922.25,3
469.63,0.42446,0.25033,-0.98294,3,-60,5.2508,923.25,3
470.5,0.44791,0.26182,-0.97154,3,-62,1.218,924.75,3
470.75,0.44791,0.26182,-0.97154,3,-60,5.4963,922.75,3
471,0.44791,0.26182,-0.97154,3,-60,5.5515,922.75,3
471.25,0.65897,0.10105,-0.89172,2,-49.5,2.6937,921.25,3
471.33,0.38928,0.22737,-0.99434,3,-59,0.18408,921.25,3
471.5,0.38928,0.22737,-0.99434,2,-48.5,6.2111,920.75,3
471.58,0.34238,0.23885,-1.0057,2,-48.5,3.0557,920.75,3
471.6,0.35411,0.23885,-0.99434,2,-50,2.3777,921.75,3
471.75,0.35411,0.23885,-0.99434,2,-50,2.3899,921.75,3
471.83,0.35411,0.23885,-0.99434,2,-50,2.3777,921.75,3
471.88,0.33066,0.22737,-0.99434,2,-50,2.37,921.75,3
472.1,0.41273,0.25033,-0.98294,2,-53.5,1.58,923.25,3
472.25,0.41273,0.25033,-0.98294,2,-53.5,1.6076,923.25,3
472.5,0.36583,0.26182,-1.0057,3,-58.5,0.87437,920.25,3
472.75,0.35411,0.23885,-1.0057,3,-63.5,0.73631,925.75,3
473.25,0.38928,0.22737,-0.99434,3,-60,5.5469,922.75,3
473.5,0.38928,0.22737,-0.99434,3,-61,4.964,923.75,3
473.75,0.37756,0.23885,-1.0057,2,-50,2.6477,921.25,3
474,0.52999,0.19292,-0.94873,2,-49.5,6.1375,920.75,3
474.25,0.49481,0.14698,-0.99434,2,-52,2.3224,921.75,3
474.5,0.63552,0.089569,-0.91452,2,-53.5,2.008,922.25,3
474.75,0.57689,0.11254,-0.91452,3,-65,3.9945,925.25,3
475,0.57689,0.11254,-0.91452,3,-59.5,0.60132,920.25,3
475.08,0.57689,0.11254,-0.91452,3,-60,0.50315,920.25,3
475.75,0.34238,0.23885,-0.99434,2,-52,1.853,922.75,3
475.83,0.34238,0.23885,-0.99434,2,-52.5,1.8454,922.75,3
476,0.38928,0.25033,-0.99434,3,-61,4.9946,923.75,3
476.25,0.49481,0.22737,-0.96014,3,-59.5,0.20709,921.25,3
476.33,0.49481,0.22737,-0.96014,2,-49,3.0388,920.75,3
476.5,0.36583,0.23885,-1.0172,2,-49,3.0664,920.75,3
476.58,0.36583,0.28478,-0.99434,2,-50.5,2.4053,921.75,3
476.75,0.58862,0.2044,-0.94873,2,-51,2.143,922.25,3
477,0.52999,0.2044,-0.93733,2,-52.5,1.6199,923.25,3
477.08,0.52999,0.2044,-0.93733,3,-59.5,5.3444,923.25,3
477.13,0.52999,0.2044,-0.93733,3,-59.5,5.3106,923.25,3
477.25,0.77622,0.11254,-0.8461,2,-48,3.4699,920.25,3
477.5,0.37756,0.26182,-0.99434,3,-63,0.74858,925.75,3
478.25,0.45964,0.25033,-0.97154,2,-52,1.8055,922.75,3
478.5,0.54171,0.2044,-0.92593,2,-49.5,2.6891,921.25,3
478.58,0.37756,0.26182,-0.98294,3,-59,0.25311,921.25,3
478.75,0.37756,0.26182,-0.98294,2,-49.5,2.6891,921.25,3
478.83,0.37756,0.26182,-0.98294,2,-49.5,2.7029,921.25,3
478.9,0.36583,0.26182,-0.98294,2,-49,3.0403,920.75,3
479,0.36583,0.26182,-0.99434,2,-50,2.37,921.75,3
479.25,0.55344,0.2044,-0.92593,2,-51.5,2.0647,922.25,3
479.33,0.43619,0.26182,-0.97154,2,-53,1.5815,923.25,3
479.5,0.43619,0.26182,-0.97154,3,-60,5.2738,923.25,3
479.58,0.43619,0.26182,-0.97154,3,-62.5,1.0293,925.25,3
479.75,0.43619,0.26182,-0.97154,2,-48.5,3.4146,920.25,3
479.83,0.36583,0.26182,-1.0057,2,-48,0.28532,920.25,3
479.88,0.35411,0.25033,-0.99434,3,-58,0.92039,920.25,3
480.25,0.63552,0.14698,-0.86891,3,-61,1.5739,924.25,3
480.5,0.63552,0.14698,-0.86891,3,-61.5,1.2993,924.75,3
480.58,0.63552,0.14698,-0.86891,3,-60,5.5239,922.75,3
480.75,0.63552,0.14698,-0.86891,3,-60.5,1.8577,923.75,3
481,0.63552,0.14698,-0.86891,3,-60.5,4.9778,923.75,3
481.25,0.58862,0.15847,-0.90312,2,-48.5,3.0127,920.75,3
481.33,0.58862,0.15847,-0.90312,2,-48.5,6.1727,920.75,3
481.38,0.44791,0.26182,-0.97154,2,-48.5,6.1528,920.75,3
481.4,0.44791,0.26182,-0.97154,2,-48.5,6.1758,920.75,3
481.5,0.78795,0.078086,-0.85751,2,-50.5,2.324,921.75,3
481.58,0.64724,0.1355,-0.91452,3,-60,5.7831,922.25,3
481.75,0.64724,0.1355,-0.91452,3,-59.5,5.8445,922.25,3
481.83,0.64724,0.1355,-0.91452,3,-60.5,2.0939,923.25,3
482,0.64724,0.1355,-0.91452,3,-63,0.98328,925.25,3
482.25,0.47136,0.2733,-0.96014,3,-58,0.88204,920.25,3
482.5,0.47136,0.2733,-0.96014,3,-61,1.5616,924.25,3
483,0.55344,0.21588,-0.92593,2,-52.5,1.8285,922.75,3
483.08,0.55344,0.21588,-0.92593,3,-60,5.5131,922.75,3
483.13,0.55344,0.21588,-0.92593,3,-60,5.4963,922.75,3
483.5,0.41273,0.28478,-0.97154,2,-50,5.8092,921.25,3
483.58,0.41273,0.28478,-0.97154,2,-50,2.6783,921.25,3
483.63,0.41273,0.28478,-0.97154,2,-50,2.6737,921.25,3
483.68,0.36583,0.25033,-0.99434,2,-49.5,2.9974,920.75,3
483.7,0.36583,0.25033,-0.99434,2,-49,6.162,920.75,3
483.75,0.57689,0.16995,-0.91452,3,-58.5,0.4786,920.75,3
483.8,0.57689,0.16995,-0.91452,2,-50.5,2.3547,921.75,3
484,0.37756,0.25033,-0.99434,3,-59.5,6.139,921.75,3
484.08,0.37756,0.25033,-0.99434,3,-60,5.8337,922.25,3
484.25,0.44791,0.23885,-0.97154,3,-60.5,5.2278,923.25,3
484.5,0.44791,0.23885,-0.97154,2,-48.5,3.4223,920.25,3
484.75,0.33066,0.26182,-1.0057,3,-58,0.86517,920.25,3
484.83,0.33066,0.26182,-1.0057,3,-58,0.86517,920.25,3
485,0.33066,0.26182,-1.0057,3,-63.5,0.7179,925.75,3
485.6,0.45964,0.25033,-0.96014,2,-52,1.8208,922.75,3
485.75,0.43619,0.25033,-0.98294,3,-60.5,1.8101,923.75,3
485.85,0.43619,0.25033,-0.98294,2,-49.5,2.6814,921.25,3
486,0.36583,0.26182,-0.99434,2,-49.5,2.6783,921.25,3
486.08,0.36583,0.26182,-0.99434,2,-49.5,2.6967,921.25,3
486.25,0.61207,0.15847,-0.89172,2,-50,2.3623,921.75,3
486.35,0.42446,0.26182,-0.98294,3,-59.5,6.0868,921.75,3
486.5,0.42446,0.26182,-0.98294,3,-59.5,5.7678,922.25,3
487,0.35411,0.25033,-0.99434,3,-58,0.82221,920.25,3
487.75,0.42446,0.26182,-0.94873,2,-52.5,1.7733,922.75,3
487.85,0.42446,0.26182,-0.94873,3,-60,5.4732,922.75,3
488.25,0.37756,0.2733,-0.99434,3,-61,1.8101,923.75,3
488.5,0.37756,0.2733,-0.99434,2,-49.5,2.6277,921.25,3
488.58,0.37756,0.2733,-0.99434,2,-49.5,2.6384,921.25,3
488.6,0.35411,0.26182,-0.99434,2,-49,2.9698,920.75,3
488.65,0.35411,0.26182,-0.99434,2,-48.5,2.9897,920.75,3
488.75,0.69414,0.12402,-0.85751,2,-51.5,2.0923,922.25,3
489,0.42446,0.26182,-0.98294,2,-51.5,2.0678,922.25,3
489.25,0.56517,0.18143,-0.91452,2,-53,1.5693,923.25,3
489.33,0.56517,0.18143,-0.91452,3,-60.5,1.9972,923.25,3
489.5,0.56517,0.18143,-0.91452,2,-48.5,3.3916,920.25,3
489.63,0.35411,0.25033,-1.0172,3,-58,0.77926,920.25,3
489.75,0.35411,0.25033,-1.0172,3,-64,0.632,925.75,3
490.75,0.37756,0.21588,-1.0286,3,-59.5,0.17181,921.25,3
490.85,0.37756,0.21588,-1.0286,3,-60,0.30526,921.25,3
491,0.37756,0.21588,-1.0286,3,-59.5,3.8641,920.75,3
491.08,0.37756,0.21588,-1.0286,3,-59.5,0.69796,920.75,3
491.5,0.55344,0.2044,-0.92593,3,-61,5.8767,922.25,3
491.75,0.55344,0.2044,-0.92593,3,-62.5,2.1292,923.25,3
492,0.55344,0.2044,-0.92593,2,-50.5,0.19482,920.25,3
492.08,0.29548,0.26182,-0.97154,2,-50.5,0.095107,920.25,3
492.5,0.36583,0.28478,-1.0057,3,-61.5,1.4987,924.25,3
492.75,0.36583,0.28478,-1.0057,3,-61.5,1.2778,924.75,3
492.83,0.36583,0.28478,-1.0057,2,-52,1.8086,922.75,3
493,0.35411,0.25033,-1.0057,3,-59,0.43565,921.25,3
493.25,0.35411,0.25033,-1.0057,2,-49.5,2.7566,921.25,3
493.33,0.35411,0.25033,-1.0057,2,-49,2.775,921.25,3
493.38,0.48309,0.22737,-0.96014,3,-58.5,0.75932,920.75,3
493.5,0.48309,0.22737,-0.96014,2,-48.5,0.0061359,920.75,3
493.58,0.36583,0.23885,-1.0057,2,-50,2.413,921.75,3
493.75,0.48309,0.26182,-0.92593,2,-50.5,2.3025,921.75,3
493.83,0.48309,0.26182,-0.92593,2,-51,2.0678,922.25,3
493.88,0.48309,0.26182,-0.92593,3,-59,5.7371,922.25,3
493.9,0.48309,0.26182,-0.92593,2,-51,2.0586,922.25,3
494,0.41273,0.25033,-0.99434,2,-52,1.6536,923.25,3
494.5,0.51826,0.25033,-1.04,2,-48,3.6018,920.25,3
494.58,0.31893,0.22737,-0.94873,2,-48,3.5021,920.25,3
495,0.9052,0.066602,-0.89172,3,-63.5,1.0999,924.75,3
495.5,0.50654,0.22737,-0.93733,2,-51,2.5357,921.25,3
495.75,0.2603,0.23885,-0.98294,2,-52,2.5188,921.25,3
495.85,0.2603,0.23885,-0.98294,2,-51.5,2.5725,921.25,3
495.9,0.24858,0.21588,-1.0286,3,-59.5,0.43718,920.75,3
495.93,0.24858,0.21588,-1.0286,2,-50,6.1022,920.75,3
496,0.30721,0.23885,-1.0057,2,-51,2.3869,921.75,3
496.25,0.35411,0.23885,-1.0286,3,-60,5.9104,922.25,3
496.33,0.35411,0.23885,-1.0286,2,-51,2.0985,922.25,3
496.5,0.30721,0.25033,-0.99434,3,-60.5,5.3367,923.25,3
496.75,0.35411,0.21588,-0.98294,3,-57.5,4.2629,920.25,3
497,0.35411,0.21588,-0.98294,2,-48,3.5051,920.25,3
497.08,0.35411,0.21588,-0.98294,3,-63,0.78693,925.75,3
497.25,0.57689,0.19292,-0.92593,3,-61,1.3668,924.75,3
497.75,0.57689,0.19292,-0.92593,3,-59,5.6251,922.75,3
497.83,0.57689,0.19292,-0.92593,3,-60.5,5.441,922.75,3
498,0.54171,0.12402,-0.92593,3,-60.5,6.1758,921.25,3
498.25,0.54171,0.12402,-0.92593,3,-60,0.19175,920.75,3
498.33,0.54171,0.12402,-0.92593,3,-59.5,0.25617,920.75,3
498.5,0.54171,0.12402,-0.92593,3,-60,6.0086,921.75,3
498.58,0.54171,0.12402,-0.92593,3,-59.5,6.0331,921.75,3
498.75,0.54171,0.12402,-0.92593,3,-60,5.7356,922.25,3
499,0.63552,0.1355,-0.90312,3,-60.5,5.2201,923.25,3
499.25,0.63552,0.1355,-0.90312,3,-58,0.9388,920.25,3
499.33,0.64724,0.1355,-0.88031,3,-58.5,0.92346,920.25,3
499.5,0.64724,0.1355,-0.88031,3,-61,1.5769,924.25,3
500,0.68242,0.1355,-0.89172,3,-59.5,5.5944,922.75,3
500.08,0.68242,0.1355,-0.89172,3,-60,5.5515,922.75,3
500.5,0.56517,0.16995,-0.92593,2,-50,2.6231,921.25,3
500.75,0.34238,0.23885,-0.99434,2,-49,6.1375,920.75,3
500.83,0.34238,0.23885,-0.99434,2,-49,3.0051,920.75,3
500.88,0.34238,0.23885,-1.0172,2,-50.5,2.3623,921.75,3
501,0.63552,0.1355,-0.89172,3,-59.5,5.8077,922.25,3
501.08,0.63552,0.1355,-0.89172,2,-51,2.0709,922.25,3
501.25,0.41273,0.25033,-0.99434,2,-53,1.5693,923.25,3
501.35,0.41273,0.25033,-0.99434,2,-53,1.5662,923.25,3
501.5,0.63552,0.12402,-0.88031,2,-48,3.4423,920.25,3
501.75,0.35411,0.23885,-0.99434,2,-48,0.28992,920.25,3
501.83,0.34238,0.22737,-1.0172,3,-57.5,0.81761,920.25,3
502.5,0.42446,0.23885,-0.97154,3,-60,5.4303,922.75,3
502.75,0.67069,0.12402,-0.89172,3,-61,4.8704,923.75,3
503,0.67069,0.12402,-0.89172,2,-49,2.6661,921.25,3
503.08,0.67069,0.12402,-0.89172,2,-49,2.6753,921.25,3
503.13,0.47136,0.22737,-0.97154,3,-58.5,0.45559,920.75,3
503.25,0.47136,0.22737,-0.97154,2,-48.5,3.0311,920.75,3
503.33,0.34238,0.25033,-1.0172,2,-50,2.3501,921.75,3
503.35,0.34238,0.25033,-1.0172,2,-50,2.3746,921.75,3
503.5,0.36583,0.23885,-1.0172,2,-50,2.3332,921.75,3
503.6,0.42446,0.23885,-0.99434,3,-59.5,5.7095,922.25,3
504,0.33066,0.25033,-1.0172,2,-48.5,3.3794,920.25,3
504.75,0.70587,0.12402,-0.89172,3,-63,1.2103,924.75,3
505,0.70587,0.12402,-0.89172,2,-53,1.8132,922.75,3
505.08,0.70587,0.12402,-0.89172,3,-60,5.5499,922.75,3
505.25,0.64724,0.14698,-0.89172,3,-59,0.20555,921.25,3
505.33,0.64724,0.14698,-0.89172,2,-50,2.663,921.25,3
505.5,0.37756,0.28478,-0.98294,2,-49,6.1114,920.75,3
505.58,0.35411,0.28478,-0.99434,2,-49,2.9652,920.75,3
505.75,0.34238,0.26182,-0.99434,2,-51,2.2872,921.75,3
505.83,0.36583,0.2733,-0.99434,2,-51.5,2.0325,922.25,3
506,0.47136,0.2733,-0.96014,2,-53.5,1.5386,923.25,3
506.25,0.38928,0.2733,-0.98294,3,-62.5,0.98788,925.25,3
506.5,0.38928,0.2733,-0.98294,3,-58,0.88817,920.25,3
506.75,0.38928,0.2733,-0.98294,2,-48.5,3.2919,920.25,3
507.25,0.37756,0.2733,-0.98294,3,-61.5,1.2686,924.75,3
507.35,0.37756,0.2733,-0.98294,2,-53,1.7365,922.75,3
507.75,0.36583,0.26182,-0.99434,2,-50,2.5648,921.25,3
507.83,0.36583,0.26182,-0.99434,2,-50,2.5786,921.25,3
508,0.40101,0.2733,-0.98294,2,-49,6.0485,920.75,3
508.08,0.34238,0.2733,-0.98294,2,-49,6.0331,920.75,3
508.13,0.34238,0.2733,-0.98294,2,-49,6.0562,920.75,3
508.25,0.37756,0.2733,-0.99434,2,-51,2.2442,921.75,3
508.5,0.36583,0.25033,-1.0057,2,-51.5,1.988,922.25,3
509,0.63552,0.14698,-0.89172,2,-48.5,3.2935,920.25,3
509.08,0.63552,0.14698,-0.89172,2,-48.5,0.1626,920.25,3
509.13,0.51826,0.19292,-0.93733,3,-58,0.93573,920.25,3
510,0.51826,0.2044,-0.94873,3,-60,1.873,923.75,3
510.08,0.51826,0.2044,-0.94873,3,-60.5,4.9916,923.75,3
510.25,0.36583,0.2733,-0.99434,2,-50,2.6124,921.25,3
510.5,0.35411,0.26182,-0.99434,2,-49,2.959,920.75,3
510.58,0.35411,0.26182,-0.99434,2,-49,2.9667,920.75,3
510.63,0.64724,0.1355,-0.90312,2,-50.5,2.2994,921.75,3
510.75,0.50654,0.23885,-0.96014,2,-51.5,2.0249,922.25,3
511.25,0.36583,0.28478,-0.98294,2,-56.5,0.74551,925.25,3
511.33,0.36583,0.28478,-0.98294,2,-48.5,3.275,920.25,3
511.5,0.29548,0.2733,-0.97154,2,-48.5,3.275,920.25,3
511.75,0.34238,0.25033,-1.0057,3,-61,1.557,924.25,3
512,0.34238,0.25033,-1.0057,3,-61.5,1.5509,924.25,3
512.25,0.60034,0.1355,-0.88031,3,-59.5,5.5745,922.75,3
512.75,0.60034,0.1355,-0.88031,2,-50,2.5924,921.25,3
512.83,0.33066,0.26182,-0.99434,3,-59,0.26078,921.25,3
513,0.33066,0.26182,-0.99434,2,-49.5,6.0715,920.75,3
513.1,0.34238,0.25033,-1.0057,2,-51,2.2519,921.75,3
513.25,0.37756,0.25033,-0.98294,3,-60,5.8445,922.25,3
513.5,0.37756,0.25033,-0.98294,3,-60,5.2815,923.25,3
513.75,0.33066,0.2733,-1.0172,2,-48.5,0.18101,920.25,3
514,0.33066,0.23885,-0.99434,3,-58,0.96027,920.25,3
514.75,0.35411,0.26182,-0.98294,2,-53,1.7564,922.75,3
514.85,0.35411,0.26182,-0.98294,3,-60,5.5591,922.75,3
515,0.35411,0.26182,-0.98294,3,-60.5,1.8776,923.75,3
515.25,0.35411,0.23885,-0.99434,2,-49.5,6.0454,920.75,3
515.5,0.43619,0.26182,-0.98294,2,-51,2.2596,921.75,3
515.75,0.42446,0.23885,-0.98294,3,-60,5.2815,923.25,3
516.25,0.41273,0.25033,-0.99434,2,-48.5,0.17181,920.25,3
516.33,0.33066,0.23885,-1.0172,2,-48.5,3.3149,920.25,3
516.38,0.33066,0.23885,-1.0172,2,-48.5,0.19328,920.25,3
517,0.51826,0.21588,-0.94873,2,-53,1.7625,922.75,3
517.08,0.51826,0.21588,-0.94873,3,-60,5.5653,922.75,3
517.25,0.51826,0.21588,-0.94873,2,-53,1.7472,922.75,3
517.33,0.38928,0.25033,-0.98294,3,-60.5,1.8699,923.75,3
517.5,0.38928,0.25033,-0.98294,2,-50.5,2.5571,921.25,3
517.75,0.34238,0.26182,-0.99434,3,-58.5,0.57064,920.75,3
517.85,0.34238,0.26182,-0.99434,2,-49.5,6.027,920.75,3
517.88,0.34238,0.26182,-0.99434,2,-49.5,2.913,920.75,3
518,0.55344,0.19292,-0.92593,3,-59.5,6.1697,921.75,3
518.08,0.55344,0.19292,-0.92593,3,-59.5,5.8675,922.25,3
518.25,0.8114,0.078086,-0.8347,3,-60.5,5.2784,923.25,3
518.5,0.8114,0.078086,-0.8347,3,-62.5,1.0201,925.25,3
518.75,0.8114,0.078086,-0.8347,2,-48.5,3.2981,920.25,3
518.83,0.34238,0.23885,-1.0172,2,-48.5,0.15647,920.25,3
518.88,0.35411,0.23885,-1.0057,3,-58,0.94033,920.25,3
519.5,0.41273,0.25033,-0.99434,2,-52.5,1.7656,922.75,3
519.58,0.44791,0.23885,-0.97154,3,-60,5.5822,922.75,3
519.75,0.44791,0.23885,-0.97154,3,-60.5,1.8776,923.75,3
520.08,0.44791,0.23885,-0.97154,2,-50,2.5756,921.25,3
520.25,0.30721,0.25033,-1.0057,2,-49.5,6.0638,920.75,3
520.33,0.35411,0.21588,-1.0172,2,-49.5,2.9161,920.75,3
520.38,0.35411,0.21588,-1.0172,2,-49.5,2.9391,920.75,3
520.5,0.58862,0.14698,-0.91452,2,-51,2.2734,921.75,3
520.58,0.33066,0.23885,-1.0172,3,-60,5.8414,922.25,3
520.75,0.33066,0.23885,-1.0172,3,-60.5,5.2662,923.25,3
521.25,0.41273,0.25033,-0.97154,2,-48.5,3.295,920.25,3
521.33,0.41273,0.25033,-0.97154,2,-48.5,0.17794,920.25,3
521.5,0.74105,0.089569,-0.89172,3,-63.5,0.73784,925.75,3
522,0.7176,0.11254,-0.90312,2,-53,1.8009,922.75,3
522.05,0.7176,0.11254,-0.90312,3,-60,5.5668,922.75,3
522.25,0.41273,0.25033,-0.99434,2,-50,2.5894,921.25,3
522.5,0.56517,0.15847,-0.91452,3,-59.5,0.2485,921.25,3
522.58,0.56517,0.15847,-0.91452,2,-49.5,2.9238,920.75,3
522.63,0.56517,0.15847,-0.91452,2,-49,2.9544,920.75,3
522.75,0.37756,0.25033,-0.99434,2,-49.5,6.0638,920.75,3
523,0.49481,0.2044,-0.96014,3,-60,5.8767,922.25,3
523.25,0.49481,0.2044,-0.96014,3,-60,5.2846,923.25,3
523.75,0.38928,0.26182,-0.98294,2,-48.5,0.19328,920.25,3
524,0.33066,0.25033,-0.99434,3,-61,4.6986,924.25,3
524.08,0.33066,0.25033,-0.99434,3,-61.5,1.58,924.25,3
524.25,0.33066,0.25033,-0.99434,2,-52.5,1.8193,922.75,3
524.5,0.52999,0.16995,-0.93733,3,-60,5.5898,922.75,3
524.75,0.52999,0.16995,-0.93733,3,-61,4.9854,923.75,3
525,0.35411,0.23885,-1.0057,2,-49.5,5.7754,921.25,3
525.08,0.35411,0.23885,-1.0057,2,-49.5,2.643,921.25,3
525.13,0.54171,0.16995,-0.94873,3,-58.5,0.61359,920.75,3
525.15,0.54171,0.16995,-0.94873,2,-50.5,2.3301,921.75,3
525.25,0.54171,0.16995,-0.94873,2,-50.5,2.3393,921.75,3
525.33,0.35411,0.23885,-1.0286,3,-59.5,6.2203,921.75,3
525.5,0.35411,0.23885,-1.0286,3,-59.5,5.892,922.25,3
525.58,0.35411,0.23885,-1.0286,3,-60,5.8797,922.25,3
525.75,0.35411,0.23885,-1.0286,3,-60.5,5.2984,923.25,3
526,0.50654,0.18143,-0.94873,2,-48.5,3.3579,920.25,3
526.08,0.34238,0.23885,-1.0286,3,-58.5,0.99555,920.25,3
526.25,0.34238,0.23885,-1.0286,3,-63.5,0.76699,925.75,3
526.5,0.34238,0.23885,-1.0286,3,-61.5,4.7461,924.25,3
526.75,0.34238,0.23885,-1.0286,3,-62,1.3422,924.75,3
526.83,0.34238,0.23885,-1.0286,3,-60,5.5837,922.75,3
527.25,0.54171,0.18143,-0.92593,3,-59,0.28685,921.25,3
527.33,0.54171,0.18143,-0.92593,2,-50,2.597,921.25,3
527.5,0.33066,0.25033,-0.99434,2,-49,6.0838,920.75,3
527.58,0.33066,0.25033,-0.99434,2,-49,6.1114,920.75,3
527.75,0.40101,0.25033,-0.97154,2,-50.5,2.2795,921.75,3
527.83,0.34238,0.25033,-0.99434,2,-51.5,2.0295,922.25,3
528.5,0.43619,0.21588,-0.97154,2,-50,6.277,920.25,3
528.58,0.37756,0.25033,-0.97154,3,-58.5,0.80381,920.25,3
529.25,0.44791,0.21588,-0.99434,3,-60.5,5.4226,922.75,3
529.5,0.56517,0.14698,-0.91452,2,-51.5,2.4406,921.25,3
529.75,0.56517,0.14698,-0.91452,3,-59.5,0.049087,921.25,3
529.83,0.56517,0.14698,-0.91452,2,-51.5,2.4252,921.25,3
529.88,0.30721,0.23885,-1.0172,3,-59.5,0.33748,920.75,3
530,0.30721,0.23885,-1.0172,3,-59.5,0.33594,920.75,3
530.08,0.30721,0.23885,-1.0172,2,-52.5,2.1399,921.75,3
530.25,0.38928,0.21588,-0.99434,3,-60,5.711,922.25,3
530.33,0.38928,0.21588,-0.99434,3,-60,5.7708,922.25,3
530.5,0.38928,0.21588,-0.99434,3,-60.5,5.2278,923.25,3
530.75,0.38928,0.21588,-0.99434,3,-63,0.96641,925.25,3
531,0.33066,0.23885,-1.0172,2,-48.5,3.2551,920.25,3
531.25,0.34238,0.23885,-1.0172,3,-63.5,0.69489,925.75,3
531.5,0.34238,0.23885,-1.0172,3,-61.5,1.5278,924.25,3
531.75,0.33066,0.23885,-1.0172,3,-60,5.5269,922.75,3
532,0.68242,0.10105,-0.86891,2,-50,2.5326,921.25,3
532.25,0.47136,0.22737,-0.97154,2,-49.5,2.8808,920.75,3
532.33,0.47136,0.22737,-0.97154,2,-49,2.8931,920.75,3
532.5,0.34238,0.23885,-1.0172,2,-51,2.2381,921.75,3
532.75,0.70587,0.11254,-0.85751,2,-52,1.9482,922.25,3
533,0.78795,0.066602,-0.85751,3,-60,5.2631,923.25,3
533.25,0.78795,0.066602,-0.85751,3,-62.5,1.0048,925.25,3
533.33,0.78795,0.066602,-0.85751,2,-48.5,0.1534,920.25,3
533.38,0.35411,0.26182,-1.0057,3,-58,0.96641,920.25,3
533.5,0.35411,0.26182,-1.0057,3,-63,0.73017,925.75,3
533.75,0.35411,0.26182,-1.0057,3,-61.5,4.7017,924.25,3
534.25,0.56517,0.1355,-0.92593,3,-59.5,5.5898,922.75,3
534.5,0.64724,0.10105,-0.89172,2,-50,2.62,921.25,3
534.58,0.64724,0.10105,-0.89172,2,-49.5,5.7785,921.25,3
534.63,0.64724,0.10105,-0.89172,2,-50,2.643,921.25,3
534.68,0.33066,0.22737,-1.0057,3,-59,0.29299,921.25,3
534.75,0.33066,0.22737,-1.0057,2,-49,6.1421,920.75,3
534.83,0.33066,0.22737,-1.0057,2,-49,6.1543,920.75,3
534.88,0.34238,0.21588,-1.0172,2,-49,2.9851,920.75,3
534.9,0.34238,0.21588,-1.0172,2,-50.5,2.3439,921.75,3
535,0.34238,0.21588,-1.0172,3,-59.5,6.2203,921.75,3
535.1,0.50654,0.15847,-0.96014,2,-52,2.0739,922.25,3
535.25,0.50654,0.15847,-0.96014,2,-51.5,2.0555,922.25,3
535.33,0.33066,0.2044,-1.0172,2,-53.5,1.5723,923.25,3
535.38,0.33066,0.2044,-1.0172,2,-53.5,1.58,923.25,3
535.75,0.52999,0.14698,-0.93733,2,-48.5,3.407,920.25,3
535.85,0.34238,0.21588,-1.0286,3,-58,1.0416,920.25,3
535.88,0.34238,0.21588,-1.0286,3,-58,1.0017,920.25,3
536.5,0.44791,0.23885,-0.98294,3,-60,5.5929,922.75,3
536.75,0.44791,0.23885,-0.98294,2,-52.5,1.7748,922.75,3
537,0.65897,0.1355,-0.86891,2,-50.5,2.5372,921.25,3
537.25,0.38928,0.26182,-0.97154,2,-49.5,6.0255,920.75,3
537.33,0.38928,0.26182,-0.97154,2,-49.5,6.0362,920.75,3
537.38,0.31893,0.23885,-0.99434,2,-49.5,6.0439,920.75,3
537.5,0.38928,0.23885,-0.98294,3,-59.5,6.1267,921.75,3
537.6,0.38928,0.23885,-0.98294,2,-52.5,1.9896,922.25,3
537.63,0.38928,0.23885,-0.98294,3,-60,5.8399,922.25,3
537.75,0.68242,0.1355,-0.90312,3,-60.5,5.1987,923.25,3
538,0.68242,0.1355,-0.90312,2,-48.5,3.2797,920.25,3
538.25,0.31893,0.23885,-0.99434,2,-48.5,0.13346,920.25,3
538.33,0.31893,0.23885,-0.99434,2,-48.5,3.275,920.25,3
538.75,0.41273,0.25033,-0.97154,3,-62,1.2257,924.75,3
539,0.41273,0.25033,-0.97154,2,-53,1.6889,922.75,3
539.1,0.41273,0.25033,-0.97154,3,-59.5,5.4579,922.75,3
539.15,0.41273,0.25033,-0.97154,3,-60.5,1.7564,923.75,3
539.5,0.62379,0.1355,-0.88031,3,-59.5,0.14726,921.25,3
539.58,0.62379,0.1355,-0.88031,3,-59,0.1488,921.25,3
539.75,0.62379,0.1355,-0.88031,2,-49.5,6.0255,920.75,3
539.83,0.35411,0.25033,-1.0172,3,-59.5,6.1344,921.75,3
540,0.35411,0.25033,-1.0172,3,-59.5,6.1359,921.75,3
540.1,0.35411,0.25033,-1.0172,3,-60.5,5.8337,922.25,3
540.5,0.48309,0.25033,-0.96014,2,-48.5,0.14573,920.25,3
540.75,0.31893,0.23885,-1.0286,3,-58.5,0.91579,920.25,3
541,0.31893,0.23885,-1.0286,3,-63.5,0.71023,925.75,3
541.08,0.31893,0.23885,-1.0286,3,-61.5,1.5601,924.25,3
541.75,0.51826,0.19292,-0.93733,3,-59,0.20095,921.25,3
542,0.33066,0.25033,-1.0172,2,-50,2.5648,921.25,3
542.08,0.33066,0.22737,-1.0172,2,-49,6.0608,920.75,3
542.25,0.34238,0.23885,-1.0172,2,-51,2.2565,921.75,3
542.33,0.37756,0.21588,-1.0057,3,-59.5,6.1237,921.75,3
542.5,0.37756,0.21588,-1.0057,3,-60,5.8107,922.25,3
542.75,0.40101,0.25033,-0.98294,3,-60.5,2.0755,923.25,3
543,0.40101,0.25033,-0.98294,3,-63,0.9572,925.25,3
543.08,0.40101,0.25033,-0.98294,2,-48.5,3.2704,920.25,3
543.13,0.33066,0.25033,-1.0286,3,-58,0.83142,920.25,3
543.25,0.33066,0.25033,-1.0286,3,-63.5,0.60746,925.75,3
543.75,0.68242,0.089569,-0.88031,3,-60,5.4809,922.75,3
544,0.68242,0.089569,-0.88031,2,-52.5,1.7917,922.75,3
544.25,0.65897,0.11254,-0.89172,3,-61,1.7487,923.75,3
544.33,0.65897,0.11254,-0.89172,2,-49.5,2.617,921.25,3
544.38,0.65897,0.11254,-0.89172,2,-49.5,2.6354,921.25,3
544.5,0.33066,0.22737,-1.0172,3,-58.5,0.45099,920.75,3
544.58,0.33066,0.22737,-1.0172,2,-49,2.9667,920.75,3
544.63,0.34238,0.23885,-1.0172,3,-59.5,6.0562,921.75,3
544.75,0.34238,0.23885,-1.0172,2,-50.5,2.2887,921.75,3
544.85,0.34238,0.22737,-1.0172,2,-51.5,2.008,922.25,3
545.25,0.45964,0.2044,-0.97154,3,-63.5,0.88817,925.25,3
545.5,0.45964,0.2044,-0.97154,2,-49.5,0.016874,920.25,3
545.6,0.45964,0.2044,-0.97154,2,-49,0.041417,920.25,3
545.75,0.28376,0.23885,-1.0172,3,-65,0.57371,925.75,3
546,0.28376,0.23885,-1.0172,3,-63.5,1.1321,924.75,3
546.5,0.35411,0.25033,-1.0172,3,-62,4.8351,923.75,3
546.58,0.35411,0.25033,-1.0172,3,-61.5,4.852,923.75,3
546.75,0.35411,0.25033,-1.0172,2,-50,2.5525,921.25,3
546.83,0.34238,0.23885,-0.99434,2,-49,6.0608,920.75,3
547,0.33066,0.22737,-1.04,2,-49,6.0638,920.75,3
547.08,0.33066,0.22737,-1.04,2,-49,6.0868,920.75,3
547.13,0.79967,0.066602,-0.85751,3,-59.5,6.0485,921.75,3
547.25,0.79967,0.066602,-0.85751,2,-51.5,2.0525,922.25,3
547.33,0.79967,0.066602,-0.85751,3,-59.5,5.731,922.25,3
547.5,0.43619,0.21588,-0.98294,3,-60.5,5.168,923.25,3
548,0.33066,0.22737,-1.0286,2,-48.5,0.20402,920.25,3
548.08,0.33066,0.23885,-1.0172,3,-58.5,0.82068,920.25,3
548.75,0.45964,0.2044,-0.97154,2,-52.5,1.7595,922.75,3
548.83,0.45964,0.2044,-0.97154,3,-60,5.5009,922.75,3
549,0.37756,0.23885,-0.99434,2,-50,2.5756,921.25,3
549.08,0.37756,0.23885,-0.99434,2,-50,2.5894,921.25,3
549.25,0.37756,0.23885,-0.99434,2,-50,2.5771,921.25,3
549.33,0.33066,0.23885,-1.0172,3,-59.5,0.13959,921.25,3
549.5,0.33066,0.23885,-1.0172,2,-49.5,2.9222,920.75,3
549.58,0.33066,0.23885,-1.0172,2,-49,2.936,920.75,3
549.63,0.35411,0.23885,-0.99434,3,-60,6.0209,921.75,3
549.75,0.35411,0.23885,-0.99434,3,-60,6.0224,921.75,3
549.83,0.35411,0.23885,-0.99434,2,-51.5,2.008,922.25,3
550,0.35411,0.23885,-0.99434,2,-53.5,1.5263,923.25,3
550.08,0.35411,0.23885,-0.99434,3,-61,5.122,923.25,3
550.25,0.35411,0.23885,-0.99434,3,-63.5,0.89584,925.25,3
550.5,0.38928,0.22737,-1.0057,3,-58.5,0.72097,920.25,3
550.75,0.37756,0.22737,-1.0172,3,-62,1.465,924.25,3
551.25,0.37756,0.22737,-1.0172,3,-62,5.3383,922.75,3
551.5,0.37756,0.22737,-1.0172,3,-63,4.7369,923.75,3
551.75,0.35411,0.22737,-0.99434,2,-52,2.6707,920.75,3
551.83,0.35411,0.22737,-0.99434,2,-51.5,2.709,920.75,3
551.85,0.30721,0.23885,-1.0286,2,-51.5,2.7412,920.75,3
552,0.34238,0.22737,-1.0286,2,-52,2.2365,921.75,3
552.25,0.38928,0.21588,-1.0057,2,-52,1.9758,922.25,3
552.35,0.38928,0.21588,-1.0057,3,-60,5.6435,922.25,3
552.5,0.42446,0.23885,-0.97154,3,-63.5,0.85289,925.25,3
552.75,0.42446,0.23885,-0.97154,3,-58,0.78386,920.25,3
552.8,0.42446,0.23885,-0.97154,3,-58.5,0.78693,920.25,3
553.25,0.47136,0.2044,-0.97154,3,-61.5,1.4527,924.25,3
553.5,0.47136,0.2044,-0.97154,2,-52.5,1.7273,922.75,3
553.75,0.38928,0.26182,-0.99434,3,-60.5,5.4057,922.75,3
553.83,0.38928,0.26182,-0.99434,3,-61.5,4.8121,923.75,3
554,0.38928,0.26182,-0.99434,2,-50,2.5418,921.25,3
554.08,0.38928,0.26182,-0.99434,2,-50,2.5617,921.25,3
554.25,0.31893,0.26182,-0.99434,2,-49.5,2.8793,920.75,3
554.33,0.31893,0.26182,-0.99434,2,-49,6.0362,920.75,3
554.38,0.36583,0.26182,-0.99434,2,-49,6.0086,920.75,3
554.5,0.34238,0.26182,-1.0172,3,-59,5.9672,921.75,3
554.6,0.34238,0.26182,-1.0172,2,-51.5,1.9804,922.25,3
554.75,0.44791,0.26182,-0.97154,2,-51.5,1.9712,922.25,3
554.83,0.44791,0.26182,-0.97154,3,-60.5,5.0713,923.25,3
555.25,0.42446,0.2733,-0.98294,2,-48.5,0.18561,920.25,3
555.33,0.34238,0.26182,-0.99434,3,-58,0.76085,920.25,3
555.38,0.34238,0.26182,-0.99434,3,-58.5,0.73324,920.25,3
556,0.48309,0.25033,-0.93733,2,-52.5,1.7135,922.75,3
556.25,0.42446,0.2733,-0.97154,2,-49.5,2.5372,921.25,3
556.33,0.42446,0.2733,-0.97154,2,-49.5,2.5571,921.25,3
556.5,0.42446,0.2733,-0.97154,2,-49.5,2.5372,921.25,3
556.58,0.34238,0.25033,-1.0172,3,-59.5,0.02301,921.25,3
556.63,0.34238,0.25033,-1.0172,2,-49,2.9115,920.75,3
556.65,0.34238,0.25033,-1.0172,2,-49,2.9268,920.75,3
556.77,0.34238,0.26182,-1.0172,2,-48.5,6.0439,920.75,3
556.83,0.33066,0.23885,-1.0172,2,-50.5,2.2488,921.75,3
557,0.42446,0.25033,-0.98294,3,-59.5,5.9657,921.75,3
557.08,0.42446,0.25033,-0.98294,3,-60,5.6849,922.25,3
557.25,0.38928,0.23885,-0.99434,2,-53.5,1.5263,923.25,3
557.5,0.51826,0.2044,-0.93733,2,-48.5,3.3257,920.25,3
557.75,0.34238,0.25033,-1.0057,2,-48.5,3.3226,920.25,3
558,0.35411,0.26182,-0.99434,3,-61,1.4895,924.25,3
558.25,0.35411,0.26182,-0.99434,3,-62.5,1.2164,924.75,3
558.5,0.42446,0.26182,-0.98294,2,-52.5,1.7089,922.75,3
558.58,0.42446,0.26182,-0.98294,3,-61,4.9425,923.75,3
559,0.38928,0.26182,-0.98294,2,-50,2.5341,921.25,3
559.08,0.34238,0.26182,-1.0172,2,-49,2.8762,920.75,3
559.25,0.35411,0.25033,-0.99434,2,-49,6.0163,920.75,3
559.33,0.35411,0.25033,-0.99434,2,-49,2.8793,920.75,3
559.38,0.40101,0.25033,-0.99434,3,-59.5,6.1451,921.75,3
559.5,0.40101,0.25033,-0.99434,3,-60,5.8107,922.25,3
559.75,0.40101,0.25033,-0.99434,2,-54,1.4603,923.25,3
560,0.65897,0.1355,-0.89172,3,-62.5,0.96948,925.25,3
560.08,0.65897,0.1355,-0.89172,2,-48.5,0.090505,920.25,3
560.25,0.35411,0.26182,-0.99434,2,-48.5,0.084369,920.25,3
560.33,0.35411,0.26182,-0.99434,2,-48.5,0.087437,920.25,3
561,0.35411,0.25033,-0.99434,3,-60,5.4963,922.75,3
561.08,0.35411,0.25033,-0.99434,3,-60.5,1.8193,923.75,3
561.25,0.35411,0.25033,-0.99434,2,-50,2.5065,921.25,3
561.33,0.36583,0.26182,-0.99434,2,-50,2.5081,921.25,3
561.5,0.47136,0.23885,-0.94873,2,-49,2.8609,920.75,3
561.58,0.37756,0.25033,-0.99434,2,-49.5,2.8532,920.75,3
561.63,0.37756,0.25033,-0.99434,2,-49,6.0086,920.75,3
561.75,0.45964,0.25033,-0.96014,2,-51,2.2089,921.75,3
562,0.58862,0.18143,-0.91452,2,-52,1.9297,922.25,3
562.08,0.58862,0.18143,-0.91452,2,-52,1.9343,922.25,3
562.25,0.36583,0.25033,-0.99434,3,-63,0.9526,925.25,3
562.5,0.36583,0.25033,-0.99434,2,-48.5,0.087437,920.25,3
563.25,0.38928,0.30775,-1.0172,3,-62,1.2594,924.75,3
563.33,0.38928,0.30775,-1.0172,2,-50.5,1.7242,922.75,3
563.5,0.33066,0.26182,-1.0172,3,-61.5,5.1404,923.75,3
563.75,0.44791,0.1355,-1.0172,3,-68.5,5.6681,921.25,3
565.75,0.44791,0.1355,-1.0172,3,-59.5,2.0678,922.75,3
566.25,0.57689,0.84746,0.27139,2,-59.5,4.8627,921.25,1
566.5,0.68242,0.76708,0.53366,3,-59.5,0.158,920.75,1
566.75,0.44791,0.83597,-0.12771,1,-69,1.3376,922.25,1
567.75,0.31893,1.0312,0.20297,3,-60,5.2938,924.25,4
568.25,0.31893,1.0312,0.20297,1,-65,5.5162,922.75,4
571,0.63552,0.93932,0.16876,1,-60,0.013806,921.25,2
