0,0.49481,0.30775,-1.0286,3,-60.5,2.7351,924.25,3
0.75,0.43619,0.36516,-0.98294,3,-60.5,4.7799,921.25,3
1.25,0.20168,0.45703,-0.99434,3,-60,4.2031,922.25,3
1.75,0.20168,0.45703,-0.99434,3,-62,1.8224,925.25,3
2,0.20168,0.45703,-0.99434,3,-63,1.4864,925.75,3
2.75,0.38928,0.37665,-0.91452,3,-60,0.56911,922.75,3
3,0.38928,0.37665,-0.91452,3,-60,5.9963,923.75,3
3.25,0.38928,0.37665,-0.91452,3,-59,4.7722,921.25,3
3.5,0.18995,0.44555,-0.98294,3,-59.5,4.6173,921.75,3
4.75,0.24858,0.46851,-0.97154,3,-61.5,1.557,925.75,3
5,0.24858,0.46851,-0.97154,3,-60.5,5.3168,924.75,3
5.25,0.24858,0.46851,-0.97154,3,-59.5,3.723,922.75,3
5.5,0.24858,0.46851,-0.97154,3,-60,6.0868,923.75,3
6.25,0.42446,0.4111,-0.8461,3,-66.5,1.6122,922.25,3
6.75,0.42446,0.4111,-0.8461,3,-64,5.9012,925.25,3
7.25,0.42446,0.4111,-0.8461,3,-60,6.027,924.25,3
7.75,0.37756,0.42258,-1.04,3,-59,3.8978,922.75,3
8,0.37756,0.42258,-1.04,3,-59,5.0821,921.25,3
8.5,0.29548,0.38813,-0.96014,3,-59,4.8366,921.75,3
8.75,0.29548,0.38813,-0.96014,3,-58.5,4.4562,922.25,3
9,0.48309,0.29627,-0.91452,3,-60.5,5.1143,925.25,3
9.75,0.44791,0.31923,-0.91452,3,-60.5,5.4487,924.75,3
10,0.44791,0.31923,-0.91452,3,-59,0.70717,922.75,3
10.25,0.27203,0.4111,-0.98294,3,-60,4.9916,921.25,3
11,0.22513,0.4111,-1.0172,3,-59,4.7415,921.75,3
12,0.51826,0.28478,-0.89172,3,-59.5,5.8475,924.25,3
12.5,0.27203,0.36516,-0.99434,3,-59.5,0.91579,922.75,3
13,0.50654,0.25033,-0.89172,3,-59,5.1956,921.25,3
13.075,0.50654,0.25033,-0.89172,3,-59,5.6251,920.75,3
14.25,0.28376,0.3422,-1.0628,3,-59.5,5.734,920.25,3
14.5,0.28376,0.3422,-1.0628,3,-59.5,5.9718,924.25,3
15,0.41273,0.2733,-0.92593,3,-58,3.9991,922.75,3
16,0.2603,0.36516,-1.0172,3,-58,4.5053,922.25,3
16.75,0.33066,0.33072,-1.0286,3,-63,2.0785,925.75,3
17.25,0.63552,0.12402,-0.91452,2,-53,5.7417,922.75,3
17.5,0.63552,0.12402,-0.91452,2,-52.5,5.78,922.75,3
17.575,0.63552,0.12402,-0.91452,3,-59.5,4.243,922.75,3
18.25,0.43619,0.25033,-0.94873,2,-57,0.003068,922.25,3
19,0.43619,0.25033,-0.94873,2,-56.5,2.1644,920.25,3
19.5,0.55344,0.25033,-0.96014,3,-58.5,0.26845,924.25,3
20.25,0.18995,0.30775,-1.04,3,-61,5.7509,921.25,3
20.5,0.18995,0.30775,-1.04,3,-60,5.4932,921.75,3
21.25,0.37756,0.25033,-0.96014,3,-58.5,4.3611,923.25,3
22,0.43619,0.19292,-0.94873,3,-58.5,0.092039,924.75,3
22.75,0.17823,0.31923,-1.04,3,-61.5,5.8169,921.25,3
23,0.17823,0.31923,-1.04,3,-60.5,5.4303,921.75,3
23.25,0.17823,0.31923,-1.04,3,-59,5.0897,922.25,3
24,0.24858,0.31923,-1.0286,3,-58.5,5.6021,925.75,3
24.25,0.24858,0.31923,-1.0286,3,-58.5,5.6251,925.75,3
24.75,0.48309,0.19292,-0.94873,3,-59,4.7891,922.75,3
25,0.48309,0.19292,-0.94873,3,-58.5,3.9761,923.75,3
25.5,0.30721,0.28478,-0.99434,3,-59.5,5.102,922.25,3
26.25,0.2134,0.31923,-1.0286,2,-56.5,5.4502,920.25,3
26.75,0.20168,0.31923,-1.0286,3,-58.5,0.62893,924.25,3
27,0.20168,0.31923,-1.0286,3,-59,0.11965,924.75,3
27.25,0.33066,0.28478,-0.99434,3,-58.5,0.92806,923.75,3
27.75,0.33066,0.28478,-0.99434,3,-62,6.1697,920.75,3
28.25,0.23685,0.31923,-1.0286,3,-58.5,4.5866,923.25,3
28.5,0.23685,0.31923,-1.0286,3,-59,6.0255,925.25,3
29,0.23685,0.31923,-1.0286,3,-58.5,5.622,925.75,3
29.5,0.15478,0.33072,-1.04,3,-58.5,4.8504,922.75,3
30.5,0.34238,0.26182,-0.98294,3,-59.5,5.3337,922.25,3
31,0.33066,0.25033,-0.99434,3,-59,6.1006,925.25,3
31.25,0.33066,0.25033,-0.99434,3,-64,3.4392,920.25,3
31.75,0.22513,0.33072,-1.0286,3,-59,0.52769,924.25,3
32,0.18995,0.33072,-1.04,3,-59,4.783,922.75,3
32.5,0.28376,0.33072,-1.0286,3,-61.5,2.6384,921.25,3
32.75,0.28376,0.33072,-1.0286,3,-60.5,5.5147,921.75,3
33.25,0.44791,0.22737,-0.93733,3,-59.5,5.9718,925.25,3
33.5,0.44791,0.22737,-0.93733,3,-59,5.9472,925.25,3
34,0.37756,0.26182,-0.97154,3,-59.5,0.38196,924.25,3
34.25,0.37756,0.26182,-0.97154,3,-59,6.1758,924.75,3
34.5,0.37756,0.26182,-0.97154,3,-59,4.6572,922.75,3
34.575,0.37756,0.26182,-0.97154,3,-59,0.70717,923.75,3
34.75,0.37756,0.26182,-0.97154,3,-61,5.6757,921.25,3
35.25,0.29548,0.31923,-1.0057,3,-60,5.3996,921.75,3
37.25,0.29548,0.30775,-1.0057,2,-55,1.6475,921.25,3
37.5,0.29548,0.30775,-1.0057,2,-56,5.1342,920.75,3
37.75,0.29548,0.30775,-1.0057,3,-60,2.3669,921.75,3
37.825,0.29548,0.30775,-1.0057,3,-59,5.1143,922.25,3
38,0.29548,0.30775,-1.0057,3,-58,4.332,923.25,3
38.5,0.2603,0.3422,-1.0172,3,-62.5,0.049087,920.25,3
39.75,0.2603,0.33072,-1.0172,3,-60.5,5.8368,921.25,3
40.5,0.28376,0.30775,-1.0172,3,-58.5,4.3182,923.25,3
41,0.28376,0.30775,-1.0172,3,-59.5,2.2197,925.75,3
41.25,0.28376,0.30775,-1.0172,3,-58.5,0.26845,924.25,3
41.5,0.28376,0.30775,-1.0172,3,-58.5,0.31753,924.25,3
41.575,0.28376,0.30775,-1.0172,3,-59,6.1221,924.75,3
42.25,0.41273,0.23885,-0.94873,3,-62,6.1098,920.75,3
43,0.49481,0.2044,-0.93733,3,-58.5,4.4347,923.25,3
44,0.30721,0.29627,-0.99434,3,-58.5,4.6526,922.75,3
44.5,0.30721,0.28478,-1.0057,3,-58.5,0.75318,923.75,3
45.25,0.24858,0.33072,-1.0286,3,-59.5,5.1956,922.25,3
45.5,0.47136,0.18143,-0.91452,3,-58.5,5.8567,925.25,3
45.75,0.47136,0.18143,-0.91452,3,-63,0.16567,920.25,3
46.75,0.28376,0.29627,-1.0057,3,-58.5,0.73324,923.75,3
47,0.28376,0.29627,-1.0057,3,-60.5,5.7478,921.25,3
47.5,0.28376,0.28478,-1.0057,3,-59,5.1803,922.25,3
47.75,0.28376,0.28478,-1.0057,3,-58,4.4854,923.25,3
48,0.28376,0.28478,-1.0057,3,-58.5,5.9503,925.25,3
48.25,0.28376,0.28478,-1.0057,3,-63.5,3.4146,920.25,3
48.5,0.28376,0.28478,-1.0057,3,-58.5,5.5699,925.75,3
49.5,0.49481,0.19292,-0.92593,3,-60.5,5.7662,921.25,3
49.75,0.49481,0.19292,-0.92593,2,-55,1.873,920.75,3
50.25,0.20168,0.33072,-1.0172,3,-58.5,4.3764,923.25,3
50.5,0.20168,0.33072,-1.0172,3,-58.5,5.8828,925.25,3
50.575,0.20168,0.33072,-1.0172,3,-62.5,0.15033,920.25,3
51,0.24858,0.30775,-1.0172,3,-58.5,0.52769,924.25,3
51.5,0.38928,0.22737,-0.96014,2,-53,5.8659,923.75,3
51.75,0.18995,0.31923,-1.04,2,-55,1.557,921.25,3
52,0.18995,0.31923,-1.04,3,-60,5.9334,921.25,3
52.25,0.18995,0.31923,-1.04,3,-60.5,2.2151,921.75,3
52.5,0.18995,0.31923,-1.04,3,-60,5.0407,922.25,3
53,0.2603,0.33072,-1.04,3,-59,5.9288,925.25,3
53.25,0.2603,0.33072,-1.04,3,-65,0.29299,920.25,3
53.5,0.44791,0.2044,-0.93733,3,-58,0.46326,924.25,3
53.75,0.15478,0.33072,-1.0514,3,-58,5.033,922.75,3
54,0.15478,0.33072,-1.0514,3,-58,1.1106,923.75,3
55.25,0.48309,0.2044,-0.94873,3,-58,5.8859,925.25,3
55.75,0.37756,0.25033,-0.97154,3,-58,5.5438,925.75,3
56,0.36583,0.25033,-0.97154,2,-53,5.0023,924.75,3
56.25,0.23685,0.33072,-1.04,3,-58,4.9317,922.75,3
56.5,0.23685,0.33072,-1.04,3,-57.5,0.95874,923.75,3
56.75,0.22513,0.33072,-1.0286,2,-54,1.8024,920.75,3
57,0.22513,0.33072,-1.0286,2,-53.5,1.014,921.75,3
57.5,0.33066,0.28478,-0.99434,3,-60.5,5.1772,922.25,3
57.75,0.33066,0.28478,-0.99434,3,-59.5,6.0669,925.25,3
58.5,0.22513,0.31923,-1.04,3,-58.5,0.52769,924.25,3
59.75,0.28376,0.3422,-1.0172,2,-53,0.45559,922.25,3
60,0.27203,0.31923,-1.0172,3,-59,1.014,923.25,3
60.5,0.18995,0.3422,-1.0286,3,-60,5.2784,925.75,3
60.75,0.18995,0.3422,-1.0286,3,-59,0.17027,924.25,3
61,0.18995,0.3422,-1.0286,3,-59.5,6.0316,924.75,3
61.25,0.43619,0.25033,-0.94873,3,-59,4.5206,922.75,3
61.5,0.43619,0.25033,-0.94873,3,-59,0.57064,923.75,3
61.75,0.43619,0.25033,-0.94873,3,-60.5,5.5591,921.25,3
62,0.43619,0.25033,-0.94873,3,-62,5.8844,920.75,3
62.25,0.43619,0.25033,-0.94873,3,-59.5,4.8781,922.25,3
63.025,0.2134,0.3422,-1.0286,3,-60,2.1522,925.75,3
63.25,0.30721,0.30775,-1.0057,3,-60,0.14573,924.25,3
63.75,0.41273,0.23885,-0.96014,3,-59,4.4915,922.75,3
64,0.41273,0.23885,-0.96014,3,-59.5,0.53383,923.75,3
64.5,0.2603,0.33072,-1.0286,3,-59.5,5.2109,921.75,3
64.75,0.2603,0.33072,-1.0286,3,-59.5,4.898,922.25,3
64.825,0.2603,0.33072,-1.0286,3,-59.5,0.97715,923.25,3
65,0.2603,0.33072,-1.0286,3,-60,5.6082,925.25,3
65.5,0.51826,0.19292,-0.92593,3,-60,5.2355,925.75,3
65.75,0.51826,0.19292,-0.92593,3,-59,0.10431,924.25,3
65.825,0.51826,0.19292,-0.92593,3,-59,0.10738,924.25,3
66,0.51826,0.19292,-0.92593,3,-59.5,5.9703,924.75,3
66.075,0.51826,0.19292,-0.92593,3,-59,4.4854,922.75,3
66.25,0.51826,0.19292,-0.92593,3,-59,0.51542,923.75,3
66.5,0.29548,0.30775,-1.0057,3,-61,5.5545,921.25,3
67,0.29548,0.30775,-1.0057,3,-60,5.2355,921.75,3
67.5,0.30721,0.29627,-1.0057,3,-59,1.0078,923.25,3
67.75,0.30721,0.29627,-1.0057,3,-63,6.2632,920.25,3
68.5,0.34238,0.30775,-0.98294,3,-59,5.9733,924.75,3
68.75,0.41273,0.25033,-0.93733,3,-59,3.7122,923.75,3
69,0.41273,0.25033,-0.93733,3,-60.5,5.5914,921.25,3
69.5,0.18995,0.3422,-1.0286,3,-59.5,4.944,922.25,3
70,0.45964,0.21588,-0.93733,3,-59.5,5.7509,925.25,3
70.1,0.45964,0.21588,-0.93733,3,-63.5,0.036816,920.25,3
70.75,0.47136,0.19292,-0.92593,3,-59,0.45406,924.25,3
71.25,0.13132,0.31923,-1.0628,3,-58.5,4.0512,923.75,3
72.25,0.34238,0.23885,-0.97154,3,-59,5.8138,925.25,3
73.25,0.31893,0.28478,-0.99434,3,-59,6.0746,924.75,3
73.5,0.31893,0.28478,-0.99434,3,-59,4.5713,922.75,3
73.75,0.40101,0.25033,-0.94873,3,-59.5,0.55223,923.75,3
74,0.40101,0.25033,-0.94873,3,-61.5,5.8613,920.75,3
74.25,0.31893,0.30775,-1.0057,3,-60,5.1496,921.75,3
74.75,0.23685,0.35368,-1.0286,3,-60,5.4993,925.25,3
75,0.23685,0.35368,-1.0286,3,-63,6.1804,920.25,3
75.5,0.28376,0.31923,-1.0172,3,-59.5,0.084369,924.25,3
75.75,0.28376,0.31923,-1.0172,3,-59.5,6.004,924.75,3
76.25,0.23685,0.3422,-1.0172,3,-59.5,0.45866,923.75,3
76.5,0.23685,0.3422,-1.0172,3,-60.5,5.8583,920.75,3
76.75,0.23685,0.3422,-1.0172,3,-59.5,5.1572,921.75,3
76.825,0.23685,0.3422,-1.0172,3,-59,4.8781,922.25,3
77,0.1665,0.35368,-1.0514,3,-58,0.88817,923.25,3
77.25,0.1665,0.35368,-1.0514,3,-59,2.3501,925.25,3
77.325,0.1665,0.35368,-1.0514,3,-59.5,2.3899,925.25,3
77.5,0.1665,0.35368,-1.0514,3,-60,2.1721,925.75,3
78,0.17823,0.3422,-1.0514,3,-59,5.9258,924.75,3
78.5,0.42446,0.26182,-0.94873,2,-52.5,5.4963,923.75,3
78.575,0.42446,0.26182,-0.94873,3,-59,0.34361,923.75,3
79.25,0.23685,0.35368,-1.0057,3,-59.5,5.079,921.75,3
79.5,0.45964,0.22737,-0.93733,3,-59,0.82988,923.25,3
79.75,0.45964,0.22737,-0.93733,3,-59.5,5.5116,925.25,3
80.25,0.23685,0.3422,-1.0286,3,-60,1.9896,925.75,3
80.325,0.23685,0.3422,-1.0286,3,-59,0.001534,924.25,3
80.5,0.23685,0.3422,-1.0286,3,-59,5.9396,924.75,3
80.75,0.23685,0.3422,-1.0286,3,-59.5,1.422,922.75,3
80.825,0.23685,0.3422,-1.0286,3,-59,4.5943,922.75,3
81,0.23685,0.3422,-1.0286,3,-59.5,0.632,923.75,3
81.5,0.34238,0.26182,-0.98294,3,-62,5.8537,920.75,3
81.75,0.34238,0.26182,-0.98294,3,-59.5,4.9364,922.25,3
82,0.24858,0.31923,-1.0286,3,-59,1.0247,923.25,3
82.75,0.23685,0.31923,-1.0286,3,-59,0.36355,924.25,3
83.25,0.27203,0.28478,-1.0172,3,-59,4.7001,922.75,3
83.75,0.31893,0.25033,-0.98294,2,-55.5,1.9451,920.75,3
84,0.31893,0.25033,-0.98294,2,-56,0.54456,922.25,3
84.25,0.31893,0.25033,-0.98294,3,-62,4.2553,923.25,3
84.75,0.65897,0.1355,-0.86891,3,-60.5,6.1375,920.25,3
85.25,0.68242,0.14698,-0.96014,3,-63,6.0884,924.25,3
85.5,0.68242,0.14698,-0.96014,3,-61.5,4.0881,922.75,3
86.25,0.49481,0.12402,-0.96014,3,-59,5.7954,920.75,3
86.5,0.28376,0.19292,-1.04,3,-57.5,4.8428,922.25,3
87,0.40101,0.16995,-0.96014,3,-58.5,2.5249,925.25,3
87.5,0.58862,0.12402,-0.92593,3,-59,5.2784,925.75,3
87.575,0.58862,0.12402,-0.92593,3,-58,0.11505,924.25,3
87.75,0.58862,0.12402,-0.92593,3,-58.5,0.099709,924.25,3
88,0.2134,0.2733,-1.0628,3,-57.5,4.5114,922.75,3
88.075,0.2134,0.2733,-1.0628,3,-57.5,1.3514,922.75,3
88.25,0.2134,0.2733,-1.0628,3,-57.5,0.56297,923.75,3
88.575,0.2134,0.26182,-1.0628,3,-59.5,5.9841,920.75,3
88.75,0.2134,0.26182,-1.0628,3,-63.5,4.6832,921.75,3
89.5,0.43619,0.2733,-0.97154,3,-60,5.8966,925.25,3
90,0.29548,0.31923,-1.0742,3,-59,2.4482,925.75,3
90.25,0.28376,0.25033,-1.0057,3,-58.5,0.099709,924.75,3
90.5,0.47136,0.1355,-0.94873,3,-58.5,4.1203,923.75,3
90.75,0.47136,0.1355,-0.94873,3,-60.5,5.8506,921.25,3
91.5,0.18995,0.29627,-1.097,3,-59,5.1772,922.25,3
91.75,0.18995,0.29627,-1.097,3,-58,4.3964,923.25,3
91.825,0.18995,0.29627,-1.097,3,-59,5.8828,925.25,3
92,0.18995,0.29627,-1.097,3,-58.5,5.892,925.25,3
92.75,0.17823,0.28478,-1.0742,3,-58.5,0.0061359,924.75,3
93,0.44791,0.16995,-0.94873,3,-59,4.8489,922.75,3
93.25,0.44791,0.16995,-0.94873,3,-58.5,4.0359,923.75,3
94,0.30721,0.26182,-1.0172,3,-59.5,5.1695,922.25,3
94.25,0.27203,0.28478,-1.0514,3,-59,5.9227,925.25,3
95.25,0.43619,0.19292,-0.96014,3,-58.5,4.7952,922.75,3
95.5,0.43619,0.19292,-0.96014,3,-58,4.0083,923.75,3
96,0.22513,0.29627,-1.0514,3,-61.5,6.0838,920.75,3
96.5,0.40101,0.2044,-0.97154,3,-58.5,5.0882,922.25,3
96.825,0.48309,0.16995,-0.93733,3,-58.5,5.8491,925.25,3
97.25,0.48309,0.16995,-0.93733,3,-59.5,5.4656,925.75,3
97.5,0.2134,0.33072,-1.0514,3,-59,0.54917,924.25,3
97.75,0.50654,0.16995,-0.94873,3,-59,4.9486,922.75,3
98.75,0.52999,0.14698,-0.92593,2,-53,0.90505,922.25,3
98.825,0.52999,0.14698,-0.92593,3,-59.5,5.1572,922.25,3
99.25,0.17823,0.28478,-1.0514,3,-58.5,5.8767,925.25,3
99.35,0.17823,0.28478,-1.0514,2,-55.5,5.3766,920.25,3
99.5,0.17823,0.28478,-1.0514,3,-59,5.5392,925.75,3
100,0.20168,0.30775,-1.0514,3,-59,3.749,924.25,3
100.08,0.20168,0.30775,-1.0514,3,-59,0.099709,924.75,3
100.75,0.45964,0.18143,-0.94873,3,-61,5.8521,921.25,3
101.75,0.40101,0.18143,-0.96014,3,-58.5,5.9856,925.25,3
101.88,0.40101,0.18143,-0.96014,3,-63.5,3.341,920.25,3
102.25,0.2134,0.28478,-1.0514,3,-58.5,0.59365,924.25,3
102.5,0.2134,0.28478,-1.0514,3,-58.5,0.13652,924.75,3
102.75,0.34238,0.23885,-0.99434,3,-58.5,4.0773,923.75,3
103.25,0.27203,0.2733,-1.0286,2,-55,5.0591,920.75,3
103.75,0.37756,0.22737,-0.97154,3,-58.5,4.4792,923.25,3
104,0.37756,0.22737,-0.97154,3,-58.5,5.9733,925.25,3
104.5,0.27203,0.28478,-1.0172,3,-58.5,5.6512,925.75,3
105,0.35411,0.22737,-0.99434,3,-58.5,0.14266,924.75,3
105.25,0.30721,0.26182,-1.0057,3,-58,4.0451,923.75,3
106.5,0.1665,0.26182,-1.0514,2,-56,5.5116,920.25,3
107,0.1665,0.26182,-1.0514,3,-58.5,5.7279,925.75,3
107.75,0.40101,0.2044,-0.97154,3,-58.5,4.1172,923.75,3
107.83,0.40101,0.2044,-0.97154,2,-55,4.8121,921.25,3
108,0.40101,0.2044,-0.97154,2,-55.5,5.1603,920.75,3
108.25,0.40101,0.2044,-0.97154,2,-55.5,5.1327,920.75,3
108.5,0.29548,0.23885,-1.0172,3,-60,5.2754,922.25,3
108.75,0.29548,0.23885,-1.0172,3,-58.5,4.6065,923.25,3
109.25,0.42446,0.16995,-0.94873,2,-56,5.4993,920.25,3
109.33,0.42446,0.16995,-0.94873,3,-58.5,5.6865,925.75,3
109.5,0.42446,0.16995,-0.94873,3,-58.5,0.63507,924.25,3
109.6,0.42446,0.16995,-0.94873,3,-58.5,3.7828,924.25,3
110,0.49481,0.16995,-0.93733,3,-59,4.9256,922.75,3
110.5,0.17823,0.29627,-1.04,2,-55.5,5.1772,920.75,3
111.03,0.52999,0.14698,-0.92593,3,-60,5.283,922.25,3
111.5,0.52999,0.1355,-0.93733,2,-53,4.8259,925.25,3
111.75,0.52999,0.1355,-0.93733,3,-59,5.622,925.75,3
111.83,0.52999,0.1355,-0.93733,3,-59,5.6696,925.75,3
113.25,0.28376,0.26182,-1.0057,2,-55.5,1.445,921.75,3
113.5,0.28376,0.26182,-1.0057,3,-60.5,5.2953,922.25,3
114.25,0.22513,0.29627,-1.04,3,-59.5,5.6497,925.75,3
114.5,0.33066,0.21588,-0.99434,3,-59,0.049087,924.75,3
115,0.33066,0.21588,-0.99434,3,-59,3.9178,923.75,3
116,0.27203,0.30775,-1.0286,3,-59,4.2353,923.25,3
116.5,0.56517,0.1355,-0.91452,2,-56,2.1997,920.25,3
116.58,0.56517,0.1355,-0.91452,3,-59.5,2.3869,925.75,3
117.5,0.23685,0.29627,-1.04,3,-59,4.1172,923.75,3
117.75,0.23685,0.29627,-1.04,2,-56,1.7242,921.25,3
118,0.23685,0.29627,-1.04,2,-56,5.0836,920.75,3
118.5,0.31893,0.26182,-1.0057,3,-59.5,4.4301,923.25,3
118.75,0.27203,0.28478,-1.0286,3,-64,0.15033,920.25,3
120,0.18995,0.29627,-1.04,3,-58.5,4.039,923.75,3
120.5,0.18995,0.29627,-1.04,3,-60.5,2.3899,921.75,3
121,0.43619,0.19292,-0.96014,3,-59,6.0562,925.25,3
121.25,0.43619,0.19292,-0.96014,3,-59,6.1528,925.25,3
121.5,0.43619,0.19292,-0.96014,3,-59,2.5295,925.75,3
121.75,0.2134,0.28478,-1.04,3,-59,0.158,924.75,3
122.25,0.49481,0.16995,-0.93733,3,-58.5,4.151,923.75,3
122.75,0.52999,0.1355,-0.91452,3,-61.5,2.4436,921.75,3
123.25,0.52999,0.1355,-0.91452,3,-61.5,5.372,922.25,3
123.58,0.52999,0.1355,-0.91452,3,-59,6.0209,925.25,3
124.25,0.31893,0.25033,-1.0286,3,-59,3.7046,924.25,3
124.75,0.35411,0.22737,-0.98294,3,-58.5,4.1878,923.75,3
125.25,0.35411,0.22737,-0.98294,3,-63,6.2786,920.75,3
125.5,0.35411,0.22737,-0.98294,3,-61,5.4119,922.25,3
125.75,0.35411,0.22737,-0.98294,3,-59.5,4.7768,923.25,3
126.25,0.35411,0.19292,-0.98294,3,-59,5.9488,925.75,3
126.5,0.35411,0.19292,-0.98294,3,-59,4.0881,924.25,3
127,0.23685,0.2733,-1.04,3,-60,5.1511,922.75,3
127.25,0.24858,0.26182,-1.0514,3,-59.5,4.4455,923.75,3
128.5,0.24858,0.29627,-1.04,3,-64.5,0.22396,920.25,3
129.5,0.44791,0.18143,-0.94873,3,-58.5,4.3274,923.75,3
129.75,0.44791,0.18143,-0.94873,2,-55.5,4.9716,921.25,3
130.5,0.42446,0.18143,-0.96014,3,-60,5.2708,922.25,3
131.5,0.33066,0.23885,-1.0172,3,-58.5,3.8012,924.25,3
131.75,0.33066,0.23885,-1.0172,3,-59,0.2439,924.75,3
131.83,0.33066,0.23885,-1.0172,3,-59.5,4.9716,922.75,3
132.5,0.49481,0.14698,-0.94873,2,-56,5.2631,920.75,3
133.25,0.24858,0.29627,-1.04,3,-59,2.9514,925.25,3
133.5,0.24858,0.29627,-1.04,2,-56.5,5.5745,920.25,3
134,0.17823,0.29627,-1.0514,3,-59,0.33134,924.75,3
134.5,0.17823,0.28478,-1.0514,3,-59,1.1428,923.75,3
135,0.17823,0.28478,-1.0514,2,-55,1.5846,921.75,3
135.25,0.17823,0.28478,-1.0514,3,-61.5,2.5648,921.75,3
135.5,0.22513,0.28478,-1.0514,3,-59,4.6434,923.25,3
135.75,0.22513,0.28478,-1.0514,3,-58.5,6.1206,925.25,3
136,0.22513,0.28478,-1.0514,3,-58.5,5.7156,925.75,3
136.25,0.22513,0.28478,-1.0514,3,-58.5,3.8396,924.25,3
136.5,0.37756,0.21588,-0.98294,3,-58.5,0.34515,924.75,3
136.75,0.37756,0.21588,-0.98294,3,-59.5,5.0713,922.75,3
137.25,0.22513,0.28478,-1.04,3,-63.5,0.026078,920.75,3
138.25,0.30721,0.23885,-1.0057,3,-58.5,6.1865,925.25,3
138.5,0.30721,0.23885,-1.0057,3,-58.5,5.8445,925.75,3
138.75,0.37756,0.19292,-0.96014,3,-58.5,3.6263,924.75,3
139,0.37756,0.19292,-0.96014,3,-58.5,3.6371,924.75,3
139.5,0.41273,0.16995,-0.96014,2,-55.5,5.056,921.25,3
139.75,0.41273,0.16995,-0.96014,3,-63.5,0.041417,920.75,3
140,0.41273,0.16995,-0.96014,2,-54.5,1.5033,921.75,3
140.25,0.22513,0.28478,-1.04,3,-58.5,4.648,923.25,3
140.5,0.22513,0.28478,-1.04,3,-58.5,6.0822,925.25,3
141.25,0.40101,0.2044,-0.98294,3,-59,0.58445,924.25,3
141.75,0.68242,0.10105,-0.88031,3,-59,4.1678,923.75,3
141.83,0.68242,0.10105,-0.88031,3,-60.5,1.4603,923.75,3
142.75,0.47136,0.0091865,-0.97154,3,-66,5.4809,923.25,3
143.5,0.28376,0.10105,-1.0286,3,-61.5,3.7843,925.75,3
144,0.1665,0.14698,-1.0856,2,-52.5,0.66268,922.75,3
144.25,0.38928,0.043636,-0.98294,2,-53,1.8132,923.75,3
144.33,0.38928,0.043636,-0.98294,3,-61,3.8702,923.75,3
144.5,0.38928,0.043636,-0.98294,3,-64,3.0235,921.25,3
145,0.38928,0.043636,-0.98294,3,-63.5,5.6834,922.25,3
145.5,0.17823,0.21588,-1.0856,2,-57,5.8675,920.25,3
145.75,0.17823,0.21588,-1.0856,3,-59,0.27151,925.75,3
146.25,0.44791,0.12402,-0.97154,3,-59.5,4.1525,924.75,3
146.75,0.30721,0.18143,-1.0286,3,-65,6.0945,921.25,3
147.25,0.30721,0.18143,-1.0286,3,-64,5.8828,921.75,3
147.75,0.36583,0.16995,-1.0057,3,-59.5,3.6033,925.25,3
148,0.36583,0.16995,-1.0057,2,-57,5.6727,920.25,3
148.25,0.36583,0.16995,-1.0057,3,-59.5,0.079767,925.75,3
148.75,0.17823,0.23885,-1.0628,3,-59.5,4.0927,924.75,3
149.5,0.15478,0.21588,-1.04,3,-67.5,0.37122,920.75,3
150.25,0.15478,0.21588,-1.04,3,-61,3.835,925.25,3
150.75,0.15478,0.21588,-1.04,3,-59.5,6.2356,925.75,3
151.25,0.28376,0.21588,-1.0172,2,-55,1.1459,922.75,3
151.33,0.28376,0.21588,-1.0172,3,-62.5,2.3025,922.75,3
152.5,0.56517,0.089569,-0.91452,3,-63,2.5924,922.25,3
152.75,0.56517,0.089569,-0.91452,3,-59.5,0.52769,925.25,3
153,0.56517,0.089569,-0.91452,3,-66.5,0.48934,920.25,3
153.75,0.2603,0.25033,-1.0628,3,-62,5.5085,922.75,3
154.25,0.2603,0.25033,-1.0628,3,-65.5,0.12732,921.25,3
155.5,0.2603,0.21588,-1.04,2,-57.5,5.8015,920.25,3
155.58,0.2603,0.21588,-1.04,3,-59,3.4607,925.75,3
156,0.58862,0.12402,-0.90312,3,-61,0.32981,924.75,3
156.5,0.58862,0.12402,-0.90312,2,-57,5.5162,923.75,3
159.25,0.65897,0.79004,0.317,3,-58,0.55837,920.75,1
159.35,0.65897,0.79004,0.317,2,-58,5.0315,920.75,1
159.5,0.65897,0.79004,0.317,2,-58.5,5.5622,921.75,1
160,0.37756,0.97377,-0.24174,3,-58,5.2171,925.25,1
161.25,0.45964,0.90487,0.077541,3,-59,6.1681,923.75,4
162.25,0.83485,1.0656,0.16876,1,-60,5.5085,922.25,4
163.75,0.52999,0.85894,-0.24174,1,-50,0.033748,921.25,4
164,0.61207,0.88191,0.33981,1,-51.5,1.5999,920.75,4
378,0.14305,0.49148,-0.97154,3,-61.5,0.64274,921.25,3
378.5,0.31893,0.50296,-0.93733,3,-62.5,6.2479,921.75,3
379.25,0.36583,0.43406,-0.90312,3,-62.5,1.3744,920.25,3
380,0.35411,0.42258,-0.91452,3,-65.5,1.3775,924.75,3
380.5,0.23685,0.49148,-0.96014,3,-63,0.76852,921.25,3
381.75,0.30721,0.45703,-0.92593,3,-62.5,1.4143,920.25,3
382,0.30721,0.45703,-0.92593,3,-65,1.6045,924.25,3
382.75,0.28376,0.45703,-0.94873,3,-64,1.9436,923.75,3
383,0.18995,0.48,-0.98294,2,-51.5,0.97101,920.75,3
383.08,0.18995,0.48,-0.98294,3,-62,4.2215,920.75,3
383.5,0.37756,0.38813,-0.93733,3,-62.5,6.254,922.25,3
386.25,0.50654,0.30775,-0.86891,3,-63.5,6.1651,923.25,3
386.5,0.50654,0.30775,-0.86891,3,-65,5.2247,920.25,3
387,0.34238,0.39961,-0.92593,3,-65,4.8658,924.75,3
387.75,0.48309,0.31923,-0.89172,2,-51.5,1.1612,921.25,3
388.5,0.38928,0.38813,-0.91452,3,-62.5,3.568,922.25,3
389.25,0.30721,0.43406,-0.94873,3,-66.5,0.95874,925.75,3
389.75,0.41273,0.35368,-0.89172,3,-63.5,0.25004,922.75,3
390.25,0.40101,0.35368,-0.91452,3,-63.5,4.5176,921.25,3
391,0.20168,0.45703,-0.99434,3,-63,5.869,923.25,3
391.75,0.22513,0.46851,-0.98294,3,-66,4.0896,925.75,3
392,0.22513,0.46851,-0.98294,3,-64,1.7089,924.75,3
392.25,0.2603,0.44555,-0.97154,3,-63,5.6328,923.75,3
392.75,0.35411,0.4111,-0.93733,3,-64.5,4.852,920.75,3
393.25,0.43619,0.35368,-0.88031,2,-51.5,0.34361,922.25,3
393.35,0.43619,0.35368,-0.88031,3,-63.5,0.43718,922.25,3
393.75,0.18995,0.45703,-0.98294,3,-65.5,4.4102,925.25,3
394.25,0.49481,0.3422,-0.88031,3,-63,2.0279,924.25,3
394.75,0.36583,0.4111,-0.92593,3,-63,0.099709,922.75,3
395,0.36583,0.4111,-0.92593,3,-63,4.4501,921.25,3
395.25,0.36583,0.4111,-0.92593,3,-63.5,4.829,920.75,3
395.5,0.37756,0.38813,-0.91452,3,-63,0.52616,922.25,3
395.75,0.37756,0.38813,-0.91452,3,-62.5,5.9549,923.25,3
396.5,0.56517,0.30775,-0.86891,3,-66,0.948,925.75,3
397.5,0.49481,0.31923,-0.88031,3,-63.5,1.3315,921.25,3
398,0.34238,0.43406,-0.94873,3,-63,0.96027,921.75,3
398.75,0.2603,0.45703,-0.97154,3,-65,1.9727,920.25,3
399.25,0.2603,0.45703,-0.97154,3,-64,2.0295,924.25,3
399.75,0.36583,0.4111,-0.93733,3,-64,5.6803,923.75,3
400.25,0.38928,0.37665,-0.92593,3,-65.5,1.8086,920.75,3
400.5,0.38928,0.37665,-0.92593,3,-64,1.0968,921.75,3
401.25,0.41273,0.36516,-0.91452,3,-65,1.9359,920.25,3
402,0.2134,0.44555,-0.98294,3,-63.5,0.15033,922.75,3
402.5,0.23685,0.44555,-0.99434,3,-66,4.9149,920.75,3
402.75,0.23685,0.44555,-0.99434,3,-64.5,1.1582,921.75,3
403.25,0.15478,0.43406,-0.99434,3,-64,6.2709,923.25,3
403.5,0.15478,0.43406,-0.99434,3,-65.5,1.557,925.25,3
404.5,0.56517,0.30775,-0.85751,2,-52,6.1681,922.75,3
404.75,0.34238,0.42258,-0.94873,3,-64,1.2947,921.25,3
405.25,0.58862,0.28478,-0.8461,3,-64,1.0339,921.75,3
405.5,0.58862,0.28478,-0.8461,3,-64,0.72864,922.25,3
406,0.20168,0.43406,-0.99434,3,-65,4.7201,925.25,3
406.5,0.2134,0.42258,-1.0057,3,-64,5.5484,924.25,3
406.75,0.49481,0.26182,-0.89172,2,-51,0.73171,922.75,3
407,0.49481,0.26182,-0.89172,2,-51,0.71023,922.75,3
407.08,0.13132,0.39961,-1.0286,3,-64.5,6.1068,923.75,3
407.75,0.14305,0.42258,-1.0172,3,-65,1.0646,922.25,3
408,0.14305,0.42258,-1.0172,3,-64,0.21936,923.25,3
408.25,0.14305,0.42258,-1.0172,3,-65,1.6368,925.25,3
409,0.23685,0.39961,-1.0172,3,-65,5.0023,924.75,3
409.75,0.22513,0.42258,-1.0057,3,-65,1.4573,921.25,3
410,0.22513,0.42258,-1.0057,3,-65,1.7641,920.75,3
410.25,0.47136,0.33072,-0.91452,3,-63.5,0.6412,922.25,3
410.75,0.41273,0.35368,-0.92593,3,-65,4.6096,925.25,3
411.5,0.44791,0.3422,-0.91452,3,-63.5,2.212,924.25,3
411.75,0.54171,0.29627,-0.88031,3,-63,0.25771,922.75,3
412.25,0.44791,0.3422,-0.91452,3,-63.5,4.5114,921.25,3
412.5,0.28376,0.42258,-0.98294,3,-63,1.0216,921.75,3
412.75,0.28376,0.42258,-0.98294,3,-63,3.7828,922.25,3
413,0.28376,0.42258,-0.98294,3,-62.5,2.9268,923.25,3
413.25,0.31893,0.42258,-0.97154,3,-65,2.0325,920.25,3
413.75,0.31893,0.42258,-0.97154,2,-52.5,5.2968,924.25,3
413.83,0.31893,0.42258,-0.97154,3,-63,2.1951,924.25,3
414.25,0.63552,0.25033,-0.8461,3,-63,0.18254,922.75,3
414.53,0.63552,0.25033,-0.8461,3,-63,2.5142,923.75,3
414.75,0.43619,0.3422,-0.91452,3,-64.5,1.6705,920.75,3
415,0.43619,0.3422,-0.91452,2,-51,0.87744,921.75,3
415.08,0.43619,0.3422,-0.91452,3,-63.5,4.1203,921.75,3
415.25,0.43619,0.3422,-0.91452,3,-63.5,3.723,922.25,3
416,0.36583,0.38813,-0.94873,2,-55,1.2686,925.75,3
416.5,0.60034,0.26182,-0.86891,3,-63,0.19635,922.75,3
416.75,0.60034,0.26182,-0.86891,3,-63.5,5.6481,923.75,3
417,0.60034,0.26182,-0.86891,3,-64,4.4716,921.25,3
417.25,0.60034,0.26182,-0.86891,3,-64.5,1.6828,920.75,3
417.5,0.54171,0.30775,-0.88031,3,-63.5,0.64274,922.25,3
417.75,0.54171,0.30775,-0.88031,3,-63.5,6.0822,923.25,3
420.25,0.34238,0.39961,-0.96014,2,-51.5,5.9472,923.25,3
420.33,0.34238,0.39961,-0.96014,2,-52,5.9457,923.25,3
420.5,0.27203,0.4111,-0.99434,3,-64.5,1.5524,925.25,3
421.5,0.2603,0.39961,-0.99434,2,-51,0.28992,922.75,3
421.58,0.2603,0.39961,-0.99434,3,-63.5,0.40037,922.75,3
421.75,0.2603,0.39961,-0.99434,3,-63,5.8107,923.75,3
422,0.29548,0.4111,-0.99434,3,-64.5,1.7395,920.75,3
422.5,0.28376,0.42258,-0.99434,3,-63.5,0.63507,922.25,3
422.75,0.28376,0.42258,-0.99434,3,-63.5,6.1098,923.25,3
422.85,0.28376,0.42258,-0.99434,3,-64.5,1.4297,925.25,3
423.75,0.24858,0.39961,-0.99434,3,-63.5,0.35742,922.75,3
424.25,0.31893,0.39961,-0.97154,3,-65,1.5232,921.25,3
424.75,0.24858,0.42258,-0.99434,3,-64,0.83909,922.25,3
425.75,0.30721,0.39961,-0.99434,3,-66,1.0707,925.75,3
426.25,0.33066,0.39961,-0.98294,3,-64.5,4.967,924.75,3
426.75,0.22513,0.39961,-0.99434,3,-64.5,1.5815,921.25,3
427,0.22513,0.39961,-0.99434,3,-65,4.4455,921.75,3
427.5,0.20168,0.39961,-1.0172,3,-63.5,0.12272,923.25,3
428.25,0.58862,0.26182,-0.85751,3,-63.5,2.2381,924.25,3
428.5,0.58862,0.26182,-0.85751,3,-64,1.896,924.75,3
429,0.23685,0.4111,-0.99434,3,-63.5,5.8245,923.75,3
429.25,0.23685,0.4111,-0.99434,3,-64.5,1.5493,921.25,3
429.75,0.23685,0.39961,-1.0172,3,-64.5,1.307,921.75,3
430,0.23685,0.39961,-1.0172,2,-51.5,0.072097,923.25,3
430.5,0.50654,0.2733,-0.91452,3,-66.5,5.3444,920.25,3
430.75,0.50654,0.2733,-0.91452,2,-52,5.415,924.25,3
431.25,0.24858,0.39961,-0.98294,2,-51.5,0.18408,922.75,3
432.25,0.51826,0.29627,-0.90312,2,-51,0.71484,922.25,3
432.33,0.51826,0.29627,-0.90312,2,-51,0.7179,922.25,3
432.5,0.55344,0.28478,-0.88031,3,-63,0.082835,923.25,3
432.75,0.55344,0.28478,-0.88031,3,-66,5.3444,920.25,3
433.25,0.31893,0.38813,-0.98294,3,-63.5,2.3746,924.25,3
433.75,0.30721,0.39961,-0.98294,2,-51.5,0.21629,922.75,3
434.25,0.68242,0.23885,-0.8347,3,-65,1.7994,920.75,3
434.5,0.68242,0.23885,-0.8347,3,-64,1.1858,921.75,3
434.75,0.68242,0.23885,-0.8347,3,-64,0.82682,922.25,3
435,0.22513,0.39961,-0.99434,3,-64.5,1.5923,925.25,3
436.25,0.34238,0.39961,-0.98294,3,-63.5,5.7877,923.75,3
436.75,0.51826,0.30775,-0.88031,3,-63.5,1.1551,921.75,3
437.25,0.23685,0.39961,-0.99434,3,-63.5,3.9592,922.25,3
438,0.38928,0.36516,-0.93733,3,-63.5,5.4242,924.25,3
438.25,0.38928,0.36516,-0.93733,3,-63.5,1.9006,924.75,3
438.5,0.38928,0.36516,-0.93733,2,-51.5,0.18101,922.75,3
438.75,0.47136,0.33072,-0.90312,3,-63.5,5.8077,923.75,3
439,0.33066,0.39961,-0.98294,3,-65,1.804,920.75,3
439.25,0.33066,0.39961,-0.98294,3,-64,1.1658,921.75,3
440,0.56517,0.2733,-0.88031,2,-53.5,1.6475,925.25,3
441.75,0.24858,0.39961,-0.99434,3,-64,1.2318,921.75,3
442,0.50654,0.29627,-0.90312,3,-63.5,0.029146,923.25,3
442.75,0.33066,0.39961,-0.98294,3,-66,2.1568,920.25,3
443,0.33066,0.39961,-0.98294,3,-63.5,2.3117,924.25,3
443.25,0.33066,0.39961,-0.98294,2,-51.5,0.23163,922.75,3
443.33,0.33066,0.39961,-0.98294,3,-63,3.5328,922.75,3
443.5,0.33066,0.39961,-0.98294,3,-63,5.8383,923.75,3
443.75,0.24858,0.38813,-0.99434,2,-51.5,5.0453,920.75,3
444,0.29548,0.38813,-0.99434,3,-64,1.2425,921.75,3
444.75,0.23685,0.38813,-1.0057,3,-63.5,0.13192,923.25,3
445,0.23685,0.38813,-1.0057,3,-67,2.2105,920.25,3
445.25,0.23685,0.38813,-1.0057,3,-65,1.2839,925.75,3
446,0.58862,0.25033,-0.88031,3,-63.5,5.9258,923.75,3
446.5,0.61207,0.26182,-0.85751,3,-67,1.9466,920.75,3
446.75,0.61207,0.26182,-0.85751,3,-65,1.4281,921.75,3
447,0.61207,0.26182,-0.85751,3,-64.5,0.32214,923.25,3
447.25,0.61207,0.26182,-0.85751,3,-64.5,4.9778,925.25,3
447.75,0.42446,0.33072,-0.93733,3,-65,1.3867,925.75,3
448.5,0.52999,0.2733,-0.90312,3,-63.5,6.1114,923.75,3
449.5,0.55344,0.2733,-0.89172,3,-64,0.17948,923.25,3
450,0.28376,0.37665,-0.99434,3,-65,4.4163,925.75,3
450.25,0.28376,0.37665,-0.99434,3,-64,5.6803,924.25,3
450.75,0.56517,0.26182,-0.89172,3,-64.5,6.0393,923.75,3
451.5,0.29548,0.37665,-0.99434,3,-66,1.2671,921.75,3
451.75,0.34238,0.38813,-0.98294,2,-51,0.16107,923.25,3
452,0.34238,0.38813,-0.98294,2,-51,0.17181,923.25,3
452.25,0.52999,0.28478,-0.90312,3,-64.5,1.7871,925.25,3
452.5,0.52999,0.28478,-0.90312,3,-64.5,1.5524,925.75,3
452.75,0.52999,0.28478,-0.90312,3,-67,5.8997,924.75,3
453.25,0.28376,0.36516,-1.0172,3,-66,0.16414,923.75,3
454.28,0.61207,0.22737,-0.90312,3,-65.5,6.2694,923.25,3
454.5,0.61207,0.22737,-0.90312,3,-65,4.7737,925.25,3
455,0.61207,0.22737,-0.90312,3,-65,4.4194,925.75,3
455.08,0.61207,0.22737,-0.90312,3,-64.5,5.5469,924.25,3
455.5,0.41273,0.39961,-0.92593,3,-66,0.58598,922.75,3
455.75,0.41273,0.39961,-0.92593,3,-65.5,6.0285,923.75,3
456.5,0.45964,0.36516,-0.92593,3,-66.5,0.90045,922.25,3
457,0.36583,0.36516,-0.96014,3,-65,4.6756,925.25,3
457.75,0.37756,0.38813,-0.94873,3,-65,5.0253,924.75,3
458,0.37756,0.38813,-0.94873,2,-51.5,5.78,923.75,3
459,0.67069,0.26182,-0.8347,3,-67,0.92039,922.25,3
460,0.47136,0.36516,-0.92593,3,-65,5.5009,924.25,3
460.5,0.77622,0.23885,-0.80049,2,-51.5,0.41417,922.75,3
460.58,0.77622,0.23885,-0.80049,3,-65.5,5.9212,923.75,3
461.5,0.77622,0.2044,-0.8119,3,-66,0.92959,922.25,3
461.75,0.42446,0.37665,-0.94873,3,-65.5,1.5294,925.25,3
462.25,0.42446,0.37665,-0.94873,3,-66,1.1259,925.75,3
462.5,0.42446,0.38813,-0.93733,3,-64.5,1.9359,924.75,3
462.75,0.42446,0.38813,-0.93733,3,-65.5,0.35435,922.75,3
463,0.42446,0.38813,-0.93733,3,-64.5,5.7417,923.75,3
464.25,0.36583,0.37665,-0.94873,3,-65.5,4.6694,925.25,3
464.5,0.36583,0.37665,-0.94873,3,-66.5,4.2108,925.75,3
465.25,0.72932,0.23885,-0.8119,3,-66,0.33901,922.75,3
465.5,0.72932,0.23885,-0.8119,3,-67.5,1.468,921.25,3
466.5,0.36583,0.37665,-0.96014,3,-64,6.2694,923.25,3
467.25,0.44791,0.37665,-0.93733,3,-65.5,1.1213,925.75,3
467.75,0.37756,0.37665,-0.96014,3,-65.5,0.4694,922.75,3
468.75,0.69414,0.25033,-0.8347,2,-51.5,0.89431,922.25,3
469.75,0.47136,0.36516,-0.91452,3,-64,2.3194,924.25,3
470,0.47136,0.36516,-0.91452,3,-64.5,5.0944,924.75,3
471,0.7645,0.22737,-0.8233,3,-66.5,0.92039,922.25,3
471.25,0.7645,0.22737,-0.8233,3,-65,0.12118,923.25,3
472.25,0.58862,0.30775,-0.86891,2,-52,5.3521,924.25,3
472.33,0.58862,0.30775,-0.86891,3,-64.5,5.4211,924.25,3
472.75,0.43619,0.39961,-0.93733,2,-51.5,5.7846,923.75,3
473.25,0.52999,0.33072,-0.88031,3,-67,1.2257,921.75,3
474,0.37756,0.37665,-0.94873,3,-65,1.5616,925.25,3
474.5,0.47136,0.37665,-0.92593,3,-64,2.2994,924.25,3
474.75,0.47136,0.37665,-0.92593,3,-64.5,1.896,924.75,3
476,0.44791,0.36516,-0.92593,3,-66,0.90505,922.25,3
476.25,0.44791,0.36516,-0.92593,3,-64.5,0.10124,923.25,3
477,0.49481,0.36516,-0.91452,3,-64,5.4272,924.25,3
477.25,0.49481,0.36516,-0.91452,3,-64.5,5.0361,924.75,3
478.75,0.68242,0.25033,-0.8233,3,-65,0.084369,923.25,3
479.25,0.49481,0.33072,-0.90312,3,-66,4.4102,925.75,3
479.5,0.49481,0.33072,-0.90312,3,-65,5.1849,924.75,3
480,0.47136,0.36516,-0.92593,3,-66,6.1605,923.75,3
480.75,0.44791,0.38813,-0.93733,3,-66.5,1.1597,921.75,3
481.75,0.45964,0.36516,-0.92593,3,-65,5.3996,924.25,3
483.75,0.62379,0.28478,-0.86891,3,-65.5,4.6725,925.25,3
484.25,0.43619,0.39961,-0.93733,3,-64.5,5.3521,924.25,3
484.5,0.43619,0.39961,-0.93733,3,-64.5,4.9502,924.75,3
484.75,0.43619,0.39961,-0.93733,3,-65,5.7678,923.75,3
486,0.43619,0.37665,-0.93733,3,-65.5,6.205,923.25,3
486.25,0.43619,0.37665,-0.93733,3,-65.5,4.6265,925.25,3
486.5,0.43619,0.37665,-0.93733,3,-66.5,1.0922,925.75,3
487,0.42446,0.36516,-0.94873,3,-65,5.0023,924.75,3
487.5,0.48309,0.35368,-0.91452,3,-67.5,1.3668,921.25,3
488.25,0.54171,0.33072,-0.89172,3,-66.5,0.76852,922.25,3
489,0.47136,0.37665,-0.91452,3,-66,1.2395,925.75,3
489.25,0.47136,0.37665,-0.91452,3,-64,5.6435,924.25,3
489.3,0.47136,0.37665,-0.91452,3,-64,1.9942,924.75,3
490.75,0.62379,0.29627,-0.85751,3,-64.5,0.10738,923.25,3
491.5,0.77622,0.23885,-0.80049,2,-53,1.2164,925.75,3
491.63,0.77622,0.23885,-0.80049,3,-64,5.1849,924.25,3
491.75,0.77622,0.23885,-0.80049,3,-65,4.7262,924.75,3
492,0.34238,0.36516,-0.98294,2,-51,0.4694,922.75,3
492.25,0.37756,0.36516,-0.97154,3,-64,5.8368,923.75,3
493,0.64724,0.25033,-0.85751,2,-55,4.7768,921.75,3
493.25,0.64724,0.25033,-0.85751,2,-56,0.21936,923.25,3
494,0.55344,0.26182,-0.91452,3,-67.5,5.4104,924.25,3
494.5,0.60034,0.25033,-0.88031,3,-68,5.6159,923.75,3
496.5,0.47136,0.31923,-0.93733,3,-69.5,5.0391,924.25,3
499,0.67069,0.16995,-0.85751,3,-68.5,4.7185,924.25,3
500.25,0.48309,0.3422,-0.91452,3,-66,0.92652,921.75,3
501.25,0.48309,0.30775,-0.92593,3,-68.5,3.95,925.75,3
501.75,0.33066,0.35368,-0.98294,3,-66.5,0.001534,922.75,3
503.75,0.52999,0.2733,-0.92593,3,-67,1.8469,924.25,3
504,0.52999,0.2733,-0.92593,3,-67.5,4.5467,924.75,3
505.25,0.38928,0.35368,-0.96014,3,-67,0.30219,922.25,3
505.75,0.77622,0.19292,-0.8347,2,-54.5,5.6543,920.25,3
506,0.77622,0.19292,-0.8347,3,-68.5,0.80687,925.75,3
507,0.48309,0.31923,-0.92593,3,-67,5.6312,923.75,3
508,0.79967,0.18143,-0.8233,2,-52,6.274,923.25,3
508.5,0.52999,0.26182,-0.91452,3,-69,3.8748,925.75,3
508.75,0.52999,0.26182,-0.91452,3,-67,4.6403,924.75,3
510,0.47136,0.31923,-0.93733,3,-67.5,0.35895,922.25,3
510.75,0.58862,0.25033,-0.88031,2,-55,1.2778,925.75,3
511.25,0.63552,0.23885,-0.85751,3,-67,4.5467,924.75,3
511.75,0.37756,0.3422,-0.97154,3,-66.5,5.3551,923.75,3
512.75,0.48309,0.30775,-0.94873,2,-52,6.0945,923.25,3
513.5,0.56517,0.2733,-0.91452,2,-53,2.1967,924.25,3
514,0.45964,0.30775,-0.94873,3,-67,6.1375,922.75,3
514.25,0.45964,0.30775,-0.94873,3,-66.5,5.3214,923.75,3
516.25,0.52999,0.28478,-0.91452,3,-67.5,4.4301,924.75,3
516.75,0.57689,0.26182,-0.90312,3,-66.5,5.2017,923.75,3
517.25,0.40101,0.35368,-0.96014,3,-66.5,0.49241,921.75,3
518.25,0.52999,0.29627,-0.90312,2,-53,5.329,924.25,3
518.75,0.60034,0.23885,-0.88031,3,-66.5,6.0485,922.75,3
519.75,0.37756,0.3422,-0.97154,3,-67,0.51235,921.75,3
520,0.70587,0.2044,-0.8347,3,-66,5.5193,923.25,3
520.75,0.57689,0.28478,-0.88031,3,-66.5,1.6613,924.25,3
521.25,0.36583,0.35368,-0.97154,3,-66,6.0178,922.75,3
523.25,0.43619,0.31923,-0.96014,3,-67,4.8903,924.25,3
523.5,0.43619,0.31923,-0.96014,3,-67.5,4.5038,924.75,3
523.75,0.31893,0.3422,-0.98294,3,-66.5,5.191,923.75,3
524.75,0.33066,0.33072,-0.99434,3,-66.5,5.5699,923.25,3
525.5,0.74105,0.18143,-0.8347,2,-53,5.2861,924.25,3
525.75,0.74105,0.18143,-0.8347,3,-66.5,4.7523,924.25,3
526.25,0.69414,0.2044,-0.8461,3,-66.5,6.0424,922.75,3
528.25,0.52999,0.2733,-0.90312,3,-66.5,4.493,924.75,3
530.5,0.43619,0.33072,-0.96014,3,-66,4.9256,924.25,3
530.75,0.43619,0.33072,-0.96014,2,-52,0.17641,922.75,3
531,0.43619,0.33072,-0.96014,3,-66,6.1098,922.75,3
532,0.37756,0.35368,-0.97154,3,-66,0.28992,922.25,3
533,0.57689,0.2733,-0.89172,3,-65.5,1.7886,924.25,3
533.5,0.57689,0.2733,-0.89172,3,-66,6.2203,922.75,3
534.25,0.45964,0.31923,-0.94873,3,-67,0.73017,921.75,3
534.5,0.45964,0.31923,-0.94873,3,-65.5,5.7217,923.25,3
535.25,0.48309,0.29627,-0.93733,3,-68.5,0.61359,925.75,3
535.5,0.48309,0.29627,-0.93733,3,-66.5,1.3744,924.75,3
537,0.31893,0.36516,-0.98294,3,-65.5,5.9488,923.25,3
540,0.9521,0.60631,-0.24174,2,-61.5,1.8623,925.75,1
540.75,0.77622,0.60631,0.2942,1,-70,0.25617,922.75,1
541,0.77622,0.60631,0.2942,3,-60,5.0759,923.75,1
541.25,0.87003,0.79004,-0.19613,1,-67.5,3.7061,920.75,1
541.5,0.87003,0.79004,-0.19613,3,-59.5,0.4019,921.75,4
542.5,0.62379,0.51445,0.12315,1,-63.5,4.5467,920.25,4
542.75,0.62379,0.51445,0.12315,2,-68,5.145,924.75,4
544.75,0.64724,0.66373,-0.18473,1,-49.5,3.9531,920.25,4
