0,-0.23216,0.21588,-1.1882,2,-48.5,2.7443,920.75,3
0.25,-0.056282,0.043636,-1.1426,2,-50,2.3654,921.75,3
0.5,0.14305,0.29627,-1.3364,3,-59.5,0.20709,922.25,3
0.75,0.31893,0.28478,-0.92593,2,-51,0.41571,923.25,3
1.05,0.41273,0.1355,-1.0286,2,-44.5,4.4547,920.25,3
1.25,0.31893,0.23885,-0.97154,2,-52,1.5401,925.75,3
1.5,0.14305,0.29627,-1.0172,2,-52,1.8776,924.25,3
1.75,0.14305,0.29627,-1.0172,2,-51.5,1.7794,924.75,3
2,0.1665,0.1355,-0.8347,3,-63.5,2.3194,922.75,3
2.75,0.1665,0.1355,-0.8347,2,-60.5,4.8474,921.75,3
3.25,0.1196,0.18143,-0.97154,3,-66.5,4.0543,925.25,3
4.5,0.060972,0.25033,-1.0514,3,-64,2.0739,922.75,3
5,0.10787,0.23885,-1.0286,3,-64,5.6481,921.75,3
5.5,0.14305,0.21588,-1.0286,3,-63,1.8715,923.25,3
6,0.14305,0.21588,-1.0286,2,-51,2.5173,920.25,3
6.75,0.084423,0.25033,-1.0628,3,-63,5.2784,922.75,3
7,0.084423,0.25033,-1.0628,2,-53,2.0632,921.25,3
7.25,-0.056282,0.28478,-1.097,2,-53,2.0571,921.25,3
7.75,0.27203,0.14698,-0.97154,2,-53.5,1.7211,922.25,3
8,0.27203,0.14698,-0.97154,3,-63.5,1.8837,923.25,3
8.25,0.27203,0.14698,-0.97154,2,-51,2.4989,920.25,3
8.5,-0.044557,0.26182,-1.097,3,-61.5,0.19788,920.25,3
9.25,0.096148,0.23885,-1.04,3,-63,2.1261,922.75,3
9.75,0.27203,0.14698,-0.97154,3,-62.5,5.9841,921.25,3
10,0.27203,0.14698,-0.97154,3,-62.5,2.6047,921.75,3
10.75,0.037521,0.2733,-1.0628,2,-51,2.505,920.25,3
11,0.037521,0.26182,-1.0742,2,-51.5,2.5142,920.25,3
11.5,0.037521,0.26182,-1.0742,3,-65,1.1766,924.75,3
12,0.2134,0.18143,-0.99434,3,-63.5,5.8307,921.25,3
12.25,-0.021106,0.28478,-1.0856,2,-52,2.2964,920.75,3
12.5,-0.021106,0.28478,-1.0856,3,-63.5,5.5745,921.75,3
12.75,0.025796,0.2733,-1.0856,2,-53.5,1.7365,922.25,3
13.25,0.025796,0.2733,-1.0856,3,-66,0.82682,925.25,3
13.5,0.060972,0.26182,-1.0628,3,-66.5,3.7736,925.75,3
13.75,0.060972,0.26182,-1.0628,2,-55.5,0.85289,924.75,3
14.5,-0.0093803,0.2733,-1.0742,2,-52.5,2.1338,921.25,3
14.75,-0.0093803,0.2733,-1.0742,2,-52,2.327,920.75,3
15.5,0.084423,0.26182,-1.0628,3,-66,3.996,925.25,3
15.75,0.084423,0.26182,-1.0628,3,-62,0.041417,920.25,3
16.75,0.060972,0.2733,-1.0742,3,-64.5,1.5662,923.75,3
17,0.060972,0.2733,-1.0742,3,-63,2.7336,921.25,3
17.25,0.1665,0.21588,-1.0172,3,-63,2.5188,921.75,3
17.5,-0.0093803,0.2733,-1.097,3,-63.5,2.3117,922.25,3
18,0.22513,0.16995,-0.99434,3,-62,0.041417,920.25,3
18.75,0.037521,0.26182,-1.0742,2,-53,1.623,922.75,3
19.25,0.096148,0.2733,-1.0628,3,-63,5.9135,921.25,3
19.5,0.096148,0.2733,-1.0628,2,-52,2.327,920.75,3
19.75,0.1196,0.23885,-1.0514,3,-63,2.5418,921.75,3
20,0.1196,0.23885,-1.0514,2,-53.5,1.7349,922.25,3
20.25,0.18995,0.19292,-1.0172,3,-66,0.8667,925.25,3
20.5,0.18995,0.19292,-1.0172,3,-62,0.072097,920.25,3
21.25,0.096148,0.21588,-1.0628,3,-63,2.1353,922.75,3
21.75,0.0023451,0.25033,-1.097,3,-63,5.9058,921.25,3
22,0.0023451,0.25033,-1.097,2,-51.5,2.3501,920.75,3
22.5,0.014071,0.2733,-1.0742,3,-63.5,1.8484,923.25,3
22.75,0.014071,0.2733,-1.0742,3,-65.5,4.0543,925.25,3
23.25,0.1196,0.25033,-1.04,3,-66,3.7659,925.75,3
23.5,0.1196,0.25033,-1.04,3,-64.5,1.3959,924.25,3
23.75,0.1196,0.25033,-1.04,3,-63,5.2585,922.75,3
24.25,0.10787,0.22737,-1.0742,3,-63,5.9396,921.25,3
24.5,0.025796,0.26182,-1.0856,2,-51.5,2.3669,920.75,3
24.75,0.0023451,0.26182,-1.1084,2,-52.5,1.9497,921.75,3
25,0.29548,0.1355,-0.99434,3,-64,4.9977,923.25,3
25.25,0.29548,0.1355,-0.99434,3,-65.5,4.0344,925.25,3
25.5,0.29548,0.1355,-0.99434,2,-50.5,2.5924,920.25,3
25.75,0.014071,0.2733,-1.097,3,-66,3.7889,925.75,3
26,0.014071,0.2733,-1.097,3,-65,1.1367,924.75,3
26.25,0.014071,0.2733,-1.097,2,-53,1.6045,922.75,3
26.5,0.037521,0.25033,-1.0856,3,-63.5,1.669,923.75,3
26.75,0.072698,0.25033,-1.0856,2,-51.5,2.1752,921.25,3
26.825,0.072698,0.25033,-1.0856,2,-51,2.393,920.75,3
27,0.014071,0.26182,-1.0856,3,-62,6.1651,920.75,3
27.5,0.072698,0.26182,-1.0742,3,-63.5,1.9067,923.25,3
27.75,0.072698,0.26182,-1.0742,3,-61.5,0.056757,920.25,3
28.5,0.084423,0.25033,-1.0742,2,-53,1.5923,922.75,3
28.75,0.24858,0.16995,-1.0057,3,-63.5,1.6736,923.75,3
29,0.24858,0.16995,-1.0057,2,-51.5,2.1813,921.25,3
29.25,0.0023451,0.26182,-1.1084,2,-51.5,2.1875,921.25,3
29.325,0.0023451,0.26182,-1.1084,2,-51,2.3807,920.75,3
29.35,0.025796,0.26182,-1.0856,2,-51,2.3777,920.75,3
29.5,0.025796,0.25033,-1.0856,2,-52,1.9482,921.75,3
30,0.30721,0.14698,-0.98294,3,-63.5,1.8822,923.25,3
30.25,0.30721,0.14698,-0.98294,2,-51,2.5648,920.25,3
30.5,0.060972,0.2733,-1.0856,3,-66,3.7828,925.75,3
30.75,0.060972,0.2733,-1.0856,3,-64,4.5314,924.25,3
31,0.060972,0.2733,-1.0856,3,-63,2.1138,922.75,3
31.25,0.060972,0.2733,-1.0856,3,-63,2.1368,922.75,3
31.5,0.014071,0.25033,-1.0856,2,-51.5,2.2028,921.25,3
31.75,0.22513,0.15847,-1.0172,3,-62.5,6.1589,920.75,3
32,0.22513,0.15847,-1.0172,3,-63,5.4809,922.25,3
32.5,0.096148,0.26182,-1.0742,3,-65.5,0.89738,925.25,3
32.75,0.096148,0.26182,-1.0742,2,-51,2.5617,920.25,3
33.5,0.1665,0.23885,-1.04,3,-65,1.1275,924.75,3
34,0.1665,0.23885,-1.04,2,-51.5,2.1783,921.25,3
34.25,0.1196,0.22737,-1.0628,2,-51,2.3961,920.75,3
34.5,0.23685,0.16995,-1.0057,2,-52,1.9957,921.75,3
35,0.30721,0.14698,-0.98294,2,-50.5,2.5694,920.25,3
35.25,0.049247,0.26182,-1.0856,3,-62,0.056757,920.25,3
35.75,0.060972,0.26182,-1.0856,3,-64.5,4.2921,924.75,3
36,0.060972,0.26182,-1.0856,2,-53,1.5815,922.75,3
36.25,0.037521,0.26182,-1.0856,2,-51.5,2.1522,921.25,3
36.5,0.23685,0.18143,-1.0172,3,-62,6.1605,920.75,3
36.75,0.025796,0.26182,-1.0856,2,-52,1.9788,921.75,3
37,0.30721,0.1355,-0.99434,3,-63.5,1.9159,923.25,3
37.5,0.1196,0.25033,-1.0628,2,-50,2.6753,920.25,3
38,0.14305,0.21588,-1.0514,3,-66,0.67955,925.75,3
38.25,0.14305,0.21588,-1.0514,3,-64.5,4.2982,924.75,3
38.5,0.22513,0.2044,-1.0172,3,-63.5,1.6429,923.75,3
38.75,0.22513,0.2044,-1.0172,3,-63,5.9058,921.25,3
39,0.014071,0.26182,-1.0856,3,-62,6.1344,920.75,3
39.25,0.014071,0.26182,-1.0856,3,-63,5.6803,921.75,3
39.5,0.014071,0.26182,-1.0856,3,-63,5.4732,922.25,3
39.75,0.049247,0.26182,-1.0856,3,-65.5,0.90045,925.25,3
40.25,0.049247,0.26182,-1.0856,3,-66,0.68876,925.75,3
40.75,0.13132,0.2044,-1.0514,2,-53,1.5969,922.75,3
41,0.049247,0.23885,-1.0856,3,-63.5,1.6674,923.75,3
41.25,0.29548,0.1355,-0.99434,2,-51,2.3777,920.75,3
41.5,0.29548,0.1355,-0.99434,3,-62,6.1697,920.75,3
41.75,0.037521,0.26182,-1.0856,2,-52,1.9466,921.75,3
42.25,0.29548,0.15847,-0.99434,3,-63.5,5.0161,923.25,3
42.5,0.20168,0.2044,-1.04,2,-50.5,2.6078,920.25,3
43,0.18995,0.22737,-1.04,2,-54,1.0707,924.25,3
43.25,0.18995,0.22737,-1.04,2,-52.5,1.6183,922.75,3
43.75,0.27203,0.15847,-1.0057,3,-62.5,5.9472,921.25,3
44,0.025796,0.23885,-1.097,3,-62,6.1344,920.75,3
44.075,0.025796,0.23885,-1.097,3,-62.5,5.6773,921.75,3
44.75,0.049247,0.26182,-1.097,2,-50,2.6507,920.25,3
45,0.025796,0.25033,-1.0856,3,-61.5,0.27612,920.25,3
45.75,0.35411,0.10105,-0.99434,2,-52.5,1.6506,922.75,3
46,0.10787,0.23885,-1.0856,3,-63,1.7748,923.75,3
46.25,0.18995,0.18143,-1.04,2,-50.5,2.2611,921.25,3
46.5,0.025796,0.21588,-1.1084,3,-62.5,5.8399,921.75,3
46.75,0.025796,0.21588,-1.1084,2,-52,1.7978,922.25,3
47.25,0.34238,0.1355,-0.97154,2,-50,2.6354,920.25,3
48,0.31893,0.14698,-0.98294,3,-64,1.2471,924.75,3
48.25,0.31893,0.14698,-0.98294,3,-62.5,2.2488,922.75,3
48.5,0.31893,0.14698,-0.98294,2,-51,2.2089,921.25,3
48.75,0.049247,0.22737,-1.097,3,-61.5,0.050621,920.75,3
49,0.049247,0.22737,-1.097,2,-51.5,2.0279,921.75,3
49.25,0.060972,0.23885,-1.0742,3,-62.5,5.6481,922.25,3
49.5,0.025796,0.23885,-1.097,3,-62.5,2.0049,923.25,3
49.75,0.025796,0.23885,-1.097,3,-61.5,0.25617,920.25,3
50,0.025796,0.23885,-1.1084,3,-65,3.9055,925.75,3
50.25,0.025796,0.23885,-1.1084,3,-64.5,1.2609,924.75,3
50.5,0.025796,0.23885,-1.1084,3,-62.5,2.2258,922.75,3
51,0.27203,0.15847,-1.0057,2,-51.5,2.1752,921.25,3
51.25,0.025796,0.23885,-1.1084,3,-61.5,0.053689,920.75,3
51.5,0.025796,0.23885,-1.1084,2,-52,1.9758,921.75,3
51.75,0.31893,0.1355,-0.97154,3,-63,5.1419,923.25,3
52.25,0.096148,0.26182,-1.0742,2,-50,2.643,920.25,3
52.75,0.15478,0.21588,-1.0628,3,-63.5,1.5048,924.25,3
53.25,0.072698,0.25033,-1.0742,3,-63,1.7595,923.75,3
53.5,0.096148,0.25033,-1.0742,2,-51.5,2.1752,921.25,3
53.75,0.27203,0.14698,-1.0172,3,-62,0.013806,920.75,3
54,0.27203,0.14698,-1.0172,3,-62.5,5.622,922.25,3
54.5,0.1665,0.21588,-1.0628,3,-61,0.30526,920.25,3
54.75,0.1665,0.21588,-1.0628,3,-61,0.3114,920.25,3
55.25,0.22513,0.16995,-1.0286,3,-64,1.2548,924.75,3
55.5,0.22513,0.16995,-1.0286,2,-53,1.5846,922.75,3
55.75,0.15478,0.23885,-1.0628,3,-62,6.0592,921.25,3
56,0.15478,0.23885,-1.0628,2,-51.5,2.1552,921.25,3
56.25,0.072698,0.23885,-1.097,2,-52,1.965,921.75,3
56.5,0.40101,0.089569,-0.97154,3,-62.5,2.5035,922.25,3
57,0.17823,0.19292,-1.04,3,-61.5,0.3114,920.25,3
57.25,0.17823,0.19292,-1.04,2,-49.5,2.7136,920.25,3
57.5,0.14305,0.2044,-1.0742,3,-63.5,1.5263,924.25,3
58,0.28376,0.15847,-1.0057,3,-63,1.7472,923.75,3
58.25,0.28376,0.15847,-1.0057,2,-51.5,2.1752,921.25,3
58.5,0.2603,0.16995,-0.99434,2,-51,2.3853,920.75,3
58.75,0.084423,0.25033,-1.0742,3,-62,5.8414,921.75,3
59.5,0.1196,0.25033,-1.0742,3,-61.5,0.29146,920.25,3
60.25,0.084423,0.22737,-1.0856,3,-62.5,2.2795,922.75,3
60.5,0.084423,0.22737,-1.0856,3,-63,1.7932,923.75,3
60.75,0.084423,0.22737,-1.0856,3,-62,6.1344,921.25,3
61,0.037521,0.21588,-1.097,3,-61.5,0.088971,920.75,3
61.25,0.037521,0.21588,-1.097,3,-62,5.8813,921.75,3
61.75,0.1196,0.23885,-1.097,3,-65,1.0002,925.25,3
62,0.1196,0.23885,-1.097,2,-50.5,2.6308,920.25,3
62.25,0.037521,0.25033,-1.0856,3,-65,3.9101,925.75,3
62.5,0.037521,0.25033,-1.0856,3,-63.5,1.511,924.25,3
62.75,0.037521,0.25033,-1.0856,3,-62.5,2.2319,922.75,3
63.025,0.34238,0.12402,-0.97154,3,-62,6.1068,921.25,3
63.25,0.34238,0.12402,-0.97154,2,-51.5,2.1875,921.25,3
63.75,0.049247,0.25033,-1.0856,3,-62.5,2.5019,922.25,3
64,0.049247,0.23885,-1.097,3,-64.5,1.0416,925.25,3
64.25,0.049247,0.23885,-1.097,3,-61.5,0.28225,920.25,3
64.5,0.049247,0.23885,-1.097,2,-50,2.6783,920.25,3
65,0.41273,0.10105,-0.96014,3,-64,1.1996,924.75,3
65.25,0.037521,0.26182,-1.0856,3,-63,5.3429,922.75,3
65.5,0.037521,0.26182,-1.0856,2,-51.5,2.1414,921.25,3
65.75,0.18995,0.2044,-1.04,3,-62,6.1052,921.25,3
66,0.084423,0.25033,-1.0742,2,-52.5,1.9681,921.75,3
66.25,0.084423,0.25033,-1.0742,2,-52.5,1.8254,922.25,3
66.75,0.17823,0.2044,-1.04,2,-50,2.732,920.25,3
67.5,0.096148,0.23885,-1.0742,3,-63.5,1.2916,924.75,3
67.75,0.096148,0.23885,-1.0742,3,-63,1.7794,923.75,3
68,0.096148,0.23885,-1.0742,2,-51.5,2.2289,921.25,3
68.5,0.084423,0.23885,-1.097,2,-52,1.9911,921.75,3
68.75,0.17823,0.19292,-1.0514,3,-61.5,5.7555,922.25,3
69.25,0.20168,0.15847,-1.0514,2,-46.5,0.12732,920.25,3
69.5,0.1665,0.11254,-1.097,3,-64,1.3192,925.75,3
69.75,0.18995,0.14698,-1.0514,3,-62,1.8669,924.75,3
70,0.18995,0.14698,-1.0514,3,-61,0.049087,922.75,3
70.25,0.14305,0.19292,-1.097,3,-61,2.5418,923.75,3
70.5,0.31893,0.10105,-0.99434,2,-47.5,2.7642,921.25,3
70.575,0.20168,0.1355,-1.0742,2,-48,2.775,921.25,3
70.6,0.20168,0.1355,-1.0742,2,-47.5,3.0634,920.75,3
70.65,0.20168,0.1355,-1.0742,2,-47.5,6.1881,920.75,3
70.75,0.2603,0.14698,-1.0742,2,-48,2.9775,920.75,3
71,0.1196,0.18143,-1.0742,3,-60,0.092039,922.25,3
71.25,0.1196,0.18143,-1.0742,3,-60.5,5.8199,923.25,3
71.5,0.17823,0.19292,-1.097,3,-61.5,1.6368,925.25,3
71.75,0.17823,0.19292,-1.097,2,-47.5,0.11965,920.25,3
71.825,0.14305,0.18143,-1.0856,3,-62.5,1.3698,925.75,3
72.25,0.34238,0.12402,-1.0286,2,-53,1.1152,924.75,3
72.5,0.15478,0.18143,-1.0856,2,-50,1.9543,922.75,3
73,0.34238,0.10105,-1.0057,3,-60,0.6274,921.25,3
73.075,0.15478,0.19292,-1.0856,2,-48.5,6.0838,920.75,3
73.25,0.15478,0.18143,-1.097,2,-49,2.4145,921.75,3
73.5,0.24858,0.19292,-1.0628,3,-60.5,0.092039,922.25,3
73.75,0.14305,0.18143,-1.0856,3,-60.5,5.8107,923.25,3
74,0.14305,0.18143,-1.0856,3,-62,1.6444,925.25,3
74.25,0.31893,0.12402,-1.0286,2,-53.5,0.75318,925.75,3
74.5,0.31893,0.12402,-1.0286,2,-52,1.3284,924.25,3
74.75,0.1665,0.18143,-1.0856,3,-62,1.8776,924.75,3
75,0.20168,0.18143,-1.0742,2,-50,1.9129,922.75,3
75.25,0.29548,0.14698,-1.0286,3,-61,5.484,923.75,3
75.5,0.29548,0.14698,-1.0286,2,-48.5,2.6461,921.25,3
75.575,0.29548,0.14698,-1.0286,2,-47.5,2.9437,920.75,3
75.6,0.15478,0.19292,-1.097,2,-47.5,2.9422,920.75,3
75.65,0.15478,0.16995,-1.0856,3,-60,0.77159,920.75,3
75.75,0.15478,0.16995,-1.0856,3,-61,0.26538,921.75,3
76,0.15478,0.16995,-1.0856,2,-49.5,2.1522,922.25,3
76.25,0.14305,0.18143,-1.097,2,-50.5,1.7043,923.25,3
76.5,0.13132,0.19292,-1.0856,3,-59.5,1.0247,920.25,3
76.75,0.13132,0.19292,-1.0856,3,-63,1.3162,925.75,3
77,0.14305,0.19292,-1.0856,3,-61,2.0893,924.25,3
77.25,0.40101,0.089569,-0.99434,3,-61,5.9089,922.75,3
77.5,0.40101,0.089569,-0.99434,3,-61.5,2.2688,923.75,3
77.75,0.40101,0.089569,-0.99434,2,-48.5,2.6891,921.25,3
77.825,0.15478,0.18143,-1.1084,1,-69.5,5.8261,921.25,3
78,0.15478,0.18143,-1.1084,1,-70,0.084369,920.75,3
78.25,0.15478,0.18143,-1.1084,2,-48,2.9161,921.75,3
78.325,0.28376,0.089569,-1.0286,2,-49,2.6446,922.25,3
78.5,0.28376,0.089569,-1.0286,2,-48.5,2.6553,922.25,3
78.75,0.23685,0.089569,-1.0628,3,-60,1.7104,925.25,3
79,0.23685,0.089569,-1.0628,2,-47,3.5665,920.25,3
79.25,0.43619,0.043636,-0.99434,3,-59.5,5.326,924.25,3
79.75,0.48309,0.02067,-0.97154,2,-50.5,2.0893,922.75,3
80,0.34238,0.066602,-1.04,3,-59.5,5.3919,923.75,3
80.25,0.36583,0.089569,-1.0057,2,-48.5,2.7182,921.25,3
80.75,0.049247,0.43406,-1.0856,2,-49,2.5295,921.75,3
81,0.072698,0.2044,-1.2908,2,-53.5,1.557,923.25,3
83,0.47136,0.74411,-0.4584,2,-63.5,0.99555,921.75,1
83.75,0.67069,0.73263,-0.0022806,1,-63,1.0109,920.25,1
84,0.67069,0.73263,-0.0022806,3,-61,4.8412,925.75,1
84.25,0.67069,0.73263,-0.0022806,1,-69,0.67802,924.25,1
85.25,0.65897,0.38813,-0.0022806,1,-69.5,4.3795,920.75,1
87.5,0.51826,0.85894,-0.23034,1,-51.5,1.7825,921.25,4
211.75,0.15478,0.23885,-1.1654,3,-63,0.35742,921.25,3
212.25,-0.021106,0.29627,-1.097,3,-61,6.1405,922.25,3
212.5,0.29548,0.2044,-1.0514,3,-63,1.5478,925.25,3
212.75,0.29548,0.2044,-1.0514,2,-52.5,2.594,920.25,3
213.25,-0.032831,0.29627,-1.0628,3,-62.5,5.0759,924.25,3
213.75,0.24858,0.15847,-0.98294,3,-61.5,2.1859,923.75,3
214,0.24858,0.15847,-0.98294,3,-60.5,0.36202,921.25,3
214.25,0.025796,0.26182,-1.0856,3,-60.5,0.081301,921.75,3
214.75,0.27203,0.15847,-0.98294,3,-61,6.1267,922.25,3
215.25,0.2603,0.16995,-0.98294,2,-51.5,5.6665,920.25,3
215.5,0.049247,0.2733,-1.0856,3,-63,1.2395,925.75,3
215.75,0.049247,0.2733,-1.0856,3,-62,1.9589,924.25,3
216.25,0.060972,0.2733,-1.0856,3,-61.5,2.1875,923.75,3
216.5,0.060972,0.2733,-1.0856,2,-53,2.0555,921.25,3
216.58,0.060972,0.2733,-1.0856,2,-52.5,2.278,920.75,3
216.75,0.0023451,0.28478,-1.0856,3,-60,0.61666,920.75,3
217,0.24858,0.15847,-0.99434,3,-61,6.1037,922.25,3
217.5,0.23685,0.15847,-0.99434,3,-62.5,1.4726,925.25,3
217.75,0.23685,0.15847,-0.99434,2,-51.5,2.5111,920.25,3
218.25,0.0023451,0.26182,-1.0856,3,-62.5,1.7073,924.75,3
218.5,0.014071,0.2733,-1.0856,3,-61,5.8491,922.75,3
218.75,0.014071,0.2733,-1.0856,2,-53,2.0617,921.25,3
219.25,0.2134,0.2044,-1.0172,3,-60.5,0.58905,920.75,3
219.5,0.20168,0.18143,-1.0172,3,-61,6.1114,922.25,3
219.75,0.20168,0.18143,-1.0172,3,-61,2.4482,923.25,3
220,0.20168,0.18143,-1.0172,3,-62.5,1.468,925.25,3
221.25,0.060972,0.28478,-1.0742,3,-60.5,0.31293,921.25,3
221.5,0.060972,0.28478,-1.0742,2,-53,2.2534,920.75,3
221.75,0.060972,0.28478,-1.0742,3,-61,0.084369,921.75,3
222,0.060972,0.2733,-1.0742,3,-61,6.0945,922.25,3
222.5,0.037521,0.26182,-1.0856,3,-62.5,1.4603,925.25,3
222.75,0.037521,0.26182,-1.0856,2,-58,0.3206,925.75,3
223.25,0.20168,0.16995,-1.0057,3,-61,5.8337,922.75,3
223.75,0.17823,0.21588,-1.0286,2,-53.5,2.0479,921.25,3
224,0.014071,0.2733,-1.0856,2,-53,2.2688,920.75,3
224.25,0.014071,0.2733,-1.0856,3,-61,0.069029,921.75,3
224.5,0.35411,0.14698,-0.96014,3,-61.5,5.5545,923.25,3
225,0.23685,0.18143,-1.0057,2,-52,2.505,920.25,3
225.75,0.1196,0.23885,-1.0514,3,-61,5.8767,922.75,3
226.25,0.22513,0.15847,-0.98294,2,-53,2.0647,921.25,3
226.5,0.060972,0.2733,-1.0856,2,-53,2.2718,920.75,3
226.75,0.10787,0.25033,-1.0628,3,-61.5,6.0684,922.25,3
227.5,0.1196,0.25033,-1.0628,2,-52.5,2.4758,920.25,3
228,0.096148,0.26182,-1.0628,3,-62.5,1.6812,924.75,3
228.25,0.096148,0.26182,-1.0628,3,-61,5.8491,922.75,3
228.5,0.096148,0.26182,-1.0628,3,-61.5,2.2028,923.75,3
228.75,0.014071,0.26182,-1.0742,2,-52,2.2964,920.75,3
229.25,0.24858,0.16995,-1.0057,3,-61,6.1237,922.25,3
229.75,0.0023451,0.2733,-1.0742,2,-52.5,2.4743,920.25,3
230,0.0023451,0.2733,-1.0856,2,-52.5,2.4666,920.25,3
230.5,0.037521,0.28478,-1.0628,3,-63,1.7825,924.75,3
231,0.049247,0.2733,-1.0628,3,-61,0.21322,921.25,3
231.25,0.049247,0.2733,-1.0628,3,-61,0.44792,920.75,3
231.75,0.2134,0.14698,-0.99434,3,-61.5,6.0055,922.25,3
232.25,0.025796,0.23885,-1.0742,2,-51.5,2.7213,920.25,3
233,0.072698,0.25033,-1.0628,3,-61,5.9227,922.75,3
233.25,0.072698,0.25033,-1.0628,3,-62,2.2611,923.75,3
233.5,0.072698,0.25033,-1.0628,3,-61,0.29759,921.25,3
233.75,0.15478,0.22737,-1.0286,3,-60.5,0.56757,920.75,3
234,0.049247,0.2733,-1.0742,3,-61,6.0899,922.25,3
234.25,0.049247,0.2733,-1.0742,3,-61,6.2218,922.25,3
234.75,0.24858,0.14698,-1.0057,2,-51.5,2.6384,920.25,3
235.5,0.2603,0.1355,-0.99434,2,-53.5,1.534,922.75,3
235.75,0.2603,0.1355,-0.99434,3,-61,0.23163,921.25,3
236,0.096148,0.26182,-1.0742,3,-61,0.52002,920.75,3
236.25,0.096148,0.26182,-1.0742,3,-61.5,0.069029,921.75,3
236.5,0.072698,0.26182,-1.0742,3,-61.5,6.0516,922.25,3
237,0.20168,0.2044,-1.0172,2,-52,2.5311,920.25,3
237.25,0.20168,0.2044,-1.0172,2,-51.5,2.5265,920.25,3
237.75,0.0023451,0.26182,-1.097,3,-62.5,1.7089,924.75,3
238.25,0.31893,0.12402,-0.98294,3,-61.5,2.2227,923.75,3
238.5,0.31893,0.12402,-0.98294,2,-53,2.0785,921.25,3
238.75,0.025796,0.2733,-1.0742,2,-52.5,2.2826,920.75,3
239.5,0.084423,0.2733,-1.0742,2,-52,2.4912,920.25,3
239.75,0.14305,0.23885,-1.0514,3,-63.5,1.2349,925.75,3
240.25,0.14305,0.23885,-1.0514,3,-62,1.7196,924.75,3
240.75,0.025796,0.26182,-1.0856,3,-61.5,2.1967,923.75,3
241,0.2603,0.16995,-0.98294,3,-60.5,0.54763,920.75,3
241.25,0.2603,0.16995,-0.98294,3,-61,0.041417,921.75,3
241.5,0.084423,0.26182,-1.0856,3,-61,5.5591,923.25,3
242,0.084423,0.26182,-1.0856,2,-52,2.4835,920.25,3
242.5,0.2603,0.16995,-0.98294,3,-62,1.9635,924.25,3
242.75,0.2603,0.16995,-0.98294,3,-61,5.8721,922.75,3
243,0.2603,0.16995,-0.98294,3,-61.5,2.2197,923.75,3
243.25,0.2603,0.16995,-0.98294,3,-60.5,0.37122,921.25,3
243.5,0.025796,0.26182,-1.0856,2,-52.5,2.2964,920.75,3
243.75,0.025796,0.26182,-1.0856,3,-61,0.069029,921.75,3
244.5,0.34238,0.1355,-0.96014,2,-52,2.5219,920.25,3
244.75,0.060972,0.2733,-1.0742,3,-62,1.8669,924.25,3
245,0.060972,0.2733,-1.0742,3,-62.5,1.5601,924.75,3
245.25,0.060972,0.2733,-1.0742,3,-60.5,5.8337,922.75,3
245.75,0.33066,0.10105,-0.96014,2,-52,2.1829,921.25,3
246,0.1665,0.2044,-1.0514,3,-61,0.18408,921.75,3
246.25,0.096148,0.23885,-1.0628,3,-60.5,6.2157,922.25,3
246.5,0.096148,0.23885,-1.0628,3,-60.5,5.7003,923.25,3
246.75,0.096148,0.23885,-1.0628,2,-51.5,2.6323,920.25,3
247,0.24858,0.16995,-1.0057,2,-52,2.6124,920.25,3
247.25,0.24858,0.16995,-1.0057,3,-63.5,1.2333,925.75,3
247.75,0.2134,0.19292,-1.0286,3,-61.5,5.349,923.75,3
248,0.2134,0.19292,-1.0286,3,-60.5,0.32367,921.25,3
248.25,0.2134,0.19292,-1.0286,2,-52,2.2411,921.25,3
248.5,0.1196,0.19292,-1.0628,3,-61,0.158,921.75,3
249,0.096148,0.2044,-1.0628,3,-61,5.6251,923.25,3
249.25,0.096148,0.2044,-1.0628,2,-51,2.7059,920.25,3
250,0.13132,0.23885,-1.0628,3,-62,1.7319,924.75,3
250.25,0.13132,0.23885,-1.0628,3,-61,5.8537,922.75,3
250.5,0.35411,0.1355,-0.98294,3,-60.5,0.3252,921.25,3
250.75,0.35411,0.1355,-0.98294,3,-60.5,0.57064,920.75,3
251,0.35411,0.1355,-0.98294,3,-60.5,0.10431,921.75,3
251.25,0.084423,0.23885,-1.0742,3,-61,6.1252,922.25,3
251.5,0.084423,0.23885,-1.0742,3,-61,5.6312,923.25,3
251.75,-0.0093803,0.21588,-1.1084,2,-51,2.7412,920.25,3
253,0.072698,0.22737,-1.0856,2,-52.5,2.1829,921.25,3
253.08,0.072698,0.22737,-1.0856,3,-60.5,0.29913,921.25,3
254,0.1196,0.22737,-1.0742,3,-63,1.488,925.25,3
254.25,0.1196,0.22737,-1.0742,2,-51,2.6983,920.25,3
254.75,0.10787,0.21588,-1.0856,3,-62,1.9804,924.25,3
255.5,0.060972,0.26182,-1.0856,3,-60.5,0.29759,921.25,3
256.5,0.15478,0.21588,-1.0514,2,-51.5,2.6553,920.25,3
258,0.096148,0.25033,-1.0856,2,-52.5,2.1737,921.25,3
258.25,0.18995,0.19292,-1.0514,3,-60.5,0.03068,921.75,3
258.5,0.18995,0.19292,-1.0514,3,-61,6.0577,922.25,3
259.03,0.084423,0.25033,-1.0856,3,-63,1.4696,925.25,3
259.25,0.15478,0.22737,-1.0514,3,-63,1.2441,925.75,3
259.5,0.15478,0.22737,-1.0514,3,-61.5,1.9512,924.25,3
260,0.096148,0.25033,-1.0742,3,-61.5,5.8123,922.75,3
260.25,0.14305,0.23885,-1.0742,3,-60.5,0.29146,921.25,3
260.5,0.14305,0.23885,-1.0742,2,-52,2.4022,920.75,3
260.75,0.27203,0.15847,-1.0172,2,-53,1.9911,921.75,3
261.5,0.049247,0.2733,-1.0742,3,-60,0.76852,920.25,3
262.25,0.13132,0.22737,-1.0514,3,-61,5.8399,922.75,3
263,0.025796,0.25033,-1.0856,3,-60,0.52462,920.75,3
263.25,0.084423,0.26182,-1.0628,2,-54,1.7472,922.25,3
263.75,0.049247,0.26182,-1.0856,3,-62.5,1.4742,925.25,3
265,0.084423,0.25033,-1.0742,3,-61.5,5.3413,923.75,3
266,0.27203,0.15847,-1.0057,3,-61,5.5622,923.25,3
266.25,0.27203,0.15847,-1.0057,3,-62.5,1.4803,925.25,3
266.5,0.29548,0.12402,-1.0057,2,-51.5,2.732,920.25,3
267.25,0.10787,0.22737,-1.0628,3,-61,2.2534,923.75,3
267.75,0.060972,0.22737,-1.097,3,-60,0.58751,920.75,3
268,0.060972,0.22737,-1.097,2,-53,1.9957,921.75,3
268.25,0.2603,0.15847,-1.0057,2,-53.5,1.7748,922.25,3
268.5,0.15478,0.22737,-1.0628,3,-62,1.5156,925.25,3
268.75,0.31893,0.12402,-1.0057,2,-51.5,2.6477,920.25,3
269,0.31893,0.12402,-1.0057,3,-62.5,1.2579,925.75,3
269.5,0.1196,0.23885,-1.0742,3,-62,1.7288,924.75,3
269.75,0.1196,0.22737,-1.0742,3,-61,2.258,923.75,3
270,0.1196,0.22737,-1.0742,2,-51.5,2.2212,921.25,3
270.25,0.025796,0.23885,-1.097,3,-59.5,0.61973,920.75,3
270.75,0.096148,0.23885,-1.0742,2,-53,1.8116,922.25,3
271,0.096148,0.23885,-1.0742,3,-62,1.5263,925.25,3
271.25,0.1196,0.22737,-1.0856,2,-51,2.6891,920.25,3
271.5,0.18995,0.16995,-1.04,3,-61.5,1.9742,924.25,3
271.75,0.18995,0.16995,-1.04,3,-62,1.7242,924.75,3
272,0.18995,0.16995,-1.04,2,-54,1.5647,922.75,3
272.25,0.15478,0.22737,-1.0628,3,-61,2.2304,923.75,3
272.5,0.15478,0.22737,-1.0628,3,-60,0.37583,921.25,3
273,0.049247,0.21588,-1.0856,3,-60.5,6.1911,922.25,3
273.25,0.18995,0.15847,-1.04,3,-60.5,5.6635,923.25,3
273.5,0.18995,0.15847,-1.04,2,-51,2.7136,920.25,3
274.75,0.084423,0.23885,-1.0856,3,-60,0.34975,921.25,3
275,0.084423,0.23885,-1.0856,3,-60.5,0.34975,921.25,3
275.25,0.060972,0.23885,-1.0856,3,-60,0.10584,921.75,3
275.5,0.060972,0.23885,-1.0856,2,-53,1.8178,922.25,3
276,0.10787,0.23885,-1.1198,2,-51,2.7596,920.25,3
276.25,0.18995,0.15847,-1.04,3,-62.5,1.2824,925.75,3
277,0.18995,0.15847,-1.04,3,-60.5,5.8736,922.75,3
277.5,0.1196,0.23885,-1.0742,3,-59.5,0.60899,920.75,3
277.75,0.14305,0.22737,-1.0742,3,-60.5,0.099709,921.75,3
278,0.15478,0.2044,-1.0514,3,-60.5,5.6497,923.25,3
278.25,0.15478,0.2044,-1.0514,3,-60.5,5.6665,923.25,3
278.5,0.15478,0.2044,-1.0514,2,-51,2.7612,920.25,3
279.5,0.27203,0.15847,-1.0172,3,-61,2.2473,923.75,3
279.75,0.096148,0.23885,-1.0856,2,-52,2.2258,921.25,3
280,0.24858,0.16995,-1.0172,2,-51.5,2.4452,920.75,3
280.25,0.072698,0.22737,-1.0856,2,-52.5,2.0141,921.75,3
280.75,0.049247,0.21588,-1.097,3,-62,1.5386,925.25,3
281,0.096148,0.22737,-1.0742,3,-59.5,0.8805,920.25,3
281.5,0.10787,0.22737,-1.0856,3,-61.5,1.7717,924.75,3
281.75,0.10787,0.22737,-1.0856,3,-61,5.889,922.75,3
282,0.1196,0.23885,-1.0856,2,-52,2.2289,921.25,3
282.25,0.31893,0.11254,-0.98294,3,-59.5,0.61819,920.75,3
282.5,0.31893,0.11254,-0.98294,3,-60,0.57678,920.75,3
282.75,0.31893,0.11254,-0.98294,2,-52.5,2.0249,921.75,3
283,0.2134,0.18143,-1.04,3,-60.5,5.6266,923.25,3
283.25,0.2134,0.18143,-1.04,3,-62,1.5033,925.25,3
283.5,0.2134,0.19292,-1.0286,2,-51,2.7336,920.25,3
284.25,0.096148,0.21588,-1.0742,3,-60.5,5.938,922.75,3
284.5,0.096148,0.21588,-1.0742,2,-51.5,2.3148,921.25,3
284.75,0.15478,0.19292,-1.0514,3,-60,0.62893,920.75,3
285,0.15478,0.19292,-1.0514,3,-60,0.632,920.75,3
285.25,0.060972,0.21588,-1.1084,3,-60.5,6.1804,922.25,3
285.5,0.060972,0.21588,-1.1084,3,-60.5,5.7003,923.25,3
286.5,0.28376,0.1355,-1.0057,2,-54,1.6199,922.75,3
286.75,0.28376,0.1355,-1.0057,3,-60,5.9334,922.75,3
287,0.28376,0.1355,-1.0057,3,-60,0.38503,921.25,3
287.25,0.24858,0.15847,-1.0286,2,-51.5,2.5265,920.75,3
287.5,0.15478,0.2044,-1.0742,2,-52,2.1169,921.75,3
287.75,0.30721,0.11254,-1.0172,3,-60,6.2188,922.25,3
288,0.30721,0.11254,-1.0172,3,-60.5,5.6711,923.25,3
288.25,0.24858,0.12402,-1.0286,2,-50.5,2.8133,920.25,3
288.5,0.096148,0.2044,-1.0856,3,-62,1.3162,925.75,3
288.75,0.096148,0.2044,-1.0856,3,-60.5,2.0647,924.25,3
289.75,0.13132,0.18143,-1.097,2,-51,2.5571,920.75,3
290,0.34238,0.089569,-0.99434,3,-60.5,6.185,922.25,3
290.25,0.34238,0.089569,-0.99434,2,-53,1.8561,922.25,3
290.75,0.34238,0.10105,-0.99434,2,-50.5,5.9442,920.25,3
291.25,0.20168,0.16995,-1.0514,3,-60.5,2.077,924.25,3
291.5,0.20168,0.16995,-1.0514,3,-60.5,5.9365,922.75,3
291.75,0.27203,0.10105,-1.0057,2,-51.5,2.2718,921.25,3
292,0.27203,0.10105,-1.0057,3,-59.5,0.42338,921.25,3
292.25,0.060972,0.18143,-1.097,2,-51,2.5065,920.75,3
292.5,0.060972,0.16995,-1.1084,2,-53,1.804,922.25,3
292.75,0.060972,0.19292,-1.097,3,-60.5,5.7141,923.25,3
293,0.060972,0.19292,-1.097,3,-61.5,1.5723,925.25,3
293.25,0.060972,0.19292,-1.1084,2,-50.5,2.8302,920.25,3
293.75,0.14305,0.18143,-1.0742,3,-61,5.013,924.75,3
294.25,0.18995,0.14698,-1.097,3,-59.5,0.49701,921.25,3
294.5,0.18995,0.14698,-1.097,3,-59.5,0.474,921.25,3
294.75,0.072698,0.18143,-1.097,3,-59.5,0.21936,921.75,3
295,0.072698,0.18143,-1.097,3,-60,6.2663,922.25,3
295.25,0.28376,0.10105,-1.04,3,-60.5,5.7509,923.25,3
295.5,0.2134,0.14698,-1.04,2,-50,2.9514,920.25,3
295.75,0.20168,0.12402,-1.0628,3,-58.5,4.1663,920.25,3
296,0.20168,0.12402,-1.0628,3,-60.5,5.3091,924.25,3
296.25,0.15478,0.15847,-1.0856,2,-52.5,1.7595,922.75,3
296.75,0.22513,0.18143,-1.0742,2,-53.5,1.3606,923.75,3
296.82,0.22513,0.18143,-1.0742,2,-51.5,2.3593,921.25,3
297,0.14305,0.18143,-1.0856,2,-51,2.6001,920.75,3
297.25,0.15478,0.18143,-1.097,3,-60,0.19635,921.75,3
297.68,0.15478,0.18143,-1.097,3,-60,6.2464,922.25,3
297.75,0.31893,0.089569,-1.0172,2,-55.5,0.77619,925.25,3
298,0.096148,0.15847,-1.0628,2,-50,2.9008,920.25,3
298.25,0.15478,0.14698,-1.0856,3,-61.5,1.399,925.75,3
298.75,0.13132,0.16995,-1.0856,3,-60,6.0331,922.75,3
299,0.13132,0.16995,-1.0856,3,-60,5.5499,923.75,3
299.25,0.28376,0.078086,-1.0172,2,-51,2.4452,921.25,3
299.5,0.34238,0.055119,-1.0286,2,-50.5,2.729,920.75,3
299.57,0.34238,0.055119,-1.0286,2,-50.5,2.7136,920.75,3
299.63,0.15478,0.1355,-1.0742,3,-59.5,0.28992,921.75,3
299.75,0.15478,0.1355,-1.0742,3,-60,0.050621,922.25,3
300,0.20168,0.11254,-1.097,3,-60,5.7816,923.25,3
300.25,0.20168,0.11254,-1.097,2,-50,6.1022,920.25,3
300.5,0.14305,0.16995,-1.0856,2,-50,6.0838,920.25,3
300.75,0.14305,0.12402,-1.097,3,-61.5,1.445,925.75,3
301.5,0.17823,0.15847,-1.097,3,-60.5,5.5545,923.75,3
301.75,0.43619,0.043636,-0.99434,2,-51,2.4206,921.25,3
302,0.2134,0.14698,-1.0856,2,-50.5,2.663,920.75,3
302.07,0.1665,0.12402,-1.1312,3,-59.5,0.28379,921.75,3
302.25,0.29548,0.089569,-1.04,3,-60,0.013806,922.25,3
303.25,0.27203,0.11254,-1.04,3,-60.5,2.1568,924.25,3
303.75,0.2134,0.16995,-1.0742,3,-60,6.0362,922.75,3
304,0.44791,0.032153,-0.98294,2,-50.5,2.436,921.25,3
304.25,0.40101,0.11254,-1.0514,2,-51,2.4605,921.25,3
304.5,0.20168,0.18143,-1.0628,3,-59.5,0.19482,921.75,3
304.75,0.20168,0.18143,-1.0628,2,-52,2.0003,922.25,3
305,0.20168,0.12402,-1.0514,3,-60,5.8215,923.25,3
305.25,0.20168,0.12402,-1.0514,3,-61,1.6904,925.25,3
305.75,0.24858,0.12402,-1.0514,3,-60,5.3091,924.25,3
306.25,0.1665,0.1355,-1.0742,3,-60,6.0132,922.75,3
306.5,0.30721,0.089569,-1.0286,2,-51.5,2.3669,921.25,3
306.75,0.1665,0.14698,-1.0628,2,-51,2.663,920.75,3
306.82,0.1665,0.14698,-1.0628,3,-60,0.27305,921.75,3
307,0.31893,0.078086,-1.0286,3,-59.5,0.021476,922.25,3
307.25,0.31893,0.078086,-1.0286,3,-60,6.2817,922.25,3
307.5,0.31893,0.078086,-1.0286,3,-60,5.7908,923.25,3
307.75,0.31893,0.078086,-1.0286,2,-50.5,2.9299,920.25,3
308,0.1196,0.14698,-1.097,3,-61.5,1.4481,925.75,3
308.25,0.1196,0.14698,-1.097,3,-60.5,5.2968,924.25,3
308.5,0.1196,0.14698,-1.097,3,-60,6.0424,922.75,3
308.75,0.41273,0.032153,-0.98294,3,-60.5,5.5315,923.75,3
309,0.41273,0.032153,-0.98294,3,-59.5,0.52002,921.25,3
309.25,0.37756,0.055119,-0.99434,2,-51,2.6461,920.75,3
309.5,0.31893,0.066602,-1.0057,3,-60,0.0061359,922.25,3
309.75,0.31893,0.066602,-1.0057,2,-53,1.9512,922.25,3
310.25,0.51826,0.02067,-0.98294,2,-50.5,2.8839,920.25,3
310.5,0.10787,0.14698,-0.98294,3,-60,2.1813,924.25,3
311.25,0.28376,0.10105,-1.0172,3,-60.5,5.5223,923.75,3
311.5,0.40101,0.055119,-1.0057,2,-51.5,2.3516,921.25,3
312,0.33066,0.10105,-1.0172,3,-60,6.2663,922.25,3
312.5,0.49481,0.0091865,-0.96014,2,-50.5,2.8885,920.25,3
312.75,0.24858,0.16995,-1.0628,3,-61.5,1.4373,925.75,3
313,0.24858,0.16995,-1.0628,3,-60.5,5.2984,924.25,3
313.25,0.17823,0.14698,-1.0742,3,-60,6.0347,922.75,3
313.5,0.17823,0.14698,-1.0742,2,-53,1.7196,922.75,3
314,0.34238,0.089569,-1.0172,3,-59.5,0.46633,921.25,3
314.5,0.31893,0.11254,-1.0286,2,-53,1.9067,922.25,3
314.75,0.38928,0.078086,-1.0057,3,-60.5,5.731,923.25,3
315.25,0.51826,0.02067,-0.94873,3,-61.5,1.4281,925.75,3
315.75,0.44791,0.043636,-0.98294,3,-61.5,5.033,924.75,3
316,0.44791,0.043636,-0.98294,2,-53,1.7518,922.75,3
316.25,0.17823,0.15847,-1.0856,3,-60,0.47093,921.25,3
316.5,0.17823,0.15847,-1.0856,3,-59.5,0.66268,920.75,3
316.75,0.2603,0.12402,-1.0286,3,-60.5,0.11965,921.75,3
317,0.34238,0.10105,-1.0057,3,-61,5.6527,923.25,3
317.25,0.34238,0.10105,-1.0057,3,-61.5,1.5739,925.25,3
317.5,0.1196,0.19292,-1.097,2,-51,5.9396,920.25,3
318.5,0.14305,0.15847,-1.097,2,-54,1.356,923.75,3
318.75,0.29548,0.12402,-1.0286,3,-60,0.40037,921.25,3
319,0.29548,0.12402,-1.0286,2,-51,2.5832,920.75,3
319.25,0.13132,0.18143,-1.0856,2,-52,2.1246,921.75,3
319.5,0.1665,0.16995,-1.0856,3,-60,5.7033,923.25,3
320,0.1665,0.16995,-1.0856,2,-51,2.8348,920.25,3
321,0.23685,0.16995,-1.0628,2,-51.5,2.3608,921.25,3
321.5,0.27203,0.14698,-1.0514,2,-51,2.5817,920.75,3
321.58,0.2603,0.15847,-1.0742,3,-60,0.18561,921.75,3
322,0.23685,0.14698,-1.0514,3,-60,5.7264,923.25,3
322.25,0.2134,0.18143,-1.0628,2,-51,2.8609,920.25,3
322.5,0.17823,0.16995,-1.0856,3,-61.5,1.3929,925.75,3
323,0.50654,0.0091865,-0.96014,3,-60,5.9902,922.75,3
323.5,0.27203,0.14698,-1.0514,3,-60.5,5.5545,923.75,3
323.75,0.27203,0.14698,-1.0514,2,-51,2.5817,920.75,3
324,0.22513,0.16995,-1.0628,2,-52,2.1215,921.75,3
324.25,0.31893,0.089569,-1.0286,3,-60.5,5.7187,923.25,3
324.75,0.20168,0.16995,-1.0628,2,-50.5,2.8655,920.25,3
325,0.14305,0.14698,-1.097,3,-62,1.3821,925.75,3
325.25,0.14305,0.14698,-1.097,3,-61,5.013,924.75,3
325.75,0.15478,0.16995,-1.0856,3,-60.5,5.4778,923.75,3
326,0.17823,0.15847,-1.0742,3,-59.5,0.42645,921.25,3
326.25,0.17823,0.15847,-1.0742,3,-59,0.69029,920.75,3
326.33,0.14305,0.1355,-1.0856,3,-60,0.17794,921.75,3
327,0.30721,0.14698,-1.04,3,-61.5,1.6276,925.25,3
327.25,0.30721,0.14698,-1.04,2,-50.5,2.8149,920.25,3
327.5,0.14305,0.15847,-1.097,3,-62,1.3775,925.75,3
327.75,0.14305,0.15847,-1.097,3,-60.5,2.1108,924.25,3
328,0.14305,0.15847,-1.097,3,-60,5.9963,922.75,3
328.25,0.40101,0.055119,-0.99434,3,-60.5,2.37,923.75,3
328.5,0.40101,0.055119,-0.99434,2,-51.5,2.3899,921.25,3
328.75,0.24858,0.10105,-1.0742,2,-50.5,2.6737,920.75,3
329,0.2603,0.10105,-1.0628,3,-60,0.23163,921.75,3
329.75,0.37756,0.055119,-1.0057,2,-50,6.0592,920.25,3
330,0.15478,0.1355,-1.0856,3,-60.5,5.2677,924.25,3
330.25,0.15478,0.1355,-1.0856,3,-61,1.8853,924.75,3
330.5,0.20168,0.16995,-1.0742,3,-60,2.3669,923.75,3
331.25,0.17823,0.16995,-1.0742,3,-60,0.16567,921.75,3
331.5,0.2134,0.16995,-1.0628,3,-60,6.2034,922.25,3
332,0.35411,0.10105,-1.0057,2,-50.5,2.8593,920.25,3
332.25,0.15478,0.14698,-1.0856,3,-62,1.4097,925.75,3
332.75,0.15478,0.14698,-1.0856,3,-60.5,1.8914,924.75,3
333.5,0.56517,0.0091865,-0.94873,2,-51.5,2.6139,920.75,3
333.75,0.29548,0.1355,-1.0514,2,-52,2.1721,921.75,3
334.5,0.23685,0.14698,-1.0628,2,-50.5,6.0684,920.25,3
334.75,0.30721,0.10105,-1.0172,3,-61.5,1.4251,925.75,3
335.25,0.28376,0.12402,-1.04,3,-60.5,1.8975,924.75,3
335.5,0.28376,0.12402,-1.04,3,-60,5.5039,923.75,3
335.75,0.34238,0.11254,-1.0172,2,-51.5,2.3516,921.25,3
336,0.37756,0.078086,-1.0057,2,-51,2.6062,920.75,3
336.25,0.54171,0.0091865,-0.93733,2,-52.5,1.9221,922.25,3
336.5,0.20168,0.15847,-1.0742,3,-60,5.7586,923.25,3
336.75,0.20168,0.15847,-1.0742,3,-61,1.6598,925.25,3
337,0.22513,0.15847,-1.0628,2,-50.5,2.8916,920.25,3
337.5,0.51826,0.0091865,-0.94873,3,-60.5,1.8914,924.75,3
338,0.49481,0.02067,-0.93733,3,-59.5,5.6987,923.75,3
338.25,0.49481,0.02067,-0.93733,2,-52,2.64,921.25,3
339.25,0.50654,-0.025263,-0.97154,2,-50.5,3.0557,920.25,3
339.5,0.1665,0.15847,-1.097,2,-50.5,6.1957,920.25,3
339.75,0.23685,0.14698,-1.0742,3,-59.5,5.2692,924.25,3
340.25,0.48309,0.032153,-0.98294,2,-53,1.8101,922.75,3
340.5,0.48309,0.032153,-0.98294,3,-59.5,5.5116,923.75,3
340.75,0.17823,0.14698,-1.0856,2,-51,2.7044,920.75,3
341,0.30721,0.12402,-1.04,2,-52,2.2442,921.75,3
341.08,0.22513,0.14698,-1.0742,3,-59.5,0.18254,921.75,3
341.25,0.22513,0.14698,-1.0742,2,-52,2.0371,922.25,3
341.75,0.20168,0.14698,-1.0742,2,-50,2.9805,920.25,3
342,0.37756,0.066602,-1.0172,3,-61,1.4051,925.75,3
343,0.37756,0.066602,-0.99434,2,-51.5,2.4605,921.25,3
343.25,0.52999,-0.0022966,-0.96014,2,-50.5,2.7796,920.75,3
343.5,0.23685,0.14698,-1.0628,2,-51.5,2.2657,921.75,3
343.75,0.27203,0.14698,-1.0514,3,-59.5,5.7325,923.25,3
344.25,0.27203,0.14698,-1.0514,2,-50,6.1467,920.25,3
345,0.24858,0.1355,-1.0742,3,-59.5,6.0025,922.75,3
345.25,0.24858,0.1355,-1.0742,3,-60,5.4886,923.75,3
345.5,0.17823,0.14698,-1.0742,3,-58.5,0.48627,921.25,3
345.58,0.17823,0.14698,-1.0742,2,-50.5,2.7719,920.75,3
345.75,0.2134,0.1355,-1.0856,2,-51.5,2.2151,921.75,3
346,0.34238,0.078086,-1.04,2,-51.5,2.2304,921.75,3
346.25,0.41273,0.066602,-0.99434,3,-60,5.7371,923.25,3
346.75,0.36583,0.089569,-1.0172,2,-50,3.0005,920.25,3
347,0.20168,0.14698,-1.0742,3,-60.5,1.3944,925.75,3
347.25,0.20168,0.14698,-1.0742,3,-60,2.1384,924.25,3
347.5,0.22513,0.12402,-1.0742,3,-59.5,6.0316,922.75,3
347.75,0.2603,0.1355,-1.0628,2,-51,2.5035,921.25,3
348,0.2134,0.12402,-1.0856,3,-59,0.474,921.25,3
348.25,0.20168,0.1355,-1.0856,2,-51,2.258,921.75,3
348.5,0.61207,-0.025263,-0.93733,2,-52,2.0233,922.25,3
349,0.29548,0.12402,-1.04,2,-50,2.9775,920.25,3
349.25,0.2134,0.14698,-1.0742,2,-50,2.9775,920.25,3
349.75,0.33066,0.089569,-1.0172,3,-60,1.8914,924.75,3
350,0.60034,-0.025263,-0.93733,3,-60,5.5039,923.75,3
350.25,0.17823,0.12402,-1.0856,2,-50.5,2.5111,921.25,3
350.75,0.1665,0.12402,-1.0742,2,-51.5,2.2565,921.75,3
351,0.40101,0.032153,-1.0172,3,-59.5,6.2494,922.25,3
351.25,0.42446,0.043636,-0.99434,3,-60.5,1.6628,925.25,3
351.5,0.42446,0.043636,-0.99434,2,-50,6.1605,920.25,3
351.75,0.28376,0.12402,-1.0628,3,-61,1.4419,925.75,3
352.25,0.47136,0.0091865,-0.97154,3,-60.5,1.9343,924.75,3
352.5,0.24858,0.1355,-1.0742,3,-60,5.5131,923.75,3
352.75,0.40101,0.055119,-0.99434,2,-51.5,2.5173,921.25,3
353,0.29548,0.11254,-1.0628,2,-52,2.2258,921.75,3
353.25,0.2603,0.1355,-1.0514,2,-52.5,2.0325,922.25,3
353.5,0.2603,0.1355,-1.0514,3,-59.5,6.2494,922.25,3
353.75,0.38928,0.078086,-0.99434,2,-50,6.1697,920.25,3
354,0.38928,0.078086,-0.99434,2,-50,6.1681,920.25,3
354.25,0.27203,0.1355,-1.0514,3,-60,2.1568,924.25,3
354.75,0.22513,0.12402,-1.0628,3,-60,6.0531,922.75,3
355.5,0.2134,0.1355,-1.0742,3,-59.5,0.21629,921.75,3
355.75,0.29548,0.12402,-1.0514,3,-59.5,6.2709,922.25,3
356,0.29548,0.12402,-1.0514,3,-59.5,5.7647,923.25,3
356.25,0.29548,0.12402,-1.0514,3,-60.5,1.6751,925.25,3
356.5,0.20168,0.14698,-1.0742,2,-50.5,2.9698,920.25,3
356.75,0.35411,0.089569,-1.0286,3,-60,5.2508,924.25,3
357,0.35411,0.089569,-1.0286,3,-60.5,1.8853,924.75,3
357.25,0.35411,0.089569,-1.0286,3,-59,6.0316,922.75,3
357.5,0.40101,0.055119,-0.99434,3,-60,5.5162,923.75,3
357.75,0.33066,0.10105,-1.0286,2,-51,2.5295,921.25,3
358,0.20168,0.12402,-1.0742,2,-51.5,2.2856,921.75,3
358.25,0.30721,0.12402,-1.0628,3,-59.5,0.003068,922.25,3
358.5,0.49481,-0.0022966,-0.96014,3,-59.5,5.7708,923.25,3
358.75,0.49481,-0.0022966,-0.96014,2,-50.5,6.1651,920.25,3
359,0.23685,0.14698,-1.0742,3,-61,1.4128,925.75,3
359.25,0.23685,0.14698,-1.0742,3,-60,5.2539,924.25,3
359.5,0.42446,0.066602,-0.99434,3,-59.5,5.9457,922.75,3
359.75,0.42446,0.066602,-0.99434,3,-59.5,5.9212,922.75,3
360.25,0.47136,0.0091865,-0.97154,2,-51,2.7443,920.75,3
360.5,0.2603,0.14698,-1.0742,2,-51.5,2.2534,921.75,3
360.75,0.58862,-0.048229,-0.93733,2,-52.5,2.0233,922.25,3
361.25,0.49481,-0.01378,-0.97154,2,-50,6.1405,920.25,3
361.35,0.44791,0.043636,-0.99434,2,-50,6.1451,920.25,3
361.75,0.43619,0.055119,-0.98294,3,-60,1.8776,924.75,3
362,0.30721,0.14698,-1.04,3,-59.5,5.9426,922.75,3
362.25,0.30721,0.14698,-1.04,3,-59.5,5.4732,923.75,3
362.5,0.30721,0.14698,-1.04,2,-51,2.4206,921.25,3
362.75,0.2603,0.14698,-1.0742,2,-51,2.6753,920.75,3
363,0.33066,0.12402,-1.04,2,-52,2.0479,922.25,3
363.25,0.37756,0.089569,-1.0172,3,-59.5,6.2694,922.25,3
363.75,0.35411,0.10105,-1.0286,2,-50,3.025,920.25,3
364,0.23685,0.1355,-1.0628,3,-61,1.3837,925.75,3
364.5,0.35411,0.089569,-1.0172,2,-53,1.7994,922.75,3
364.75,0.33066,0.11254,-1.0514,2,-51,2.4436,921.25,3
365,0.22513,0.14698,-1.0628,2,-51,2.7136,920.75,3
365.25,0.33066,0.11254,-1.0286,3,-59.5,0.19328,921.75,3
365.5,0.33066,0.11254,-1.0286,3,-59,6.2786,922.25,3
365.75,0.33066,0.11254,-1.0286,3,-59.5,5.7908,923.25,3
366.25,0.27203,0.12402,-1.0514,2,-50,3.025,920.25,3
366.75,0.2603,0.14698,-1.0628,3,-60,1.8791,924.75,3
367,0.24858,0.14698,-1.0628,3,-59.5,2.3731,923.75,3
367.25,0.24858,0.14698,-1.0628,2,-51,2.5142,921.25,3
367.5,0.20168,0.12402,-1.0856,3,-59,0.49854,921.25,3
367.75,0.23685,0.12402,-1.0742,3,-59.5,0.26384,921.75,3
368,0.27203,0.1355,-1.0514,2,-52,2.0709,922.25,3
368.25,0.27203,0.1355,-1.0514,3,-59.5,5.78,923.25,3
368.5,0.28376,0.10105,-1.0628,2,-50,2.9821,920.25,3
368.75,0.2134,0.11254,-1.0856,3,-61,1.4113,925.75,3
369,0.2134,0.11254,-1.0856,3,-60,5.2677,924.25,3
369.25,0.2134,0.11254,-1.0856,3,-60,1.8807,924.75,3
369.5,0.2134,0.11254,-1.0856,3,-59.5,2.3976,923.75,3
369.75,0.2134,0.11254,-1.0856,3,-59.5,5.5223,923.75,3
370,0.2603,0.12402,-1.0742,2,-50.5,2.7366,920.75,3
370.25,0.23685,0.12402,-1.0514,2,-51.5,2.2335,921.75,3
370.33,0.60034,-0.048229,-0.93733,2,-52,2.0233,922.25,3
370.75,0.2134,0.11254,-1.0742,3,-60.5,1.6582,925.25,3
371.25,0.17823,0.11254,-1.0856,3,-61,1.4327,925.75,3
371.5,0.17823,0.11254,-1.0856,3,-59.5,2.1445,924.25,3
371.75,0.17823,0.11254,-1.0856,3,-60,1.8807,924.75,3
372,0.2134,0.14698,-1.0742,3,-60,5.464,923.75,3
372.75,0.2603,0.12402,-1.0742,3,-59.5,6.251,922.25,3
373.25,0.52999,-0.0022966,-0.96014,3,-60.5,1.6306,925.25,3
374,0.48309,0.0091865,-0.94873,3,-60.5,5.0299,924.75,3
374.25,0.48309,0.0091865,-0.94873,2,-53,1.8086,922.75,3
374.5,0.27203,0.12402,-1.0742,2,-51,2.5142,921.25,3
374.75,0.2603,0.12402,-1.0514,2,-50.5,5.9074,920.75,3
375,0.18995,0.10105,-1.0856,2,-51.5,2.2887,921.75,3
375.25,0.18995,0.10105,-1.0628,2,-52,2.0923,922.25,3
375.5,0.18995,0.10105,-1.0628,3,-59.5,5.7739,923.25,3
375.75,0.44791,0.066602,-1.0514,2,-50,0.033748,920.25,3
376.25,0.37756,0.032153,-0.99434,3,-60.5,2.324,924.25,3
376.75,0.43619,0.043636,-0.98294,3,-59.5,6.274,922.75,3
377,0.45964,0.02067,-0.99434,2,-50.5,2.5617,921.25,3
377.25,0.42446,0.055119,-0.99434,2,-50,2.8302,920.75,3
377.5,0.34238,0.10105,-1.04,3,-59.5,0.48934,921.75,3
378.25,0.34238,0.11254,-1.0286,2,-50,0.0061359,920.25,3
378.5,0.35411,0.12402,-1.0742,3,-61.5,1.6322,925.75,3
378.75,0.35411,0.12402,-1.0742,3,-60.5,2.3117,924.25,3
379.03,0.35411,0.12402,-1.0742,3,-60.5,2.0617,924.75,3
379.25,0.23685,0.11254,-1.04,3,-59.5,5.5269,923.75,3
379.5,0.23685,0.11254,-1.04,2,-51,5.6236,921.25,3
379.75,0.22513,0.11254,-1.097,2,-51,2.8225,920.75,3
380,0.28376,0.11254,-1.04,3,-59,0.27612,921.75,3
380.5,0.27203,0.10105,-1.0628,3,-60.5,1.6997,925.25,3
381,0.23685,0.11254,-1.0628,3,-60.5,1.4573,925.75,3
381.5,0.29548,0.12402,-1.0514,3,-60,1.9052,924.75,3
381.75,0.67069,-0.048229,-0.92593,3,-58.5,0.52155,921.25,3
382,0.67069,-0.048229,-0.92593,2,-51.5,2.5587,921.25,3
382.25,0.35411,0.10105,-1.0286,2,-50.5,2.8149,920.75,3
383,0.41273,0.032153,-1.0172,3,-60,1.6782,925.25,3
383.25,0.41273,0.032153,-1.0172,2,-50.5,3.0634,920.25,3
383.5,0.22513,0.14698,-1.0856,3,-61,1.4189,925.75,3
384.25,0.51826,0.02067,-0.98294,3,-60,5.3889,923.75,3
384.75,0.2603,0.10105,-1.0742,2,-52,2.1875,921.75,3
385,0.29548,0.10105,-1.0286,3,-59.5,6.1467,922.25,3
385.5,0.20168,0.14698,-1.0628,3,-61,1.7257,925.25,3
386.5,0.47136,0.032153,-0.97154,3,-59.5,5.4886,923.75,3
386.75,0.47136,0.032153,-0.97154,2,-51.5,2.4866,921.25,3
387,0.47136,0.032153,-0.98294,2,-51.5,2.4866,921.25,3
387.25,0.57689,-0.025263,-0.96014,2,-52,2.258,921.75,3
387.75,0.2603,0.1355,-1.0514,3,-60.5,1.6199,925.25,3
388,0.2603,0.1355,-1.0514,2,-50.5,6.1451,920.25,3
388.25,0.36583,0.089569,-1.0057,3,-61,1.3744,925.75,3
388.75,0.2603,0.12402,-1.0628,3,-59.5,6.0117,922.75,3
389,0.2603,0.12402,-1.0628,3,-60.5,5.5868,923.75,3
389.25,0.2603,0.12402,-1.0628,2,-52.5,5.7494,921.25,3
389.33,0.2134,0.12402,-1.0856,2,-51,5.8874,920.75,3
389.5,0.2134,0.12402,-1.0856,2,-51,5.9227,920.75,3
389.75,0.49481,0.02067,-0.97154,3,-59.5,0.18561,921.75,3
390,0.2603,0.14698,-1.0628,3,-59.5,5.731,923.25,3
390.25,0.48309,0.032153,-0.98294,2,-51,6.1497,920.25,3
390.5,0.60034,-0.01378,-0.93733,2,-50.5,6.1605,920.25,3
390.75,0.60034,-0.01378,-0.93733,3,-61,1.3668,925.75,3
391.25,0.37756,0.078086,-1.0057,3,-59.5,5.9963,922.75,3
391.5,0.37756,0.078086,-1.0057,3,-59.5,5.4886,923.75,3
392,0.27203,0.1355,-1.0742,2,-51.5,2.7443,920.75,3
392.25,0.22513,0.14698,-1.0742,3,-59.5,6.2157,922.25,3
392.5,0.22513,0.14698,-1.0628,3,-59.5,5.7356,923.25,3
392.75,0.22513,0.14698,-1.0628,2,-51,2.9821,920.25,3
393.75,0.62379,-0.025263,-0.91452,3,-59.5,5.9779,922.75,3
394,0.62379,-0.025263,-0.91452,3,-60,5.4809,923.75,3
394.25,0.30721,0.1355,-1.0514,2,-51,2.752,920.75,3
394.5,0.28376,0.12402,-1.0742,2,-52,2.2519,921.75,3
394.75,0.30721,0.14698,-1.0286,3,-59.5,5.7217,923.25,3
395,0.30721,0.14698,-1.0286,3,-60,5.8215,923.25,3
395.25,0.30721,0.14698,-1.0286,2,-50.5,3.0097,920.25,3
396,0.27203,0.14698,-1.0628,3,-60,1.8929,924.75,3
396.25,0.27203,0.14698,-1.0628,3,-59.5,6.0255,922.75,3
396.5,0.34238,0.12402,-1.0286,2,-52,2.4881,921.25,3
396.75,0.62379,-0.025263,-0.93733,3,-58.5,0.7225,920.75,3
397,0.62379,-0.025263,-0.93733,3,-59,0.22396,921.75,3
397.5,0.38928,0.089569,-1.0057,3,-60.5,1.6536,925.25,3
398.25,0.45964,0.02067,-0.98294,3,-60,1.9129,924.75,3
398.5,0.45964,0.02067,-0.98294,3,-59.5,5.9703,922.75,3
398.75,0.45964,0.02067,-0.98294,3,-60,6.0025,922.75,3
399,0.28376,0.14698,-1.0628,2,-51,2.7826,920.75,3
399.25,0.22513,0.1355,-1.0856,2,-51.5,2.7566,920.75,3
399.75,0.38928,0.066602,-1.0057,3,-60,5.7141,923.25,3
400,0.38928,0.066602,-1.0057,3,-60.5,1.646,925.25,3
400.25,0.2134,0.12402,-1.0856,2,-50.5,3.0281,920.25,3
400.5,0.27203,0.078086,-1.04,3,-61.5,4.559,925.75,3
401.25,0.56517,-0.071196,-0.97154,2,-51,2.5219,921.25,3
401.5,0.27203,0.089569,-1.0628,3,-59,0.8805,920.75,3
401.75,0.27203,0.089569,-1.0628,3,-59,0.27151,921.75,3
402,0.27203,0.089569,-1.0628,3,-59.5,0.003068,922.25,3
402.25,0.47136,0.02067,-1.0286,3,-59.5,5.8184,923.25,3
402.5,0.57689,-0.01378,-0.93733,2,-50.5,6.1344,920.25,3
403.25,0.29548,0.10105,-1.0514,3,-60,5.0713,924.75,3
403.5,0.29548,0.10105,-1.0514,3,-59.5,6.0485,922.75,3
403.75,0.33066,0.078086,-1.04,2,-51,2.5802,921.25,3
404,0.2603,0.078086,-1.0514,2,-50.5,2.8532,920.75,3
404.25,0.24858,0.089569,-1.0628,3,-59.5,0.061359,922.25,3
404.5,0.42446,0.043636,-1.0057,3,-59,5.8521,923.25,3
404.75,0.42446,0.043636,-1.0057,3,-60,1.7441,925.25,3
405,0.42446,0.043636,-1.0057,2,-50,3.094,920.25,3
405.25,0.49481,0.0091865,-0.98294,3,-60.5,1.514,925.75,3
405.5,0.49481,0.0091865,-0.98294,3,-59.5,2.1951,924.25,3
406,0.34238,0.089569,-1.04,3,-59.5,6.0746,922.75,3
406.25,0.49481,-0.0022966,-0.98294,2,-51,2.5756,921.25,3
406.5,0.57689,-0.036746,-0.94873,2,-50.5,6.0055,920.75,3
406.75,0.27203,0.066602,-1.04,3,-59,0.32214,921.75,3
407,0.27203,0.066602,-1.04,2,-52,2.1031,922.25,3
407.25,0.24858,0.055119,-1.0514,3,-59,5.8721,923.25,3
407.75,0.60034,-0.036746,-0.93733,3,-60.5,1.4987,925.75,3
408,0.60034,-0.036746,-0.93733,3,-60,5.1174,924.75,3
408.25,0.41273,0.066602,-1.0172,3,-59.5,6.1037,922.75,3
408.5,0.43619,0.02067,-1.0057,2,-51,2.6354,921.25,3
409,0.38928,0.078086,-1.04,2,-51.5,2.3547,921.75,3
409.25,0.41273,0.043636,-1.0286,2,-51.5,2.3501,921.75,3
409.35,0.30721,0.078086,-1.04,3,-59,0.039884,922.25,3
409.5,0.30721,0.078086,-1.04,3,-59,5.803,923.25,3
410,0.51826,-0.01378,-0.96014,2,-50,6.2617,920.25,3
410.25,0.29548,0.078086,-1.0628,3,-60.5,1.4312,925.75,3
410.5,0.30721,0.078086,-1.04,3,-59.5,1.9436,924.75,3
410.75,0.30721,0.078086,-1.04,3,-59.5,6.0485,922.75,3
411,0.28376,0.10105,-1.0742,3,-59,5.5438,923.75,3
411.5,0.35411,0.078086,-1.0286,2,-51,2.8118,920.75,3
411.75,0.40101,0.066602,-1.0286,2,-52.5,2.0862,922.25,3
412,0.28376,0.089569,-1.0514,3,-59.5,5.8,923.25,3
412.5,0.48309,0.0091865,-0.99434,3,-60.5,1.4527,925.75,3
413,0.35411,0.089569,-1.0514,3,-59.5,1.9589,924.75,3
413.5,0.27203,0.10105,-1.04,3,-59,5.5745,923.75,3
413.75,0.35411,0.10105,-1.0286,2,-51,2.8563,920.75,3
414,0.41273,0.055119,-1.0172,2,-52,2.3347,921.75,3
414.25,0.35411,0.089569,-1.04,3,-59,0.003068,922.25,3
414.75,0.40101,0.078086,-1.0057,3,-60.5,4.8198,925.25,3
415,0.2603,0.089569,-1.0628,3,-60.5,1.4266,925.75,3
415.5,0.34238,0.089569,-1.04,3,-59.5,1.8883,924.75,3
415.75,0.34238,0.089569,-1.04,3,-59.5,5.5116,923.75,3
416,0.28376,0.066602,-1.0628,2,-51,2.6124,921.25,3
416.25,0.38928,0.078086,-1.0286,2,-50.5,2.8501,920.75,3
416.5,0.42446,0.032153,-1.0172,2,-51.5,2.3654,921.75,3
416.75,0.27203,0.055119,-1.0514,3,-59,0.033748,922.25,3
417,0.41273,0.043636,-0.98294,3,-60,1.7288,925.25,3
417.25,0.41273,0.043636,-0.98294,2,-50.5,6.2786,920.25,3
417.5,0.50654,0.0091865,-0.97154,3,-59,2.169,924.25,3
418,0.36583,0.078086,-1.04,3,-59.5,6.0792,922.75,3
418.5,0.38928,0.066602,-1.0286,2,-51,2.6216,921.25,3
418.75,0.42446,0.032153,-1.0286,2,-50.5,6.0316,920.75,3
419,0.43619,0.055119,-1.0057,2,-52,2.1322,922.25,3
419.25,0.38928,0.066602,-1.0286,3,-59.5,5.7954,923.25,3
419.5,0.38928,0.066602,-1.0286,3,-60,1.7058,925.25,3
419.75,0.28376,0.089569,-1.04,2,-50.5,6.2786,920.25,3
420,0.51826,-0.01378,-0.98294,3,-59,2.2074,924.25,3
420.75,0.30721,0.078086,-1.0628,3,-59,5.53,923.75,3
421.25,0.38928,0.089569,-1.04,3,-59,0.26845,921.75,3
421.5,0.52999,0.0091865,-0.97154,3,-58.5,0.001534,922.25,3
421.75,0.52999,0.0091865,-0.97154,3,-59,5.7248,923.25,3
422,0.52999,0.0091865,-0.97154,3,-60.5,1.6398,925.25,3
422.25,0.49481,0.0091865,-0.96014,2,-50.5,3.025,920.25,3
422.33,0.49481,0.0091865,-0.96014,3,-60.5,1.3883,925.75,3
422.5,0.49481,0.0091865,-0.96014,3,-59,2.0908,924.25,3
423,0.57689,-0.036746,-0.94873,3,-59,6.0086,922.75,3
423.25,0.64724,-0.036746,-0.93733,2,-51,2.5096,921.25,3
423.5,0.30721,0.089569,-1.04,2,-51,2.6814,920.75,3
424,0.35411,0.066602,-1.0286,2,-52.5,2.0586,922.25,3
424.5,0.56517,-0.036746,-0.96014,2,-50,0.010738,920.25,3
424.75,0.31893,0.066602,-1.0514,3,-60,1.445,925.75,3
425,0.31893,0.066602,-1.0514,3,-59,5.3168,924.25,3
425.25,0.50654,0.0091865,-0.98294,3,-59.5,6.1421,922.75,3
425.75,0.55344,-0.025263,-0.89172,2,-51,2.5617,921.25,3
426,0.43619,0.055119,-1.0057,2,-52,6.1329,920.75,3
426.25,0.51826,-0.01378,-0.98294,2,-51.5,2.3317,921.75,3
426.33,0.51826,-0.01378,-0.98294,2,-51.5,2.1046,922.25,3
426.75,0.30721,0.055119,-1.0172,3,-59.5,1.7027,925.25,3
427.5,0.38928,0.089569,-1.0172,3,-59.5,1.9482,924.75,3
427.75,0.70587,-0.059712,-0.90312,2,-52.5,1.8791,922.75,3
428,0.70587,-0.059712,-0.90312,3,-59.5,5.5208,923.75,3
428.25,0.52999,-0.0022966,-0.97154,2,-51,2.5556,921.25,3
428.75,0.35411,0.089569,-1.04,2,-52,2.1184,922.25,3
429.25,0.57689,-0.059712,-0.94873,3,-59.5,1.6966,925.25,3
429.75,0.57689,-0.059712,-0.94873,3,-59,2.1614,924.25,3
430,0.57689,-0.059712,-0.94873,3,-59.5,1.9236,924.75,3
430.5,0.55344,-0.025263,-0.98294,3,-59,5.5346,923.75,3
430.75,0.2603,0.066602,-1.0742,2,-50,5.9503,920.75,3
431,0.40101,0.055119,-1.0286,2,-51.5,2.327,921.75,3
431.25,0.30721,0.078086,-1.0286,3,-59,0.021476,922.25,3
431.75,0.28376,0.089569,-1.0514,2,-50,3.0986,920.25,3
432,0.31893,0.078086,-1.04,3,-60,1.4419,925.75,3
432.25,0.31893,0.078086,-1.04,3,-59,2.1614,924.25,3
432.5,0.30721,0.089569,-1.04,3,-59,5.9963,922.75,3
432.75,0.30721,0.089569,-1.04,3,-59,5.5484,923.75,3
433.25,0.30721,0.089569,-1.0514,2,-51,2.7842,920.75,3
434,0.36583,0.078086,-1.04,3,-60,1.6076,925.25,3
434.25,0.51826,0.032153,-0.98294,2,-50.5,2.9974,920.25,3
434.5,0.40101,0.10105,-1.0286,3,-59.5,5.2155,924.25,3
435,0.62379,-0.036746,-0.92593,2,-52.5,1.8592,922.75,3
435.25,0.62379,-0.036746,-0.92593,3,-59.5,5.4763,923.75,3
435.5,0.57689,-0.0022966,-0.94873,2,-51,5.6895,921.25,3
435.75,0.64724,-0.071196,-0.93733,2,-50.5,5.9242,920.75,3
436.25,0.36583,0.089569,-1.04,3,-59,5.7264,923.25,3
436.5,0.36583,0.089569,-1.04,2,-50,6.1773,920.25,3
437,0.29548,0.089569,-1.0742,3,-59,2.1414,924.25,3
437.25,0.29548,0.089569,-1.0742,3,-59.5,1.8883,924.75,3
437.75,0.60034,0.0091865,-0.97154,3,-59.5,5.5822,923.75,3
438,0.47136,0.032153,-1.0172,2,-50.5,5.9074,920.75,3
438.25,0.51826,0.043636,-1.0057,2,-50.5,2.778,920.75,3
438.5,0.41273,0.055119,-1.0172,2,-52.5,2.0893,922.25,3
438.75,0.28376,0.078086,-1.0514,3,-59.5,6.1221,923.25,3
439,0.37756,0.089569,-1.0742,2,-50,0.001534,920.25,3
439.5,0.49481,0.0091865,-0.94873,3,-59,2.0801,924.25,3
439.75,0.2603,0.066602,-1.04,3,-59,5.935,922.75,3
440.25,0.51826,-0.059712,-0.96014,3,-59,5.441,923.75,3
440.5,0.64724,-0.10565,-0.92593,2,-50.5,2.643,920.75,3
441,0.34238,0.055119,-1.0172,3,-59,5.6773,923.25,3
441.5,0.42446,0.032153,-1.0057,2,-50,6.1467,920.25,3
441.75,0.28376,0.078086,-1.0514,3,-60.5,1.4343,925.75,3
442.25,0.55344,-0.036746,-0.94873,3,-59.5,1.9083,924.75,3
442.75,0.35411,0.066602,-1.0286,2,-51.5,2.5556,921.25,3
443,0.29548,0.066602,-1.0514,2,-50.5,2.8103,920.75,3
443.25,0.50654,-0.0022966,-0.96014,2,-52.5,2.0755,922.25,3
443.75,0.41273,0.066602,-1.0286,3,-59,5.7217,923.25,3
444.75,0.44791,0.043636,-0.99434,3,-59.5,4.99,924.75,3
445,0.30721,0.11254,-1.04,3,-59.5,5.4257,923.75,3
445.25,0.30721,0.11254,-1.04,2,-51.5,2.4789,921.25,3
445.5,0.2603,0.066602,-1.0628,2,-50.5,2.7474,920.75,3
445.75,0.61207,-0.082679,-0.93733,3,-59,6.2356,922.25,3
446,0.61207,-0.082679,-0.93733,3,-59.5,5.7371,923.25,3
446.5,0.57689,-0.01378,-0.94873,2,-50,6.1451,920.25,3
446.75,0.33066,0.078086,-1.0628,3,-59,5.2554,924.25,3
447.25,0.7645,-0.094162,-0.90312,3,-58.5,5.9902,922.75,3
447.5,0.57689,-0.059712,-0.96014,2,-51,2.4083,921.25,3
447.75,0.2603,0.032153,-1.0514,2,-50,2.663,920.75,3
448,0.24858,0.055119,-1.0628,2,-51,2.1905,921.75,3
448.25,0.22513,0.02067,-1.0742,2,-52,1.9804,922.25,3
448.5,0.63552,-0.082679,-0.85751,3,-59.5,5.6635,923.25,3
448.75,0.63552,-0.082679,-0.85751,3,-60,1.5999,925.25,3
449,0.42446,0.078086,-1.0856,3,-61,1.3422,925.75,3
449.5,0.34238,0.089569,-1.0628,3,-59.5,1.8408,924.75,3
450,0.49481,-0.036746,-0.94873,3,-59,5.5039,923.75,3
450.25,0.30721,0.066602,-1.0514,2,-50.5,5.9304,920.75,3
450.5,0.28376,0.066602,-1.0742,2,-51,2.3194,921.75,3
450.75,0.35411,0.12402,-1.0286,2,-52.5,2.1138,922.25,3
451,0.63552,-0.059712,-0.91452,3,-59.5,1.6475,925.25,3
451.25,0.63552,-0.059712,-0.91452,2,-50,6.231,920.25,3
451.5,0.28376,0.078086,-1.0514,3,-60.5,1.4343,925.75,3
452,0.60034,-0.048229,-0.94873,3,-59.5,1.9175,924.75,3
452.25,0.35411,0.078086,-1.0286,3,-59,2.3976,923.75,3
452.5,0.28376,0.078086,-1.0628,2,-51,2.5525,921.25,3
452.75,0.29548,0.066602,-1.0514,2,-50.5,2.8041,920.75,3
453.25,0.68242,-0.059712,-0.90312,3,-59,5.7371,923.25,3
453.75,0.2603,0.078086,-1.0514,2,-50,6.1605,920.25,3
454,0.29548,0.078086,-1.0514,3,-60.5,1.4021,925.75,3
454.25,0.29548,0.078086,-1.0514,3,-59,2.1261,924.25,3
454.75,0.56517,-0.036746,-0.96014,3,-59,5.5346,923.75,3
455,0.34238,0.066602,-1.04,2,-51,2.4789,921.25,3
455.25,0.44791,0.02067,-0.99434,2,-51.5,2.3086,921.75,3
455.75,0.36583,0.055119,-1.04,3,-59,5.8184,923.25,3
456,0.36583,0.055119,-1.04,2,-50,6.1911,920.25,3
456.25,0.28376,0.066602,-1.04,2,-50,3.0189,920.25,3
456.5,0.37756,0.078086,-1.04,3,-59,5.2953,924.25,3
457,0.48309,-0.0022966,-0.97154,2,-52,1.9006,922.75,3
457.25,0.29548,0.066602,-1.0514,3,-59,5.5116,923.75,3
457.5,0.31893,0.078086,-1.04,2,-50,2.7857,920.75,3
457.75,0.50654,-0.01378,-0.98294,2,-51.5,2.2964,921.75,3
458.25,0.36583,0.078086,-1.0286,3,-59,5.7156,923.25,3
458.5,0.36583,0.078086,-1.0286,3,-59.5,1.6536,925.25,3
458.58,0.36583,0.078086,-1.0286,2,-49.5,6.185,920.25,3
458.75,0.51826,-0.0022966,-0.96014,3,-60,1.3821,925.75,3
460,0.34238,0.066602,-1.0286,2,-50.5,2.7826,920.75,3
460.5,0.29548,0.078086,-1.0514,3,-59,5.6834,923.25,3
460.75,0.51826,-0.059712,-0.94873,3,-59.5,1.6475,925.25,3
461,0.51826,-0.059712,-0.94873,2,-50,6.1467,920.25,3
461.25,0.52999,-0.01378,-0.98294,3,-60,1.3975,925.75,3
461.5,0.52999,-0.01378,-0.98294,3,-59,5.3091,924.25,3
462,0.51826,-0.025263,-0.96014,3,-59,5.5147,923.75,3
462.25,0.34238,0.055119,-1.04,2,-51,2.5387,921.25,3
462.5,0.33066,0.055119,-1.04,2,-50,2.8118,920.75,3
462.6,0.69414,-0.10565,-0.91452,3,-58.5,0.22856,921.75,3
463,0.35411,0.055119,-1.0286,2,-52,2.0862,922.25,3
463.08,0.35411,0.055119,-1.0286,3,-59,5.6865,923.25,3
463.5,0.57689,-0.048229,-0.91452,2,-50,3.0403,920.25,3
463.75,0.34238,0.066602,-1.0286,3,-60,1.3867,925.75,3
464.25,0.56517,-0.048229,-0.94873,3,-59,5.5162,923.75,3
464.75,0.43619,-0.0022966,-0.99434,2,-51,5.7402,921.25,3
465,0.38928,0.032153,-1.0286,2,-50.5,2.8333,920.75,3
465.25,0.48309,0.0091865,-0.98294,2,-52,2.1092,922.25,3
465.5,0.42446,0.032153,-1.0172,3,-59.5,1.6782,925.25,3
465.75,0.42446,0.032153,-1.0172,3,-59.5,1.6736,925.25,3
466,0.42446,0.032153,-1.0172,2,-49.5,6.2326,920.25,3
466.25,0.33066,0.055119,-1.04,3,-59,2.146,924.25,3
466.5,0.33066,0.055119,-1.04,3,-59,5.0407,924.75,3
466.75,0.31893,0.055119,-1.0172,3,-59,5.9856,922.75,3
467.25,0.45964,0.032153,-0.96014,2,-50.5,2.775,920.75,3
467.5,0.45964,0.032153,-0.96014,2,-51.5,2.3086,921.75,3
467.75,0.42446,0.043636,-1.0057,2,-51.5,2.0877,922.25,3
468,0.40101,0.043636,-0.99434,3,-59.5,1.6429,925.25,3
468.25,0.40101,0.043636,-0.99434,3,-59.5,1.6812,925.25,3
469.25,0.45964,0.0091865,-0.96014,3,-59,5.9902,922.75,3
469.5,0.43619,-0.01378,-0.96014,2,-51,2.4989,921.25,3
470,0.36583,0.055119,-1.04,2,-51.5,2.2964,921.75,3
470.25,0.49481,-0.01378,-0.98294,3,-59.5,5.7279,923.25,3
470.5,0.49481,-0.01378,-0.98294,3,-59,5.7187,923.25,3
470.75,0.69414,-0.094162,-0.90312,2,-50,6.1927,920.25,3
471,0.34238,0.078086,-1.0286,3,-60,1.4021,925.75,3
471.25,0.34238,0.078086,-1.0286,3,-59,2.1552,924.25,3
471.5,0.34238,0.078086,-1.0286,3,-59,5.935,922.75,3
471.75,0.60034,-0.036746,-0.93733,3,-59.5,5.4226,923.75,3
472,0.60034,-0.036746,-0.93733,2,-51,2.4866,921.25,3
472.25,0.61207,-0.10565,-0.96014,3,-59.5,0.33287,921.75,3
472.75,0.36583,0.078086,-1.0286,3,-59,5.7033,923.25,3
473.25,0.34238,0.066602,-1.0172,2,-50,6.1727,920.25,3
473.5,0.45964,0.02067,-1.0057,3,-60,1.3898,925.75,3
473.75,0.42446,0.066602,-1.0057,3,-59.5,1.8592,924.75,3
474,0.42446,0.066602,-1.0057,3,-59,5.935,922.75,3
474.25,0.49481,-0.01378,-0.97154,2,-51.5,2.4758,921.25,3
474.5,0.50654,0.0091865,-0.98294,2,-50.5,2.7765,920.75,3
474.75,0.64724,-0.082679,-0.91452,2,-50.5,5.8721,920.75,3
475,0.37756,0.078086,-1.0172,2,-52,2.0724,922.25,3
475.25,0.40101,0.055119,-1.0172,2,-53,1.6506,923.25,3
475.5,0.62379,-0.059712,-0.92593,3,-60,4.7691,925.25,3
475.75,0.29548,0.066602,-1.04,2,-50,3.0864,920.25,3
476.25,0.33066,0.055119,-1.0286,3,-59.5,1.8929,924.75,3
476.75,0.42446,0.02067,-1.0057,2,-51,2.5495,921.25,3
477,0.38928,0.055119,-1.04,2,-50.5,2.7903,920.75,3
477.25,0.56517,-0.0022966,-0.94873,2,-52,2.2611,921.75,3
477.5,0.56517,-0.0022966,-0.94873,2,-52,2.054,922.25,3
478,0.52999,-0.0022966,-0.96014,2,-50.5,6.1758,920.25,3
478.25,0.38928,0.055119,-1.0514,3,-60,1.3668,925.75,3
478.5,0.45964,-0.0022966,-1.04,3,-59.5,1.827,924.75,3
478.75,0.45964,-0.0022966,-1.04,3,-59,5.9227,922.75,3
479,0.2603,0.055119,-1.0514,3,-59.5,5.415,923.75,3
479.25,0.36583,0.078086,-1.04,2,-51,2.4958,921.25,3
479.5,0.28376,0.043636,-1.04,2,-51,2.6967,920.75,3
479.75,0.33066,0.066602,-1.0628,2,-52,2.2089,921.75,3
480,0.37756,0.089569,-1.0286,3,-59,5.6358,923.25,3
480.25,0.41273,0.043636,-1.0286,3,-60,4.7155,925.25,3
480.5,0.41273,0.043636,-1.0286,2,-50.5,6.205,920.25,3
480.75,0.29548,0.066602,-1.04,3,-60,1.4174,925.75,3
481.25,0.44791,0.02067,-0.98294,3,-59,1.8638,924.75,3
481.5,0.72932,-0.10565,-0.89172,3,-59,5.4579,923.75,3
481.75,0.72932,-0.10565,-0.89172,2,-51,2.5418,921.25,3
481.78,0.44791,0.02067,-0.99434,2,-50.5,2.7949,920.75,3
482.25,0.37756,0.066602,-1.0172,2,-52,2.0433,922.25,3
482.5,0.37756,0.066602,-1.0172,3,-58.5,5.6987,923.25,3
482.75,0.34238,0.055119,-1.04,2,-50.5,6.231,920.25,3
483,0.35411,0.055119,-1.0286,2,-50,6.2157,920.25,3
483.25,0.34238,0.055119,-1.0286,3,-59,5.2263,924.25,3
483.5,0.34238,0.055119,-1.0286,3,-59.5,5.2708,924.25,3
483.75,0.45964,0.02067,-0.98294,3,-58.5,5.9963,922.75,3
484,0.44791,0.0091865,-1.0057,2,-51.5,2.4789,921.25,3
484.25,0.44791,0.032153,-1.0057,2,-50.5,2.7443,920.75,3
484.5,0.37756,0.055119,-1.04,2,-51.5,2.304,921.75,3
484.75,0.34238,0.055119,-1.0172,3,-59,5.7294,923.25,3
485.75,0.55344,-0.025263,-0.93733,3,-59.5,5.372,924.25,3
486,0.55344,-0.025263,-0.93733,3,-59,1.896,924.75,3
486.75,0.57689,-0.048229,-0.94873,2,-50.5,2.8731,920.75,3
487.5,0.43619,0.0091865,-1.0057,3,-58.5,5.7662,923.25,3
487.75,0.60034,-0.048229,-0.93733,2,-50.5,6.231,920.25,3
488,0.48309,0.043636,-1.0057,3,-59.5,1.4067,925.75,3
488.5,0.36583,0.066602,-1.0286,3,-59,1.8975,924.75,3
488.75,0.56517,-0.048229,-0.96014,3,-59,5.4656,923.75,3
489,0.56517,-0.048229,-0.96014,2,-51,2.5894,921.25,3
489.25,0.33066,0.055119,-1.0172,2,-50.5,5.9657,920.75,3
489.28,0.31893,0.055119,-1.04,2,-51,6.0285,920.75,3
489.5,0.48309,0.0091865,-0.99434,2,-51.5,2.3424,921.75,3
489.75,0.40101,0.078086,-1.0172,2,-52.5,2.1644,922.25,3
490.25,0.42446,0.066602,-1.0172,2,-51.5,0.084369,920.25,3
490.5,0.30721,0.066602,-1.04,3,-60,1.3468,925.75,3
490.75,0.37756,0.089569,-1.0172,3,-59,4.967,924.75,3
491,0.37756,0.089569,-1.0172,3,-58.5,5.892,922.75,3
491.25,0.37756,0.089569,-1.0172,3,-59,5.4042,923.75,3
491.5,0.38928,0.089569,-1.0172,2,-51,2.4452,921.25,3
491.75,0.31893,0.066602,-1.0514,2,-52,2.2258,921.75,3
492.25,0.33066,0.066602,-1.0286,3,-58.5,5.7294,923.25,3
492.5,0.49481,0.032153,-0.97154,2,-50,2.9974,920.25,3
492.75,0.36583,0.066602,-1.0286,2,-50,6.1344,920.25,3
493,0.42446,0.078086,-1.0172,3,-60,1.3376,925.75,3
493.25,0.42446,0.078086,-1.0172,3,-59,1.8193,924.75,3
493.5,0.42446,0.078086,-1.0172,3,-58.5,5.8951,922.75,3
493.75,0.60034,-0.036746,-0.92593,3,-59,5.4057,923.75,3
494,0.60034,-0.036746,-0.92593,2,-51,2.4513,921.25,3
494.75,0.64724,-0.048229,-0.92593,3,-59.5,1.5892,925.25,3
495,0.64724,-0.048229,-0.92593,2,-50,6.1421,920.25,3
495.25,0.31893,0.078086,-1.04,2,-50,2.9974,920.25,3
495.33,0.31893,0.078086,-1.04,3,-60,1.3545,925.75,3
496.25,0.74105,-0.11713,-0.89172,2,-51.5,2.5495,921.25,3
496.5,0.37756,0.066602,-1.0286,2,-50.5,5.9503,920.75,3
497,0.35411,0.078086,-1.0286,2,-53,1.6429,923.25,3
497.25,0.42446,0.055119,-1.0172,3,-59.5,1.5999,925.25,3
498.5,0.40101,0.055119,-1.0172,3,-59,5.4502,923.75,3
498.75,0.70587,-0.094162,-0.90312,2,-51,2.5173,921.25,3
499,0.55344,-0.036746,-0.97154,2,-50.5,2.755,920.75,3
499.53,0.60034,-0.059712,-0.92593,2,-52,2.0341,922.25,3
499.75,0.51826,0.0091865,-0.96014,3,-59.5,1.5938,925.25,3
500.25,0.51826,-0.01378,-0.96014,3,-60,1.3361,925.75,3
500.5,0.51826,-0.01378,-0.96014,3,-59.5,4.9532,924.75,3
501,0.58862,-0.036746,-0.94873,3,-59,5.4456,923.75,3
501.25,0.58862,-0.036746,-0.94873,2,-51,2.5464,921.25,3
501.5,0.47136,0.0091865,-0.97154,2,-50.5,5.9733,920.75,3
501.75,0.40101,0.055119,-1.0057,2,-52,2.0586,922.25,3
502.25,0.48309,0.0091865,-0.98294,3,-59.5,1.6168,925.25,3
502.5,0.69414,-0.082679,-0.90312,2,-50,6.1804,920.25,3
502.75,0.40101,0.066602,-1.0172,3,-60,1.4005,925.75,3
503.5,0.57689,-0.048229,-0.93733,3,-58.5,0.60439,921.25,3
503.75,0.57689,-0.048229,-0.93733,2,-51,2.5541,921.25,3
504,0.29548,0.02067,-1.0057,2,-51.5,2.3148,921.75,3
504.03,0.54171,-0.048229,-0.97154,2,-52,2.1062,922.25,3
504.25,0.35411,0.043636,-1.0057,2,-53.5,1.6782,923.25,3
504.75,0.36583,0.055119,-1.0172,2,-49.5,6.274,920.25,3
505,0.34238,0.032153,-1.0628,3,-59.5,1.3944,925.75,3
505.5,0.36583,0.032153,-1.0286,3,-59,1.8377,924.75,3
506,0.33066,0.066602,-1.0286,2,-50.5,2.3715,921.25,3
506.25,0.48309,0.055119,-1.0742,2,-50,5.8644,920.75,3
506.5,0.52999,-0.01378,-0.98294,2,-52,2.0203,922.25,3
507,0.47136,0.0091865,-0.98294,3,-59.5,1.6306,925.25,3
508,0.72932,-0.094162,-0.89172,3,-59,1.8577,924.75,3
508.5,0.42446,0.055119,-1.0628,2,-50,2.5479,921.25,3
508.75,0.29548,0.032153,-1.0742,2,-51,2.2488,921.75,3
509,0.23685,0.0091865,-1.0742,2,-51,2.2304,921.75,3
509.25,0.47136,-0.082679,-0.91452,2,-51.5,2.0356,922.25,3
509.5,0.55344,-0.071196,-0.92593,3,-59.5,1.5186,925.25,3
509.75,0.55344,-0.071196,-0.92593,2,-49.5,5.9979,920.25,3
510,0.30721,0.078086,-1.0856,3,-59,2.0525,924.25,3
510.25,0.30721,0.078086,-1.0856,3,-59,5.2048,924.25,3
510.75,0.40101,0.055119,-1.0286,2,-51,2.5142,921.25,3
511,0.33066,0.055119,-1.04,2,-50.5,6.0239,920.75,3
511.5,0.30721,0.066602,-1.0628,2,-52,2.0402,922.25,3
511.75,0.36583,0.078086,-1.0172,3,-59.5,1.6245,925.25,3
512,0.36583,0.078086,-1.0172,3,-59.5,1.6276,925.25,3
512.5,0.47136,0.032153,-0.98294,3,-59,5.2447,924.25,3
512.75,0.63552,-0.071196,-0.90312,2,-52.5,1.7625,922.75,3
513.25,0.51826,-0.025263,-0.97154,2,-50.5,2.5433,921.25,3
513.5,0.50654,-0.036746,-0.94873,2,-51,2.5541,921.25,3
514,0.48309,-0.0022966,-0.98294,2,-52,2.1,922.25,3
514.25,0.43619,0.043636,-1.0172,3,-59,1.6797,925.25,3
514.5,0.43619,0.043636,-1.0172,2,-49.5,6.2356,920.25,3
514.52,0.33066,0.055119,-1.04,2,-49.5,6.2234,920.25,3
515,0.45964,0.055119,-1.0286,3,-59,5.28,924.25,3
516.25,0.54171,-0.025263,-0.96014,2,-51,2.2764,921.75,3
516.5,0.33066,0.055119,-1.04,2,-51.5,2.0448,922.25,3
516.75,0.38928,0.066602,-1.04,3,-59.5,1.5647,925.25,3
517,0.29548,0.078086,-1.04,2,-50,3.0189,920.25,3
517.25,0.44791,0.032153,-0.99434,3,-59.5,1.3116,925.75,3
517.5,0.44791,0.032153,-0.99434,3,-58.5,5.1818,924.25,3
518,0.44791,-0.0022966,-1.0057,3,-58.5,5.4456,923.75,3
518.5,0.35411,0.055119,-1.04,2,-50,5.9472,920.75,3
518.58,0.41273,0.078086,-1.0286,2,-51.5,2.3654,921.75,3
518.75,0.43619,0.043636,-0.99434,2,-52,2.1997,922.25,3
519.25,0.50654,-0.0022966,-0.97154,3,-59,1.6705,925.25,3
519.5,0.34238,0.078086,-1.0514,2,-50,6.2494,920.25,3
520,0.47136,0.032153,-0.98294,3,-58.5,1.8807,924.75,3
520.25,0.47136,0.032153,-0.98294,2,-52.5,1.7978,922.75,3
520.5,0.50654,0.02067,-0.97154,3,-58.5,5.461,923.75,3
521,0.34238,0.078086,-1.04,2,-50.5,2.7796,920.75,3
521.5,0.38928,0.078086,-1.0172,3,-59,1.6122,925.25,3
521.75,0.38928,0.078086,-1.0172,2,-50,6.1911,920.25,3
522,0.31893,0.078086,-1.04,2,-50,6.185,920.25,3
522.25,0.63552,-0.036746,-0.92593,3,-58.5,5.1987,924.25,3
522.5,0.63552,-0.036746,-0.92593,3,-59,1.9436,924.75,3
523,0.64724,-0.036746,-0.91452,2,-51,2.416,921.25,3
523.25,0.33066,0.078086,-1.04,2,-50,2.7013,920.75,3
523.5,0.37756,0.089569,-1.0286,2,-52,1.9957,922.25,3
524.25,0.47136,0.032153,-0.98294,2,-49.5,2.959,920.25,3
525,0.43619,0.055119,-0.99434,3,-58.5,1.8377,924.75,3
525.25,0.75277,-0.082679,-0.89172,3,-59,5.3812,923.75,3
525.5,0.75277,-0.082679,-0.89172,2,-50.5,2.393,921.25,3
525.6,0.27203,0.089569,-1.0514,2,-50,5.8138,920.75,3
525.75,0.47136,0.0091865,-0.98294,2,-50,2.6983,920.75,3
526,0.47136,0.043636,-0.99434,2,-51.5,2.0525,922.25,3
526.75,0.58862,-0.059712,-0.92593,2,-49.5,6.2111,920.25,3
526.83,0.58862,-0.059712,-0.92593,2,-50.5,0.11198,920.25,3
526.88,0.29548,0.055119,-1.04,3,-59.5,1.491,925.75,3
527,0.29548,0.055119,-1.04,3,-58.5,5.3766,924.25,3
527.25,0.29548,0.055119,-1.04,3,-58.5,5.3689,924.25,3
527.75,0.45964,0.02067,-0.99434,2,-50.5,2.5372,921.25,3
528,0.43619,0.032153,-0.97154,2,-50.5,2.5065,921.25,3
528.25,0.28376,0.055119,-1.04,2,-50,2.7412,920.75,3
529,0.56517,-0.036746,-0.94873,3,-59,1.6076,925.25,3
529.02,0.56517,-0.036746,-0.94873,2,-50,6.2663,920.25,3
529.27,0.31893,0.066602,-1.0514,3,-59.5,1.3698,925.75,3
529.75,0.49481,0.0091865,-0.98294,3,-58.5,1.8377,924.75,3
529.77,0.49481,0.0091865,-0.98294,2,-52.5,1.7319,922.75,3
530,0.49481,0.0091865,-0.98294,2,-52.5,1.7395,922.75,3
530.02,0.30721,0.066602,-1.0286,3,-58.5,5.4226,923.75,3
530.5,0.34238,0.066602,-1.0286,2,-50.5,2.4222,921.25,3
530.75,0.35411,0.10105,-1.04,2,-51,2.2181,921.75,3
531,0.31893,0.055119,-1.04,2,-51.5,1.9788,922.25,3
531.25,0.35411,0.066602,-1.0286,2,-53,1.5815,923.25,3
531.5,0.35411,0.066602,-1.0286,2,-49.5,6.1773,920.25,3
532.5,0.60034,-0.036746,-0.93733,2,-52.5,1.7871,922.75,3
532.75,0.52999,-0.01378,-0.97154,2,-51,2.4989,921.25,3
533,0.41273,0.078086,-1.0172,2,-50,2.7412,920.75,3
533.25,0.38928,0.089569,-1.04,2,-51.5,2.2427,921.75,3
533.5,0.47136,0.032153,-1.0057,2,-52,1.9988,922.25,3
533.75,0.36583,0.089569,-1.0286,2,-53,1.5953,923.25,3
533.77,0.36583,0.089569,-1.0286,3,-59,1.603,925.25,3
534,0.36583,0.089569,-1.0286,2,-50,6.1727,920.25,3
534.02,0.30721,0.078086,-1.04,2,-49.5,6.1651,920.25,3
534.1,0.30721,0.078086,-1.04,2,-49.5,3.0403,920.25,3
534.25,0.35411,0.066602,-1.04,3,-59.5,1.3606,925.75,3
534.5,0.35411,0.066602,-1.04,3,-59,5.2017,924.25,3
535,0.45964,0.032153,-0.97154,2,-52.5,1.7902,922.75,3
535.25,0.60034,-0.025263,-0.92593,2,-51,2.4743,921.25,3
535.5,0.31893,0.089569,-1.04,2,-50.5,2.7336,920.75,3
536,0.47136,0.055119,-0.98294,2,-51.5,2.0295,922.25,3
536.25,0.37756,0.089569,-1.0286,3,-59,1.6122,925.25,3
536.27,0.37756,0.089569,-1.0286,2,-49.5,6.1651,920.25,3
536.5,0.31893,0.089569,-1.0286,2,-49.5,6.1497,920.25,3
536.52,0.31893,0.089569,-1.0286,2,-49.5,6.1697,920.25,3
537.5,0.50654,0.02067,-0.98294,2,-50.5,2.4743,921.25,3
537.75,0.30721,0.078086,-1.04,2,-51,2.4712,921.25,3
538.25,0.38928,0.078086,-1.0286,2,-52,1.9942,922.25,3
538.75,0.36583,0.12402,-1.0172,3,-59,1.7227,925.25,3
538.77,0.36583,0.12402,-1.0172,2,-50.5,6.1375,920.25,3
539,0.36583,0.089569,-1.0628,2,-50.5,3.0081,920.25,3
539.25,0.36583,0.078086,-1.0514,3,-58.5,5.4993,924.25,3
539.5,0.36583,0.078086,-1.0514,3,-58.5,5.2125,924.75,3
539.52,0.36583,0.078086,-1.0514,2,-51.5,2.4513,922.75,3
539.75,0.65897,-0.036746,-0.98294,3,-59,5.9319,923.75,3
540,0.56517,-0.11713,-1.0172,2,-52,6.2433,921.25,3
540.75,0.45964,0.19292,-0.80049,3,-61.5,1.4021,922.25,3
541,0.45964,0.19292,-0.80049,3,-61.5,6.1835,923.25,3
541.5,0.27203,0.64076,-0.8119,3,-61,0.57524,920.25,1
541.75,0.27203,0.64076,-0.8119,3,-65.5,2.4866,924.25,1
542.5,0.049247,1.0656,-0.11631,2,-69,0.88971,921.25,1
543.5,1.1045,0.66373,0.25999,3,-64,1.1934,925.25,4
543.75,1.1045,0.66373,0.25999,3,-66,4.8489,920.25,4
545,0.2134,1.0427,-0.31016,1,-52.5,0.099709,921.25,4
545.75,0.61207,1.1231,0.043332,1,-51,1.6045,923.25,4
