0,0.18995,0.14698,-0.99434,3,-59.5,1.511,925.75,3
0.025,0.18995,0.14698,-0.99434,3,-58,6.0009,924.25,3
0.275,0.18995,0.14698,-0.99434,3,-59,0.20862,922.75,3
0.5,0.18995,0.14698,-0.99434,3,-58.5,0.42031,922.75,3
0.75,0.18995,0.14698,-0.99434,3,-58.5,5.9334,923.75,3
1,0.47136,0.2733,-0.89172,3,-59,4.9824,920.75,3
1.05,0.47136,0.2733,-0.89172,3,-58.5,4.9486,920.75,3
1.5,0.28376,0.36516,-1.0172,3,-58.5,3.7122,922.25,3
1.75,0.33066,0.35368,-1.0057,3,-59,6.0868,923.25,3
2,0.33066,0.35368,-1.0057,3,-58.5,5.1542,920.25,3
2.5,0.49481,0.26182,-0.90312,3,-58.5,5.3521,924.25,3
3.5,0.44791,0.28478,-0.93733,3,-57.5,4.7615,920.75,3
3.575,0.44791,0.28478,-0.93733,3,-58,4.7308,920.75,3
3.6,0.44791,0.28478,-0.93733,3,-58.5,0.8575,921.75,3
4.5,0.47136,0.26182,-0.93733,3,-58,5.1158,920.25,3
4.75,0.47136,0.26182,-0.93733,3,-60.5,1.2809,925.75,3
5,0.20168,0.35368,-1.0286,3,-59,2.2074,924.25,3
5.25,0.20168,0.35368,-1.0172,3,-58.5,0.087437,922.75,3
5.75,0.1665,0.35368,-1.0172,3,-58.5,4.671,920.75,3
6,0.17823,0.38813,-1.04,3,-58.5,0.79614,921.75,3
6.5,0.17823,0.38813,-1.04,3,-59,5.9012,923.25,3
7,0.34238,0.29627,-0.93733,3,-58.5,4.9225,920.25,3
7.25,0.34238,0.29627,-0.93733,3,-61.5,1.2272,925.75,3
7.5,0.34238,0.29627,-0.97154,3,-60.5,4.9548,924.75,3
7.75,0.34238,0.29627,-0.97154,3,-58.5,0.03835,922.75,3
8.5,0.42446,0.26182,-0.92593,2,-53,0.58905,920.75,3
8.575,0.42446,0.26182,-0.92593,3,-58.5,0.81915,921.75,3
8.75,0.23685,0.35368,-1.0057,3,-58.5,0.42031,922.25,3
9.25,0.30721,0.29627,-0.97154,3,-60.5,1.534,925.25,3
9.5,0.17823,0.37665,-1.0286,3,-61.5,1.2594,925.75,3
9.75,0.17823,0.37665,-1.0286,3,-60,5.2815,924.25,3
10,0.17823,0.37665,-1.0286,3,-61,4.8504,924.75,3
10.25,0.33066,0.30775,-0.97154,3,-59.5,2.3317,923.75,3
10.5,0.33066,0.30775,-0.97154,3,-58.5,4.0773,921.25,3
10.75,0.33066,0.30775,-0.97154,3,-58,4.4685,920.75,3
11,0.15478,0.36516,-1.04,3,-59,0.57831,921.75,3
11.25,0.15478,0.36516,-1.04,3,-59,0.2485,922.25,3
11.5,0.13132,0.37665,-1.0286,3,-59.5,5.8844,923.25,3
11.75,0.13132,0.37665,-1.0286,3,-59,4.8198,920.25,3
12.25,0.2603,0.33072,-0.98294,3,-60,2.0801,924.25,3
12.75,0.15478,0.36516,-1.04,3,-60,2.4053,923.75,3
13,0.18995,0.35368,-1.0057,2,-53.5,0.44485,920.75,3
13.25,0.18995,0.35368,-1.0057,3,-59.5,1.3177,920.75,3
13.5,0.096148,0.36516,-1.0628,3,-59,3.7813,921.75,3
13.75,0.096148,0.36516,-1.0628,3,-59.5,0.26998,922.25,3
14.5,0.17823,0.37665,-1.0286,3,-62,1.172,925.75,3
15.5,0.45964,0.22737,-0.92593,3,-58.5,4.536,920.75,3
15.75,0.45964,0.22737,-0.92593,2,-53.5,6.0945,921.75,3
16,0.31893,0.28478,-0.98294,3,-59,0.30373,922.25,3
16.5,0.096148,0.36516,-1.0286,3,-61.5,1.4788,925.25,3
16.75,0.096148,0.36516,-1.0286,3,-59,4.8474,920.25,3
17.5,0.41273,0.25033,-0.92593,3,-59.5,0.042951,922.75,3
17.575,0.41273,0.25033,-0.92593,3,-60,5.6098,923.75,3
17.75,0.41273,0.25033,-0.92593,3,-59.5,2.4835,923.75,3
18.25,0.20168,0.36516,-1.0286,3,-58.5,4.5897,920.75,3
18.5,0.35411,0.2733,-0.96014,3,-59.5,0.36202,922.25,3
18.75,0.35411,0.2733,-0.96014,3,-61,1.5309,925.25,3
19.25,0.50654,0.2044,-0.92593,3,-61.5,1.2318,925.75,3
19.75,0.50654,0.2044,-0.92593,3,-60.5,1.7717,924.75,3
20,0.30721,0.28478,-0.98294,3,-60,5.5377,923.75,3
20.25,0.15478,0.35368,-1.04,3,-58.5,4.154,921.25,3
20.75,0.47136,0.2044,-0.91452,3,-59,0.69029,921.75,3
21,0.47136,0.2044,-0.91452,3,-59,0.31293,922.25,3
21.25,0.40101,0.23885,-0.94873,3,-61,4.6955,925.25,3
22.25,0.20168,0.3422,-1.0286,3,-60.5,1.8239,924.75,3
22.5,0.20168,0.3422,-1.0286,3,-59.5,6.2586,922.75,3
23.5,0.22513,0.33072,-1.0172,3,-59,6.0025,923.25,3
23.75,0.22513,0.33072,-1.0172,3,-60.5,4.6955,925.25,3
24,0.22513,0.33072,-1.0172,3,-59,5.0345,920.25,3
24.5,0.2603,0.30775,-1.0057,3,-60,5.2738,924.25,3
24.575,0.2603,0.30775,-1.0057,3,-60,1.8515,924.75,3
24.75,0.2603,0.30775,-1.0057,3,-59,0.084369,922.75,3
25,0.2603,0.30775,-1.0057,3,-60,2.4513,923.75,3
25.075,0.2603,0.30775,-1.0057,3,-59,4.2154,921.25,3
25.25,0.24858,0.35368,-1.0286,3,-58.5,4.7078,920.75,3
25.5,0.24858,0.35368,-1.0286,3,-59,0.81148,921.75,3
26.5,0.23685,0.3422,-1.0286,3,-61,1.3192,925.75,3
26.75,0.23685,0.3422,-1.0286,3,-59.5,2.2457,924.25,3
27,0.23685,0.3422,-1.0286,3,-59.5,1.9067,924.75,3
27.075,0.23685,0.3422,-1.0286,3,-60,5.033,924.75,3
27.25,0.14305,0.35368,-1.0286,3,-59.5,5.6558,923.75,3
27.75,0.22513,0.3422,-1.0172,3,-58,4.4117,921.25,3
28,0.22513,0.3422,-1.0172,3,-59.5,0.73784,921.75,3
28.25,0.22513,0.3422,-1.0172,3,-59,0.4648,922.25,3
28.5,0.35411,0.26182,-0.96014,3,-59,6.0193,923.25,3
28.75,0.35411,0.26182,-0.96014,3,-60.5,1.5953,925.25,3
28.825,0.35411,0.26182,-0.96014,3,-58.5,5.0897,920.25,3
29.25,0.22513,0.33072,-1.0057,3,-59.5,2.2304,924.25,3
29.5,0.22513,0.33072,-1.0057,3,-60.5,5.0514,924.75,3
29.575,0.22513,0.33072,-1.0057,3,-59.5,0.19328,922.75,3
30,0.1196,0.36516,-1.04,3,-58.5,4.4378,921.25,3
30.25,0.42446,0.22737,-0.92593,3,-58.5,4.7845,920.75,3
30.75,0.20168,0.33072,-1.0286,3,-59.5,0.51235,922.25,3
31.5,0.24858,0.33072,-1.0057,3,-62,1.2655,925.75,3
32,0.24858,0.33072,-1.0057,3,-59.5,1.9129,924.75,3
32.25,0.14305,0.35368,-1.0514,3,-59,5.7141,923.75,3
32.75,0.36583,0.22737,-0.96014,3,-58.5,4.8305,920.75,3
32.825,0.36583,0.22737,-0.96014,3,-59,0.95414,921.75,3
33,0.36583,0.22737,-0.96014,3,-58.5,3.7276,922.25,3
33.25,0.20168,0.33072,-1.0172,3,-59,6.0899,923.25,3
33.5,0.20168,0.33072,-1.0172,3,-60.5,1.5999,925.25,3
33.75,0.22513,0.33072,-1.0172,3,-61.5,1.2977,925.75,3
34,0.22513,0.33072,-1.0172,3,-60,5.3244,924.25,3
34.5,0.23685,0.33072,-1.0172,3,-59,5.6865,923.75,3
35,0.29548,0.28478,-0.99434,3,-59,4.3488,921.25,3
35.075,0.29548,0.28478,-0.99434,3,-59,4.6863,920.75,3
35.25,0.29548,0.28478,-0.99434,3,-59,4.0374,921.75,3
35.5,0.10787,0.35368,-1.0628,3,-58.5,0.55684,922.25,3
36,0.13132,0.35368,-1.04,3,-61,1.6122,925.25,3
36.25,0.13132,0.35368,-1.04,3,-59,4.9364,920.25,3
36.5,0.47136,0.21588,-0.92593,3,-60,2.2043,924.25,3
37.5,0.13132,0.35368,-1.0514,3,-59.5,4.6418,920.75,3
37.75,0.13132,0.35368,-1.0514,3,-59,0.75318,921.75,3
38,0.43619,0.21588,-0.92593,3,-59,0.52309,922.25,3
38.25,0.43619,0.21588,-0.92593,3,-59.5,6.0377,923.25,3
38.75,0.17823,0.36516,-1.04,3,-61.5,1.3254,925.75,3
39,0.17823,0.36516,-1.04,3,-61,5.2861,924.25,3
39.25,0.29548,0.28478,-0.98294,3,-59,0.11812,922.75,3
39.5,0.29548,0.28478,-0.98294,3,-59.5,5.6957,923.75,3
39.75,0.29548,0.28478,-0.98294,3,-58.5,4.4148,921.25,3
40,0.1665,0.3422,-1.0514,3,-58,4.7262,920.75,3
40.075,0.1665,0.3422,-1.0514,3,-58.5,0.8713,921.75,3
40.25,0.1665,0.35368,-1.0286,3,-59,3.6693,922.25,3
40.5,0.1665,0.35368,-1.0286,3,-59,6.0485,923.25,3
41,0.43619,0.21588,-0.92593,3,-59.5,5.0974,920.25,3
41.25,0.43619,0.21588,-0.92593,3,-61.5,1.2778,925.75,3
41.75,0.20168,0.3422,-1.0286,3,-60,1.8623,924.75,3
42.5,0.2603,0.30775,-1.0172,3,-59,0.84522,921.75,3
42.775,0.2603,0.30775,-1.0172,3,-58.5,0.48934,922.25,3
43,0.1665,0.35368,-1.04,3,-59,5.9963,923.25,3
43.5,0.40101,0.21588,-0.96014,3,-58.5,5.0514,920.25,3
44,0.43619,0.21588,-0.94873,3,-60,1.85,924.75,3
44.25,0.43619,0.21588,-0.94873,3,-59.5,0.033748,922.75,3
44.5,0.27203,0.28478,-0.99434,3,-58.5,4.3519,921.25,3
45,0.37756,0.23885,-0.96014,3,-58,4.0574,921.75,3
45.25,0.14305,0.3422,-1.0514,3,-59,0.52616,922.25,3
45.325,0.14305,0.3422,-1.0514,3,-59.5,6.0424,923.25,3
45.5,0.14305,0.3422,-1.0514,3,-59.5,6.0454,923.25,3
46,0.10787,0.3422,-1.0628,3,-59,5.1143,920.25,3
46.75,0.30721,0.28478,-0.98294,3,-59.5,5.6941,923.75,3
47.25,0.13132,0.3422,-1.0514,3,-58.5,4.7369,920.75,3
47.5,0.31893,0.2733,-0.97154,3,-59,0.48627,922.25,3
47.75,0.14305,0.3422,-1.04,3,-59,6.0209,923.25,3
48.25,0.28376,0.30775,-0.98294,3,-61.5,4.4194,925.75,3
48.75,0.28376,0.30775,-0.98294,3,-59.5,2.2227,924.25,3
48.825,0.28376,0.30775,-0.98294,3,-60,1.9083,924.75,3
49,0.28376,0.30775,-0.98294,3,-60.5,5.0606,924.75,3
49.075,0.28376,0.30775,-0.98294,3,-59,0.17027,922.75,3
49.5,0.43619,0.2044,-0.93733,3,-58.5,4.4071,921.25,3
49.75,0.27203,0.29627,-0.98294,3,-59,0.87284,921.75,3
50,0.27203,0.29627,-0.98294,3,-58.5,0.89278,921.75,3
50.075,0.27203,0.29627,-0.98294,3,-58.5,0.50775,922.25,3
50.5,0.2603,0.33072,-0.99434,3,-60.5,1.5693,925.25,3
50.75,0.2603,0.33072,-0.99434,3,-58.5,5.0529,920.25,3
51,0.30721,0.2733,-0.97154,3,-59.5,5.3521,924.25,3
51.25,0.30721,0.2733,-0.97154,3,-60,1.9083,924.75,3
51.75,0.13132,0.3422,-1.0514,3,-59.5,5.6788,923.75,3
52,0.24858,0.28478,-0.99434,3,-58.5,4.8029,920.75,3
52.5,0.34238,0.21588,-0.98294,3,-58.5,0.59365,922.25,3
52.575,0.34238,0.21588,-0.98294,3,-58.5,0.60592,922.25,3
52.75,0.34238,0.21588,-0.98294,3,-59,6.1482,923.25,3
53.25,0.084423,0.31923,-1.0514,3,-58.5,5.2094,920.25,3
53.5,0.1665,0.29627,-1.04,3,-59.5,5.395,924.25,3
54.25,0.35411,0.22737,-0.96014,3,-59,5.7524,923.75,3
54.5,0.47136,0.15847,-0.92593,3,-59,4.8305,920.75,3
54.75,0.47136,0.15847,-0.92593,3,-58.5,4.8136,920.75,3
54.85,0.47136,0.15847,-0.92593,3,-58,4.1157,921.75,3
55,0.13132,0.33072,-1.0628,3,-59,6.1221,923.25,3
55.5,0.20168,0.31923,-1.0286,3,-60.5,4.7876,925.25,3
55.575,0.20168,0.31923,-1.0286,3,-59,5.0637,920.25,3
56,0.20168,0.31923,-1.0286,3,-60,2.2611,924.25,3
56.25,0.27203,0.29627,-1.0057,3,-60,0.072097,922.75,3
56.5,0.27203,0.29627,-1.0057,3,-60,5.6512,923.75,3
56.75,0.22513,0.30775,-1.04,3,-58,4.4961,921.25,3
57.25,0.20168,0.30775,-1.0172,3,-58,0.94647,921.75,3
57.5,0.13132,0.33072,-1.0628,3,-59,6.0316,923.25,3
57.775,0.13132,0.33072,-1.0628,3,-59,6.0577,923.25,3
58,0.13132,0.33072,-1.0628,2,-53,4.3534,920.25,3
58.5,0.2603,0.30775,-1.0172,3,-59.5,1.8853,924.75,3
58.75,0.2603,0.30775,-1.0172,3,-59,0.11965,922.75,3
59,0.45964,0.22737,-0.93733,3,-58.5,5.6803,923.75,3
59.25,0.45964,0.22737,-0.93733,3,-58,4.4608,921.25,3
59.325,0.45964,0.22737,-0.93733,3,-58,4.47,921.25,3
59.5,0.45964,0.22737,-0.93733,3,-58,4.8274,920.75,3
59.575,0.45964,0.22737,-0.93733,3,-57.5,4.1065,921.75,3
59.75,0.18995,0.33072,-1.04,3,-58.5,0.56911,922.25,3
60,0.18995,0.33072,-1.04,2,-53.5,5.1987,923.25,3
60.05,0.18995,0.33072,-1.04,3,-58.5,6.096,923.25,3
60.25,0.28376,0.28478,-0.99434,3,-58.5,5.2171,920.25,3
60.5,0.28376,0.28478,-0.99434,3,-58.5,5.2048,920.25,3
60.75,0.28376,0.28478,-0.99434,3,-59,2.2457,924.25,3
61,0.28376,0.28478,-0.99434,3,-59.5,5.3444,924.25,3
61.075,0.28376,0.28478,-0.99434,3,-60,5.0253,924.75,3
61.25,0.28376,0.28478,-0.99434,3,-58.5,0.14266,922.75,3
61.5,0.42446,0.22737,-0.94873,3,-59,5.6834,923.75,3
61.75,0.42446,0.22737,-0.94873,3,-58,4.4577,921.25,3
62,0.22513,0.33072,-1.0286,3,-58,4.1111,921.75,3
62.25,0.22513,0.33072,-1.0286,3,-58.5,0.59825,922.25,3
62.5,0.22513,0.33072,-1.0286,3,-58.5,6.1052,923.25,3
62.75,0.40101,0.23885,-0.96014,3,-58.5,5.2355,920.25,3
63,0.40101,0.23885,-0.96014,3,-60.5,1.3238,925.75,3
63.25,0.40101,0.23885,-0.96014,3,-59,5.3919,924.25,3
63.5,0.40101,0.23885,-0.96014,3,-59.5,1.939,924.75,3
63.75,0.14305,0.33072,-1.0514,3,-58.5,0.24237,922.75,3
63.825,0.14305,0.33072,-1.0514,3,-59,5.7448,923.75,3
64,0.14305,0.33072,-1.0514,3,-58.5,1.376,921.25,3
64.25,0.14305,0.33072,-1.0514,3,-58,4.5437,921.25,3
64.5,0.2134,0.33072,-1.0286,3,-58.5,1.0048,921.75,3
64.75,0.34238,0.26182,-0.97154,3,-59,6.1022,923.25,3
65,0.34238,0.26182,-0.97154,3,-59,6.1068,923.25,3
65.25,0.29548,0.28478,-1.0057,3,-58.5,5.2033,920.25,3
65.5,0.29548,0.28478,-1.0057,3,-61,1.3361,925.75,3
66.25,0.47136,0.2044,-0.93733,3,-58.5,0.2255,922.75,3
66.5,0.15478,0.33072,-1.04,3,-58,4.5605,921.25,3
66.75,0.43619,0.2044,-0.93733,2,-53,0.064427,921.75,3
67.25,0.35411,0.23885,-0.96014,3,-58,3.8012,922.25,3
67.325,0.35411,0.23885,-0.96014,3,-58.5,6.1497,923.25,3
68,0.35411,0.25033,-0.96014,3,-61,1.3346,925.75,3
69,0.2134,0.30775,-1.04,3,-58,4.5467,921.25,3
69.075,0.2134,0.30775,-1.04,3,-58,4.9011,920.75,3
69.5,0.20168,0.31923,-1.04,3,-58,4.1847,921.75,3
69.575,0.20168,0.31923,-1.04,3,-58,0.67495,922.25,3
69.625,0.20168,0.31923,-1.04,3,-58.5,0.67188,922.25,3
69.75,0.20168,0.31923,-1.04,3,-58.5,6.1528,923.25,3
70,0.20168,0.31923,-1.04,3,-60,1.6352,925.25,3
70.5,0.31893,0.25033,-0.97154,3,-59,5.3751,924.25,3
70.75,0.31893,0.25033,-0.97154,3,-60,1.9374,924.75,3
71,0.31893,0.25033,-0.97154,3,-59,0.21629,922.75,3
71.25,0.37756,0.25033,-0.96014,3,-59,5.6635,923.75,3
71.325,0.37756,0.25033,-0.96014,3,-58,4.4179,921.25,3
72,0.37756,0.23885,-0.96014,3,-58.5,0.63047,922.25,3
72.5,0.44791,0.21588,-0.93733,3,-60,4.7001,925.25,3
72.575,0.44791,0.21588,-0.93733,3,-58.5,5.2094,920.25,3
73,0.14305,0.33072,-1.0514,3,-59,5.4502,924.25,3
73.25,0.14305,0.33072,-1.0514,3,-59,0.17794,922.75,3
74,0.27203,0.30775,-1.0286,3,-58.5,1.6306,920.75,3
74.25,0.38928,0.25033,-0.96014,3,-59,0.90658,921.75,3
74.5,0.38928,0.25033,-0.94873,3,-59,6.1022,923.25,3
75,0.36583,0.22737,-0.96014,3,-58.5,5.1956,920.25,3
75.075,0.36583,0.22737,-0.96014,3,-58.5,5.1971,920.25,3
75.5,0.36583,0.22737,-0.96014,3,-59.5,2.2427,924.25,3
75.75,0.35411,0.25033,-0.97154,2,-53.5,5.5591,922.75,3
76,0.35411,0.25033,-0.97154,3,-59,5.7049,923.75,3
76.075,0.35411,0.25033,-0.97154,3,-59,2.5786,923.75,3
76.75,0.29548,0.30775,-1.0172,3,-58.5,0.53229,922.25,3
77,0.18995,0.3422,-1.0286,3,-59,6.0408,923.25,3
77.25,0.18995,0.3422,-1.0286,3,-60,1.6291,925.25,3
78,0.42446,0.21588,-0.94873,3,-59.5,5.102,924.75,3
78.75,0.2134,0.33072,-1.0286,3,-58,4.4777,921.25,3
79.25,0.20168,0.3422,-1.04,3,-59,0.49701,922.25,3
79.5,0.2603,0.31923,-1.0286,3,-60,6.0868,923.25,3
80,0.15478,0.33072,-1.0514,3,-58.5,5.1204,920.25,3
80.25,0.15478,0.33072,-1.0514,3,-59,5.3674,924.25,3
80.5,0.1665,0.3422,-1.0514,3,-60,4.9931,924.75,3
80.75,0.1665,0.3422,-1.0514,3,-58.5,0.16107,922.75,3
81,0.1665,0.3422,-1.0514,3,-58.5,5.6404,923.75,3
81.25,0.22513,0.3422,-1.04,3,-58,4.855,920.75,3
82,0.48309,0.19292,-0.93733,3,-59,6.1068,923.25,3
82.5,0.15478,0.3422,-1.04,3,-60.5,1.3392,925.75,3
83,0.56517,0.16995,-0.90312,3,-59.5,5.1066,924.75,3
83.075,0.56517,0.16995,-0.90312,3,-59,0.19482,922.75,3
83.25,0.56517,0.16995,-0.90312,3,-59,5.754,923.75,3
83.5,0.56517,0.16995,-0.90312,3,-58.5,5.7524,923.75,3
84,0.17823,0.35368,-1.04,3,-58.5,4.154,921.75,3
84.25,0.17823,0.35368,-1.04,3,-58,0.66421,922.25,3
84.75,0.13132,0.35368,-1.04,3,-59.5,5.1526,920.25,3
85,0.13132,0.35368,-1.04,3,-61.5,1.7012,925.75,3
85.25,0.13132,0.35368,-1.04,3,-64.5,5.9764,924.75,3
88.75,0.56517,0.90487,-0.013684,1,-68.5,3.6371,920.75,1
89,0.45964,0.84746,-0.24174,1,-65,0.58905,921.75,1
89.5,0.2134,1.169,-0.093505,2,-68,1.3775,920.25,1
90.5,0.7645,0.77856,0.077541,1,-68,1.6429,922.75,4
94.25,0.2603,0.95081,-0.025087,1,-60,5.958,923.25,2
212.75,0.38928,0.37665,-0.93733,3,-59.5,3.703,921.75,3
213,0.38928,0.37665,-0.93733,2,-51.5,6.1574,921.75,3
213.08,0.38928,0.37665,-0.93733,3,-60,0.32214,922.25,3
213.5,0.29548,0.39961,-0.96014,3,-63,1.2533,925.25,3
214,0.44791,0.37665,-0.90312,3,-61.5,1.9788,924.25,3
214.5,0.37756,0.4111,-0.96014,3,-60,0.021476,922.75,3
214.75,0.37756,0.4111,-0.96014,3,-60,0.018408,922.75,3
214.83,0.37756,0.4111,-0.96014,3,-60.5,5.5116,923.75,3
215,0.37756,0.4111,-0.96014,3,-59.5,4.3657,921.25,3
215.25,0.28376,0.42258,-0.97154,3,-59.5,4.7231,920.75,3
215.33,0.28376,0.42258,-0.97154,3,-59.5,0.78847,921.75,3
215.5,0.28376,0.42258,-0.97154,3,-59.5,0.3881,922.25,3
215.75,0.27203,0.42258,-0.98294,3,-59.5,5.8767,923.25,3
216.75,0.54171,0.30775,-0.86891,2,-54,1.3054,924.75,3
217,0.54171,0.30775,-0.86891,2,-51.5,5.7417,922.75,3
217.08,0.2603,0.42258,-0.98294,2,-51.5,5.7018,922.75,3
217.13,0.2603,0.42258,-0.98294,3,-60,5.5392,923.75,3
217.25,0.2603,0.42258,-0.98294,3,-60,5.5147,923.75,3
217.5,0.62379,0.30775,-0.8461,3,-59.5,4.7691,920.75,3
218,0.28376,0.43406,-0.97154,2,-51.5,6.0516,922.25,3
218.08,0.28376,0.43406,-0.97154,3,-59.5,0.45866,922.25,3
218.25,0.33066,0.43406,-0.97154,3,-62,1.2824,925.25,3
218.5,0.33066,0.43406,-0.97154,3,-60.5,5.1235,920.25,3
218.75,0.33066,0.43406,-0.97154,3,-62.5,0.99709,925.75,3
219,0.24858,0.42258,-0.99434,3,-60,2.0448,924.25,3
219.5,0.27203,0.42258,-0.98294,3,-59,0.15033,922.75,3
219.58,0.27203,0.42258,-0.98294,3,-60,5.5699,923.75,3
219.75,0.27203,0.42258,-0.98294,3,-59.5,5.5699,923.75,3
220,0.23685,0.43406,-0.98294,3,-59.5,4.7814,920.75,3
220.5,0.38928,0.38813,-0.94873,3,-59,0.44639,922.25,3
220.58,0.38928,0.38813,-0.94873,2,-52,2.1384,923.25,3
220.6,0.38928,0.38813,-0.94873,3,-59.5,5.8767,923.25,3
221,0.27203,0.42258,-0.98294,3,-61.5,1.2931,925.25,3
221.25,0.27203,0.42258,-0.98294,2,-55.5,0.6995,925.75,3
221.5,0.42446,0.37665,-0.91452,3,-60,2.0218,924.25,3
221.75,0.42446,0.37665,-0.91452,3,-61,4.8228,924.75,3
222,0.35411,0.39961,-0.94873,3,-59.5,0.11965,922.75,3
222.08,0.35411,0.39961,-0.94873,3,-60,5.5637,923.75,3
222.25,0.24858,0.43406,-0.98294,3,-59.5,4.513,921.25,3
222.5,0.24858,0.43406,-0.98294,3,-60,4.8627,920.75,3
223.25,0.27203,0.44555,-0.97154,3,-61.5,1.3591,925.25,3
224,0.29548,0.44555,-0.98294,3,-60.5,2.0632,924.25,3
224.25,0.29548,0.44555,-0.98294,3,-61.5,1.6782,924.75,3
224.6,0.48309,0.35368,-0.89172,3,-59.5,4.2399,921.25,3
224.75,0.23685,0.43406,-0.97154,2,-50.5,1.06,920.75,3
225,0.23685,0.43406,-0.97154,3,-59.5,4.5329,920.75,3
225.25,0.23685,0.42258,-0.99434,3,-59.5,0.38043,922.25,3
225.5,0.23685,0.42258,-0.99434,2,-51,2.1583,923.25,3
225.75,0.45964,0.3422,-0.89172,3,-62,4.5421,925.25,3
226,0.45964,0.3422,-0.89172,3,-60.5,5.1051,920.25,3
226.25,0.45964,0.3422,-0.89172,3,-62.5,0.99249,925.75,3
226.33,0.45964,0.3422,-0.89172,3,-60.5,5.1097,924.25,3
226.75,0.36583,0.4111,-0.94873,3,-60,6.2464,922.75,3
226.83,0.36583,0.4111,-0.94873,3,-60,6.2356,922.75,3
227,0.36583,0.4111,-0.94873,3,-60,2.304,923.75,3
227.25,0.24858,0.43406,-0.98294,2,-50.5,0.53076,921.25,3
227.33,0.24858,0.43406,-0.98294,3,-59.5,4.2875,921.25,3
227.5,0.2603,0.42258,-0.98294,2,-50.5,0.072097,921.75,3
227.58,0.2603,0.42258,-0.98294,3,-59.5,3.8948,921.75,3
227.75,0.24858,0.42258,-0.97154,2,-51.5,5.2048,923.25,3
228,0.23685,0.42258,-1.0057,2,-51.5,2.0678,923.25,3
228.25,0.23685,0.42258,-1.0057,3,-61,5.0851,920.25,3
228.75,0.36583,0.38813,-0.94873,3,-60,2.0923,924.25,3
228.83,0.36583,0.38813,-0.94873,3,-60.5,5.2585,924.25,3
229.5,0.50654,0.31923,-0.90312,2,-51,0.66882,921.25,3
229.75,0.22513,0.42258,-1.0172,3,-60.5,4.7492,920.75,3
230,0.22513,0.42258,-1.0172,2,-51,0.29452,921.75,3
230.08,0.22513,0.42258,-1.0172,3,-59.5,4.1003,921.75,3
230.5,0.31893,0.4111,-0.97154,3,-60,5.9733,923.25,3
230.58,0.31893,0.4111,-0.97154,3,-62,4.5038,925.25,3
231,0.30721,0.42258,-0.98294,3,-63,0.98021,925.75,3
231.75,0.24858,0.42258,-0.99434,2,-51.5,1.9267,923.75,3
232,0.22513,0.42258,-1.0057,2,-50.5,0.89278,921.25,3
232.08,0.22513,0.42258,-1.0057,3,-60,4.4363,921.25,3
232.13,0.22513,0.42258,-1.0057,3,-60,4.7523,920.75,3
232.5,0.2603,0.42258,-0.98294,3,-59.5,4.1003,921.75,3
232.75,0.2603,0.42258,-0.98294,2,-51,2.1767,923.25,3
233.25,0.37756,0.38813,-0.94873,3,-59.5,5.0959,920.25,3
233.5,0.37756,0.38813,-0.94873,3,-61.5,0.92039,925.75,3
233.75,0.60034,0.29627,-0.86891,3,-60,1.6199,924.75,3
234,0.60034,0.29627,-0.86891,3,-59,0.026078,922.75,3
234.25,0.22513,0.42258,-1.0057,3,-59,2.37,923.75,3
234.33,0.22513,0.42258,-1.0057,2,-51.5,1.9543,923.75,3
234.5,0.24858,0.42258,-0.99434,2,-51,0.88971,921.25,3
234.58,0.24858,0.42258,-0.99434,3,-58.5,4.4056,921.25,3
234.75,0.24858,0.42258,-0.99434,3,-59,4.7369,920.75,3
235,0.44791,0.35368,-0.91452,3,-58.5,3.9761,921.75,3
235.08,0.44791,0.35368,-0.91452,3,-59,0.40037,922.25,3
235.25,0.44791,0.35368,-0.91452,2,-51,5.372,923.25,3
235.33,0.44791,0.35368,-0.91452,3,-58.5,5.8291,923.25,3
235.75,0.40101,0.36516,-0.94873,2,-51,4.7691,920.25,3
236.25,0.30721,0.42258,-0.98294,3,-60.5,1.7426,924.75,3
236.5,0.30721,0.42258,-0.98294,3,-59.5,0.18561,922.75,3
236.75,0.28376,0.42258,-0.97154,2,-50.5,0.88204,921.25,3
236.83,0.28376,0.42258,-0.97154,3,-60,4.47,921.25,3
237,0.28376,0.42258,-0.97154,3,-60,4.7538,920.75,3
237.25,0.47136,0.35368,-0.90312,3,-59.5,4.0175,921.75,3
237.5,0.29548,0.42258,-0.98294,3,-60,0.48934,922.25,3
237.75,0.29548,0.42258,-0.98294,2,-51,2.301,923.25,3
237.83,0.29548,0.42258,-0.98294,3,-59.5,5.938,923.25,3
238,0.24858,0.42258,-0.98294,2,-51.5,4.8781,920.25,3
238.1,0.24858,0.42258,-0.98294,3,-60,5.1465,920.25,3
238.25,0.24858,0.42258,-0.98294,3,-62,1.017,925.75,3
238.75,0.40101,0.37665,-0.93733,3,-59,0.041417,922.75,3
239.25,0.28376,0.42258,-0.99434,2,-51.5,1.9313,923.75,3
239.33,0.28376,0.42258,-0.99434,3,-59.5,5.5239,923.75,3
239.38,0.28376,0.42258,-0.99434,2,-50.5,0.91732,921.25,3
239.5,0.34238,0.4111,-0.97154,2,-51,1.33,920.75,3
239.75,0.27203,0.42258,-0.99434,3,-59.5,3.7199,922.25,3
240,0.31893,0.42258,-0.97154,3,-59.5,5.9749,923.25,3
240.5,0.63552,0.2733,-0.85751,2,-51.5,4.8336,920.25,3
240.6,0.63552,0.2733,-0.85751,3,-60.5,5.0621,920.25,3
241,0.30721,0.42258,-0.97154,3,-60.5,5.0514,924.25,3
241.25,0.30721,0.42258,-0.97154,3,-61,4.7109,924.75,3
241.5,0.38928,0.37665,-0.93733,3,-59.5,5.4533,923.75,3
242.25,0.30721,0.4111,-0.98294,2,-50.5,0.53843,921.75,3
242.33,0.30721,0.4111,-0.98294,3,-59,4.0221,921.75,3
242.38,0.30721,0.4111,-0.98294,3,-59,3.6095,922.25,3
242.5,0.23685,0.43406,-0.99434,3,-59,5.8797,923.25,3
243,0.30721,0.42258,-0.98294,3,-60,5.0483,920.25,3
243.5,0.27203,0.42258,-0.98294,3,-60.5,1.5923,924.75,3
243.75,0.43619,0.35368,-0.91452,3,-59.5,6.185,922.75,3
244,0.43619,0.35368,-0.91452,3,-60,5.3873,923.75,3
244.08,0.43619,0.35368,-0.91452,2,-52,1.8715,923.75,3
244.25,0.28376,0.42258,-0.97154,3,-59,4.2936,921.25,3
244.33,0.28376,0.42258,-0.97154,3,-60,4.6955,920.75,3
244.75,0.40101,0.36516,-0.94873,3,-59.5,0.4832,922.25,3
245,0.40101,0.36516,-0.94873,3,-60,5.9841,923.25,3
245.08,0.40101,0.36516,-0.94873,3,-61.5,1.3867,925.25,3
245.25,0.40101,0.36516,-0.94873,3,-61.5,1.3668,925.25,3
245.75,0.60034,0.2733,-0.86891,3,-60.5,1.9942,924.25,3
246.75,0.44791,0.36516,-0.91452,2,-51.5,1.2747,920.75,3
247,0.30721,0.42258,-0.97154,3,-60,0.84983,921.75,3
247.08,0.30721,0.42258,-0.97154,2,-51,0.095107,922.25,3
247.25,0.35411,0.4111,-0.97154,2,-51,0.099709,922.25,3
248,0.2603,0.37665,-1.0172,3,-64,0.93266,925.75,3
248.5,0.54171,0.2733,-0.88031,3,-62,1.6506,924.75,3
248.58,0.54171,0.2733,-0.88031,3,-60,6.2786,922.75,3
248.75,0.54171,0.2733,-0.88031,3,-60.5,2.3777,923.75,3
249.25,0.55344,0.29627,-0.88031,3,-60,4.7998,920.75,3
249.5,0.55344,0.29627,-0.88031,3,-59.5,0.90045,921.75,3
249.58,0.55344,0.29627,-0.88031,3,-59.5,0.46326,922.25,3
249.75,0.28376,0.36516,-0.98294,3,-59,5.8736,923.25,3
250,0.33066,0.35368,-1.0057,3,-61,1.2456,925.25,3
250.5,0.33066,0.35368,-1.0057,3,-60.5,1.9236,924.25,3
251,0.31893,0.37665,-0.98294,3,-62,1.6506,924.75,3
251.08,0.31893,0.37665,-0.98294,3,-60.5,0.018408,922.75,3
252,0.2603,0.36516,-1.0057,2,-51,0.076699,922.25,3
252.08,0.2603,0.36516,-1.0057,3,-60,3.6539,922.25,3
252.5,0.47136,0.29627,-0.90312,3,-62,1.2809,925.25,3
253,0.34238,0.38813,-1.0057,3,-61,5.214,924.25,3
253.5,0.45964,0.30775,-0.92593,3,-59.5,0.16874,922.75,3
253.58,0.45964,0.30775,-0.92593,2,-51.5,5.869,922.75,3
253.6,0.45964,0.30775,-0.92593,3,-60,0.14266,922.75,3
254,0.67069,0.23885,-0.8461,3,-60,4.4363,921.25,3
254.25,0.43619,0.31923,-0.94873,2,-51,0.44179,921.75,3
254.33,0.43619,0.31923,-0.94873,3,-60,4.1602,921.75,3
254.75,0.42446,0.33072,-0.94873,3,-60,6.0746,923.25,3
255.25,0.45964,0.31923,-0.92593,3,-64.5,0.98635,925.75,3
255.75,0.48309,0.25033,-0.90312,3,-62,0.02301,922.75,3
256.25,0.33066,0.35368,-0.99434,3,-60.5,4.4624,921.25,3
256.5,0.33066,0.35368,-0.99434,3,-60.5,4.7799,920.75,3
257,0.57689,0.25033,-0.89172,3,-60.5,0.53996,922.25,3
257.25,0.48309,0.29627,-0.92593,3,-63,1.4143,925.25,3
258,0.65897,0.23885,-0.85751,3,-61,2.1491,924.25,3
258.25,0.40101,0.37665,-0.94873,3,-60.5,0.21322,922.75,3
258.5,0.40101,0.37665,-0.94873,2,-52,1.85,923.75,3
258.75,0.37756,0.39961,-0.96014,3,-60.5,2.571,923.75,3
259.5,0.50654,0.31923,-0.91452,2,-51.5,5.4886,923.25,3
259.57,0.50654,0.31923,-0.91452,2,-51.5,5.4686,923.25,3
260,0.42446,0.35368,-0.94873,3,-63.5,1.1597,925.75,3
260.25,0.42446,0.35368,-0.94873,3,-61.5,5.3567,924.25,3
261.5,0.57689,0.2733,-0.88031,3,-60.5,1.1121,921.75,3
261.75,0.2603,0.38813,-0.99434,3,-60.5,0.76852,922.25,3
262.5,0.29548,0.39961,-0.98294,3,-62.5,5.2815,920.25,3
263.25,0.41273,0.35368,-0.94873,3,-60.5,0.36969,922.75,3
263.5,0.57689,0.28478,-0.88031,3,-61,4.6802,921.25,3
264,0.37756,0.37665,-0.94873,3,-60.5,4.2875,921.75,3
264.25,0.37756,0.37665,-0.94873,3,-60.5,3.8994,922.25,3
264.75,0.38928,0.37665,-0.94873,3,-62,5.1542,920.25,3
265.25,0.30721,0.39961,-0.98294,3,-61,2.0141,924.25,3
265.75,0.30721,0.39961,-0.98294,3,-60,0.13806,922.75,3
265.82,0.30721,0.39961,-0.98294,3,-60.5,5.5929,923.75,3
266,0.30721,0.39961,-0.98294,3,-60,4.4777,921.25,3
266.5,0.62379,0.26182,-0.85751,3,-60.5,4.0973,921.75,3
266.75,0.62379,0.26182,-0.85751,2,-52,0.039884,922.25,3
267,0.58862,0.2733,-0.86891,3,-63,1.3238,925.25,3
267.25,0.58862,0.2733,-0.86891,3,-62,1.9604,920.25,3
267.75,0.42446,0.37665,-0.93733,3,-61.5,2.0939,924.25,3
268,0.2603,0.42258,-0.97154,3,-60.5,0.21169,922.75,3
268.5,0.40101,0.37665,-0.94873,2,-51.5,0.92806,921.25,3
268.57,0.40101,0.37665,-0.94873,3,-61,1.3652,921.25,3
268.75,0.40101,0.37665,-0.94873,2,-52,0.60439,921.75,3
269,0.44791,0.30775,-0.92593,3,-61,0.64427,922.25,3
269.25,0.31893,0.38813,-0.98294,3,-60.5,6.0454,923.25,3
269.5,0.31893,0.38813,-0.98294,3,-62.5,1.3837,925.25,3
270,0.54171,0.30775,-0.88031,3,-61,2.0402,924.25,3
270.5,0.56517,0.28478,-0.88031,2,-51.5,5.803,922.75,3
270.6,0.56517,0.28478,-0.88031,3,-60,0.092039,922.75,3
271,0.63552,0.26182,-0.86891,3,-60,4.467,921.25,3
271.25,0.63552,0.26182,-0.86891,3,-61,1.7135,920.75,3
271.5,0.45964,0.33072,-0.91452,3,-60.5,3.7935,922.25,3
272,0.49481,0.31923,-0.90312,3,-62.5,1.3821,925.25,3
272.75,0.63552,0.25033,-0.85751,3,-61.5,1.6828,924.75,3
273,0.63552,0.25033,-0.85751,3,-60,0.061359,922.75,3
273.25,0.63552,0.25033,-0.85751,3,-60.5,2.4206,923.75,3
273.5,0.63552,0.25033,-0.85751,3,-60,4.4808,921.25,3
273.75,0.49481,0.31923,-0.90312,2,-51.5,0.53536,921.75,3
273.82,0.49481,0.31923,-0.90312,2,-51.5,0.55837,921.75,3
274,0.48309,0.31923,-0.91452,2,-51.5,0.16874,922.25,3
274.07,0.48309,0.31923,-0.91452,3,-60.5,6.116,923.25,3
274.25,0.48309,0.31923,-0.91452,3,-60.5,6.1267,923.25,3
275,0.36583,0.39961,-0.96014,3,-61,2.0709,924.25,3
275.07,0.36583,0.39961,-0.96014,3,-61.5,1.6966,924.75,3
275.25,0.36583,0.39961,-0.96014,3,-60,0.095107,922.75,3
275.5,0.36583,0.39961,-0.96014,3,-60,0.099709,922.75,3
275.57,0.36583,0.39961,-0.96014,3,-60.5,5.5929,923.75,3
276,0.33066,0.39961,-0.97154,3,-61.5,1.7058,920.75,3
277,0.38928,0.39961,-0.94873,3,-61.5,5.0775,920.25,3
278.1,0.40101,0.3422,-0.96014,3,-60.5,2.5449,923.75,3
278.5,0.28376,0.42258,-0.97154,3,-60.5,4.0973,921.75,3
278.75,0.28376,0.42258,-0.97154,2,-52,0.033748,922.25,3
278.82,0.28376,0.42258,-0.97154,3,-60.5,3.6923,922.25,3
279,0.28376,0.39961,-0.98294,3,-60.5,2.8486,923.25,3
279.75,0.57689,0.28478,-0.88031,3,-61,2.2197,924.25,3
280,0.57689,0.28478,-0.88031,3,-62,4.9946,924.75,3
280.25,0.28376,0.39961,-0.99434,2,-51.5,5.8751,922.75,3
280.5,0.28376,0.39961,-0.99434,3,-61,5.7156,923.75,3
280.75,0.31893,0.39961,-0.98294,3,-61,1.6904,920.75,3
281,0.31893,0.39961,-0.98294,3,-60.5,4.1034,921.75,3
281.25,0.31893,0.39961,-0.98294,3,-60.5,3.7107,922.25,3
281.32,0.31893,0.39961,-0.98294,3,-60.5,3.7,922.25,3
281.5,0.31893,0.39961,-0.98294,3,-60.5,2.8609,923.25,3
282,0.31893,0.42258,-0.96014,3,-62.5,5.145,920.25,3
282.75,0.29548,0.39961,-0.97154,3,-61,3.252,922.75,3
283.5,0.29548,0.39961,-0.98294,3,-60.5,4.1157,921.75,3
283.75,0.29548,0.39961,-0.98294,3,-60.5,3.7398,922.25,3
284.5,0.31893,0.39961,-0.98294,3,-62,5.1726,920.25,3
284.75,0.31893,0.39961,-0.98294,3,-61,2.0893,924.25,3
285,0.44791,0.36516,-0.92593,3,-60.5,0.11198,922.75,3
285.25,0.44791,0.36516,-0.92593,3,-60.5,3.2398,922.75,3
285.5,0.54171,0.29627,-0.88031,3,-60.5,4.4163,921.25,3
286,0.69414,0.23885,-0.8347,3,-60.5,4.108,921.75,3
286.5,0.49481,0.33072,-0.91452,3,-60.5,6.0669,923.25,3
286.75,0.50654,0.31923,-0.90312,3,-61.5,1.9988,920.25,3
287.25,0.33066,0.42258,-0.96014,3,-62,1.6981,924.75,3
287.75,0.31893,0.39961,-0.97154,3,-61,2.413,923.75,3
288.5,0.36583,0.39961,-0.96014,3,-60.5,3.749,922.25,3
289,0.50654,0.31923,-0.89172,3,-62.5,1.4021,925.25,3
289.75,0.35411,0.39961,-0.97154,3,-62,1.7625,924.75,3
290,0.35411,0.39961,-0.97154,3,-61,0.18868,922.75,3
290.5,0.57689,0.28478,-0.88031,3,-61,4.8474,920.75,3
290.75,0.2603,0.38813,-0.98294,3,-60.5,4.1602,921.75,3
291.25,0.40101,0.37665,-0.94873,3,-61,6.0792,923.25,3
292,0.62379,0.2733,-0.85751,2,-58.5,0.7087,925.75,3
292.25,0.62379,0.2733,-0.85751,3,-63.5,1.6015,924.75,3
292.5,0.31893,0.4111,-0.96014,3,-62,2.3455,923.75,3
293,0.27203,0.4111,-0.97154,3,-62,1.6966,920.75,3
293.5,0.44791,0.3422,-0.92593,3,-61,6.1375,923.25,3
294,0.30721,0.38813,-0.97154,3,-62.5,5.2217,920.25,3
294.5,0.30721,0.38813,-0.97154,2,-53,1.6858,924.25,3
294.57,0.30721,0.38813,-0.97154,2,-53,1.669,924.25,3
294.78,0.65897,0.25033,-0.8461,3,-61.5,1.7994,924.75,3
295.25,0.57689,0.28478,-0.88031,3,-61,2.5525,923.75,3
295.32,0.57689,0.28478,-0.88031,3,-61,4.5559,921.25,3
295.75,0.2603,0.39961,-0.98294,3,-61,0.75625,922.25,3
296.5,0.31893,0.37665,-0.98294,3,-62,2.0555,920.25,3
296.75,0.31893,0.37665,-0.98294,3,-63.5,1.1397,925.75,3
297.25,0.65897,0.25033,-0.8461,3,-62,1.9773,924.75,3
297.32,0.65897,0.25033,-0.8461,3,-61.5,0.37889,922.75,3
297.75,0.65897,0.25033,-0.8461,3,-62,4.5789,921.25,3
298.5,0.57689,0.26182,-0.96014,3,-61.5,5.7831,923.25,3
299,0.64724,0.25033,-0.8461,3,-64.5,0.97408,925.75,3
299.25,0.64724,0.25033,-0.8461,3,-62,2.0448,924.25,3
299.75,0.55344,0.29627,-0.85751,3,-61.5,2.5295,923.75,3
300,0.55344,0.29627,-0.85751,3,-61.5,4.5084,921.25,3
300.5,0.44791,0.37665,-0.91452,3,-61.5,4.2936,921.75,3
300.75,0.44791,0.37665,-0.91452,3,-61.5,0.83909,922.25,3
301,0.31893,0.4111,-0.96014,3,-63,1.5447,925.25,3
302,0.28376,0.42258,-0.98294,2,-54,1.3821,924.75,3
302.07,0.28376,0.42258,-0.98294,3,-62,1.7288,924.75,3
302.25,0.27203,0.4111,-0.98294,3,-61,2.4176,923.75,3
302.75,0.62379,0.26182,-0.86891,3,-61.5,1.8024,920.75,3
303.5,0.27203,0.39961,-0.98294,3,-62.5,4.7308,925.25,3
304.25,0.43619,0.35368,-0.91452,3,-61.5,5.3597,924.25,3
304.5,0.69414,0.26182,-0.8347,3,-60.5,0.30219,922.75,3
305.25,0.27203,0.39961,-0.99434,3,-61.5,1.7595,920.75,3
305.5,0.27203,0.39961,-0.99434,3,-61,4.1755,921.75,3
305.75,0.58862,0.29627,-0.86891,3,-61,6.1421,923.25,3
306,0.58862,0.29627,-0.86891,3,-62.5,1.465,925.25,3
306.25,0.58862,0.29627,-0.86891,3,-62.5,2.0739,920.25,3
306.75,0.40101,0.39961,-0.94873,3,-61.5,2.4099,924.25,3
307.25,0.54171,0.29627,-0.89172,3,-62,5.846,923.75,3
307.75,0.28376,0.37665,-0.96014,3,-63,1.8331,920.75,3
307.85,0.28376,0.37665,-0.96014,3,-62,1.1704,921.75,3
309.25,0.35411,0.39961,-0.96014,3,-64,1.6904,924.75,3
310.25,0.38928,0.38813,-0.94873,3,-62,1.6766,920.75,3
311,0.58862,0.2733,-0.88031,3,-64,1.4358,925.25,3
311.25,0.58862,0.2733,-0.88031,3,-65,1.083,925.75,3
311.75,0.36583,0.4111,-0.94873,3,-62,0.10431,922.75,3
312,0.36583,0.4111,-0.94873,3,-62,2.4666,923.75,3
312.5,0.64724,0.28478,-0.85751,3,-62,1.695,920.75,3
312.75,0.64724,0.28478,-0.85751,3,-63,3.5328,922.25,3
313.25,0.43619,0.36516,-0.92593,3,-64,1.3714,925.25,3
313.75,0.43619,0.36516,-0.92593,3,-64,1.0753,925.75,3
314.25,0.50654,0.33072,-0.89172,3,-62,1.8423,924.75,3
314.33,0.50654,0.33072,-0.89172,3,-61,0.26691,922.75,3
314.75,0.36583,0.4111,-0.96014,3,-61.5,4.5667,921.25,3
315,0.36583,0.4111,-0.96014,3,-62,1.807,920.75,3
316,0.68242,0.25033,-0.8461,3,-62.5,2.0632,920.25,3
316.25,0.68242,0.25033,-0.8461,3,-61.5,2.1905,924.25,3
317,0.58862,0.28478,-0.86891,3,-61,5.7678,923.75,3
317.1,0.58862,0.28478,-0.86891,3,-61.5,4.5789,921.25,3
317.75,0.56517,0.28478,-0.86891,3,-61,0.6274,922.25,3
318.5,0.49481,0.33072,-0.90312,3,-63.5,1.1198,925.75,3
319,0.56517,0.28478,-0.86891,3,-62,1.8837,924.75,3
319.25,0.56517,0.28478,-0.86891,3,-61,0.40037,922.75,3
319.5,0.56517,0.28478,-0.86891,3,-61,2.709,923.75,3
319.75,0.30721,0.39961,-0.98294,3,-62.5,1.8669,920.75,3
320.25,0.27203,0.39961,-1.0172,3,-61,6.2264,923.25,3
321,0.37756,0.37665,-0.96014,3,-63.5,1.129,925.75,3
321.5,0.34238,0.39961,-0.97154,3,-62,1.8101,924.75,3
321.75,0.30721,0.38813,-0.98294,3,-61,2.6553,923.75,3
322,0.30721,0.38813,-0.98294,3,-62,4.6955,921.25,3
322.25,0.30721,0.38813,-0.98294,3,-63.5,4.9655,920.75,3
324.75,0.56517,0.2733,-0.88031,3,-63,1.8408,920.75,3
326,0.38928,0.39961,-0.96014,3,-64,1.1459,925.75,3
326.08,0.38928,0.39961,-0.96014,3,-61.5,2.212,924.25,3
327,0.2603,0.39961,-0.99434,3,-62,1.4711,921.25,3
327.25,0.2603,0.39961,-0.99434,3,-62,4.2507,921.75,3
328,0.48309,0.33072,-0.91452,3,-63,2.0939,920.25,3
328.5,0.30721,0.42258,-0.97154,3,-62.5,5.0744,924.75,3
329,0.30721,0.42258,-0.97154,3,-61.5,2.7059,923.75,3
329.5,0.28376,0.42258,-0.97154,3,-62.5,4.6526,921.25,3
329.75,0.28376,0.42258,-0.97154,3,-62,4.2997,921.75,3
329.83,0.28376,0.42258,-0.97154,3,-61.5,0.75165,922.25,3
330.25,0.61207,0.2733,-0.85751,3,-62.5,1.5263,925.25,3
331,0.61207,0.2733,-0.85751,3,-61.5,2.3071,924.25,3
331.25,0.61207,0.2733,-0.85751,3,-62,1.9604,924.75,3
331.5,0.61207,0.2733,-0.85751,3,-62,0.35282,922.75,3
331.75,0.57689,0.31923,-0.85751,3,-62,4.6219,921.25,3
332,0.57689,0.31923,-0.85751,3,-60.5,4.1525,921.75,3
332.25,0.57689,0.31923,-0.85751,3,-61,0.60899,922.25,3
334,0.27203,0.39961,-0.98294,3,-61,5.9779,923.75,3
334.25,0.27203,0.39961,-0.98294,3,-62.5,4.7691,921.25,3
335.25,0.36583,0.38813,-0.97154,3,-63.5,2.1552,920.25,3
335.75,0.36583,0.38813,-0.97154,3,-64.5,1.2425,925.75,3
336.25,0.65897,0.26182,-0.8461,3,-62,5.7984,923.75,3
336.75,0.57689,0.28478,-0.86891,3,-63.5,4.9456,920.75,3
337.75,0.31893,0.39961,-0.97154,3,-63.5,1.4389,925.25,3
338,0.31893,0.39961,-0.97154,3,-64,1.1704,925.75,3
338.75,0.62379,0.2733,-0.85751,3,-61.5,2.7918,923.75,3
339,0.62379,0.2733,-0.85751,3,-62.5,1.5417,921.25,3
339.5,0.57689,0.29627,-0.89172,3,-62,4.5007,921.75,3
339.75,0.57689,0.29627,-0.89172,3,-60.5,3.9362,922.25,3
340,0.30721,0.37665,-0.97154,3,-62,1.4834,925.25,3
340.75,0.37756,0.37665,-0.97154,3,-62,2.2872,924.25,3
341,0.27203,0.38813,-0.98294,3,-61.5,3.5665,922.75,3
341.25,0.27203,0.38813,-0.98294,3,-61.5,2.6231,923.75,3
341.75,0.50654,0.33072,-0.88031,3,-63,4.3013,921.75,3
343,0.47136,0.33072,-0.90312,3,-62,2.4206,924.25,3
343.25,0.47136,0.33072,-0.90312,3,-62.5,2.0279,924.75,3
343.75,0.57689,0.28478,-0.86891,3,-62,5.9028,923.75,3
344.25,0.28376,0.39961,-0.98294,3,-63.5,1.8822,920.75,3
344.75,0.68242,0.23885,-0.8347,3,-62,6.2617,923.25,3
345.5,0.41273,0.38813,-0.93733,3,-64,1.2594,925.75,3
346.5,0.51826,0.31923,-0.90312,3,-62.5,1.6183,921.25,3
346.75,0.51826,0.31923,-0.90312,3,-62.5,4.3841,921.75,3
347,0.51826,0.31923,-0.90312,3,-62,0.80687,922.25,3
347.25,0.51826,0.31923,-0.90312,2,-52.5,5.6205,923.25,3
348,0.42446,0.38813,-0.92593,3,-62,2.2718,924.25,3
348.5,0.60034,0.28478,-0.85751,3,-61.5,0.44179,922.75,3
349.25,0.69414,0.25033,-0.8233,3,-62.5,4.4393,921.75,3
349.75,0.54171,0.30775,-0.88031,3,-61.5,0.099709,923.25,3
350.5,0.40101,0.38813,-0.94873,3,-62,2.0003,924.75,3
351,0.35411,0.4111,-0.96014,3,-62,5.7647,923.75,3
351.5,0.67069,0.28478,-0.8233,3,-62,4.2936,921.75,3
352,0.28376,0.39961,-0.98294,3,-62,4.0037,922.25,3
352.5,0.37756,0.38813,-0.94873,3,-64,2.2473,920.25,3
352.75,0.37756,0.38813,-0.94873,3,-62,5.5269,924.25,3
353.25,0.60034,0.28478,-0.85751,3,-62,0.53076,922.75,3
354,0.34238,0.39961,-0.97154,3,-62.5,4.4516,921.75,3
354.25,0.34238,0.39961,-0.97154,3,-62,4.0344,922.25,3
354.75,0.28376,0.39961,-0.94873,3,-64.5,5.418,920.25,3
356,0.61207,0.2733,-0.8461,3,-61.5,5.6312,923.75,3
356.25,0.61207,0.2733,-0.8461,3,-63.5,1.8285,920.75,3
356.75,0.35411,0.42258,-0.97154,2,-53,5.7003,923.25,3
357.25,0.33066,0.42258,-0.94873,3,-64,5.3597,920.25,3
357.75,0.61207,0.29627,-0.8347,3,-62.5,1.9359,924.75,3
358,0.61207,0.29627,-0.8347,3,-61.5,0.32214,922.75,3
358.25,0.61207,0.29627,-0.8347,3,-61.5,5.6834,923.75,3
358.75,0.44791,0.38813,-0.90312,3,-62.5,4.8535,920.75,3
359.5,0.31893,0.43406,-0.96014,3,-63.5,1.4143,925.25,3
360.5,0.37756,0.42258,-0.94873,3,-62,0.31447,922.75,3
361.75,0.38928,0.38813,-0.94873,3,-62,0.19175,923.25,3
362,0.38928,0.38813,-0.94873,3,-62.5,4.8535,925.25,3
363.25,0.31893,0.42258,-0.96014,3,-61.5,6.0147,923.75,3
363.5,0.31893,0.42258,-0.96014,3,-63.5,5.1174,920.75,3
364,0.37756,0.4111,-0.94873,3,-62,4.0466,922.25,3
364.25,0.37756,0.4111,-0.94873,3,-61.5,0.052155,923.25,3
364.5,0.37756,0.4111,-0.94873,3,-64.5,5.372,920.25,3
365.25,0.34238,0.39961,-0.96014,3,-62,2.0479,924.75,3
366,0.63552,0.28478,-0.85751,3,-63.5,2.008,920.75,3
366.5,0.55344,0.29627,-0.86891,3,-62,4.0374,922.25,3
367,0.34238,0.42258,-0.96014,3,-64,1.4956,925.25,3
367.5,0.34238,0.42258,-0.96014,3,-63,5.2677,924.25,3
367.75,0.34238,0.42258,-0.96014,3,-63.5,1.7411,924.75,3
368.25,0.43619,0.39961,-0.90312,3,-62.5,4.7492,921.25,3
368.5,0.43619,0.39961,-0.90312,3,-62,4.3949,921.75,3
369,0.60034,0.30775,-0.85751,3,-61,0.059825,923.25,3
370.5,0.72932,0.25033,-0.8347,3,-62,2.6937,923.75,3
370.75,0.72932,0.25033,-0.8347,3,-62.5,4.7615,921.25,3
371.25,0.38928,0.42258,-0.96014,3,-61.5,4.0988,922.25,3
371.75,0.29548,0.42258,-0.97154,3,-62,1.6582,925.25,3
372,0.29548,0.42258,-0.97154,3,-64.5,5.4487,920.25,3
372.75,0.40101,0.39961,-0.92593,3,-61,5.9396,923.75,3
373,0.40101,0.39961,-0.92593,3,-61,2.7796,923.75,3
373.25,0.40101,0.39961,-0.92593,3,-63,5.0897,920.75,3
373.75,0.43619,0.38813,-0.92593,3,-61.5,4.0712,922.25,3
374.25,0.41273,0.39961,-0.92593,3,-64,2.3317,920.25,3
374.75,0.41273,0.39961,-0.92593,3,-61.5,5.576,924.25,3
374.83,0.41273,0.39961,-0.92593,3,-61.5,2.0249,924.75,3
375,0.41273,0.39961,-0.92593,3,-61,3.7122,922.75,3
375.5,0.29548,0.42258,-0.97154,3,-61.5,4.5989,921.25,3
378.25,0.69414,1.0656,0.088944,2,-60.5,0.4694,920.75,1
378.5,0.69414,1.0656,0.088944,1,-69.5,0.63967,921.75,1
379.25,0.96383,0.89339,-0.047893,3,-58,1.218,920.25,1
380.33,0.30721,0.65224,0.24859,1,-65,0.22703,921.25,4
380.5,0.91693,0.91636,0.16876,1,-64,4.7492,920.75,4
380.75,0.91693,0.91636,0.16876,1,-63,2.5725,921.75,4
382.75,0.37756,0.88191,-0.025087,1,-51.5,1.6858,923.75,4
383.5,0.51826,0.95081,-0.059296,1,-59,0.44485,922.25,4
