0,-0.056282,0.98526,0.21438,3,-64.5,5.6481,924.25,4
2.75,0.54171,0.36516,-0.8347,2,-50.5,0.087437,920.25,1
3,0.60034,0.45703,-0.66366,2,-51.5,1.8638,921.25,1
3.05,0.60034,0.45703,-0.66366,3,-61,5.6497,921.25,1
7.75,1.1866,-0.01378,-0.13912,2,-59.5,5.7586,921.25,3
9,1.1866,-0.01378,-0.13912,2,-59.5,6.047,920.75,3
12.5,1.1866,-0.01378,-0.13912,2,-59.5,5.7448,920.25,3
15.5,1.3156,-0.025263,-0.082102,2,-60.5,5.4686,921.75,3
21,1.0928,0.055119,-0.15052,2,-60,5.9534,920.75,3
22.5,1.0928,0.055119,-0.15052,2,-60,5.6082,921.25,3
29.5,1.3508,-0.059712,-0.082102,2,-59.5,6.0531,920.25,3
32,1.3508,-0.059712,-0.082102,2,-60,5.6236,921.25,3
98.25,1.1163,0.02067,-0.15052,2,-61,2.3731,921.75,3
103,1.1163,0.02067,-0.15052,3,-66,0.33748,922.25,3
104,0.35411,0.89339,-0.60664,3,-61,5.757,924.75,1
104.5,0.35411,0.89339,-0.60664,2,-59.5,5.0713,923.75,1
104.75,0.35411,0.89339,-0.60664,3,-59,5.0069,920.25,1
105.75,-0.46667,0.85894,-0.12771,3,-66.5,0.67035,925.75,1
106,-0.46667,0.85894,-0.12771,3,-59.5,5.6052,923.25,1
109,0.30721,1.0656,0.12315,1,-51,2.0417,920.75,4
236,0.62379,0.67521,-0.48121,3,-58.5,1.8193,925.25,1
236.5,0.63552,0.61779,-0.50401,2,-51,0.044485,920.25,1
237,0.61207,0.56038,-0.59524,3,-60.5,0.056757,921.75,1
237.5,0.61207,0.56038,-0.59524,2,-59,0.088971,922.75,1
238.5,1.0576,0.21588,-0.15052,2,-59.5,0.38503,925.25,3
241.25,1.1163,-0.048229,-0.24174,3,-68.5,1.5294,920.25,3
242,1.1163,-0.048229,-0.24174,2,-59.5,4.3626,921.75,3
244,1.339,-0.11713,-0.070699,2,-60,1.0094,922.25,3
245.25,1.339,-0.11713,-0.070699,3,-69.5,1.2118,920.75,3
246.5,1.339,-0.11713,-0.070699,2,-60,0.99402,922.25,3
248.75,1.1045,-0.0022966,-0.15052,3,-68,0.85289,921.25,3
250,1.1045,-0.0022966,-0.15052,2,-59,4.9517,920.75,3
251.25,1.1045,-0.0022966,-0.15052,3,-69.5,0.42951,922.25,3
253.75,1.1514,-0.036746,-0.11631,2,-59,4.6219,921.25,3
254.75,1.1514,-0.036746,-0.11631,2,-59,5.0361,920.75,3
256,1.1514,-0.036746,-0.11631,3,-69.5,1.1045,921.25,3
257.5,1.1514,-0.036746,-0.11631,3,-68.5,1.5002,920.75,3
258.75,1.1514,-0.036746,-0.11631,3,-69.5,0.4648,922.25,3
262.25,1.1163,-0.025263,-0.12771,3,-68,1.445,920.75,3
263.5,1.1163,-0.025263,-0.12771,2,-60,1.0707,922.25,3
264.75,1.1163,-0.025263,-0.12771,3,-68,1.3837,920.75,3
266,1.1163,-0.025263,-0.12771,3,-69.5,0.38043,922.25,3
268,1.1163,-0.025263,-0.12771,3,-69,1.6644,920.25,3
271,1.2804,-0.094162,-0.070699,3,-69.5,0.45252,922.25,3
273,1.2804,-0.094162,-0.070699,3,-68.5,1.7181,920.25,3
279.25,1.1397,-0.01378,-0.10491,2,-59,1.7794,920.75,3
280.25,1.1397,-0.01378,-0.10491,3,-70.5,4.1003,921.25,3
281.75,1.1397,-0.01378,-0.10491,2,-63,5.8828,924.75,3
283.25,1.1397,-0.01378,-0.10491,3,-71,0.62893,921.75,3
287.5,1.1397,-0.025263,-0.11631,3,-68,1.6582,920.25,3
288.75,1.1397,-0.025263,-0.11631,3,-70.5,0.033748,922.75,3
290.25,1.1397,-0.025263,-0.11631,2,-59,1.4343,921.25,3
291.25,1.1397,-0.025263,-0.11631,3,-68.5,1.379,920.75,3
292.75,1.1397,-0.025263,-0.11631,3,-69,1.0446,921.25,3
296.25,1.1045,-0.01378,-0.11631,3,-69,1.4021,920.75,3
297.5,1.1045,-0.01378,-0.11631,3,-70.5,0.32367,922.25,3
299.75,1.1045,-0.01378,-0.11631,3,-68.5,1.7303,920.25,3
301,1.1045,-0.01378,-0.11631,3,-70.5,0.11965,922.75,3
302.25,1.1045,-0.01378,-0.11631,3,-69,1.063,921.25,3
306,1.1397,-0.01378,-0.11631,3,-68.5,4.47,920.75,3
307.5,1.1397,-0.01378,-0.11631,2,-60,1.1781,921.75,3
310.75,1.0694,0.0091865,-0.15052,2,-58.5,4.8612,920.75,3
312,1.0694,0.0091865,-0.15052,3,-70,0.96181,921.25,3
314.75,1.0694,0.0091865,-0.15052,3,-70,0.33441,922.25,3
316.75,1.0694,0.0091865,-0.15052,3,-68,1.6521,920.25,3
319.75,1.1045,0.0091865,-0.13912,3,-70.5,0.83449,921.75,3
321.75,1.1045,0.0091865,-0.13912,2,-59.5,4.6372,921.25,3
323,1.1045,0.0091865,-0.13912,2,-59.5,4.8781,920.75,3
324.25,1.1045,0.0091865,-0.13912,3,-69,1.1689,921.25,3
327.75,1.1397,-0.01378,-0.11631,2,-58.5,1.1658,922.75,3
328.25,1.1397,-0.01378,-0.11631,3,-69.5,5.1695,923.75,3
329,1.1397,-0.01378,-0.11631,3,-65,1.4527,920.25,3
329.25,1.1397,-0.01378,-0.11631,3,-67,6.1927,922.25,3
330.25,1.0928,0.055119,-0.19613,3,-65.5,0.80994,920.75,3
331.5,1.2687,-0.048229,-0.15052,3,-66,0.32367,921.25,3
334,1.1866,-0.059712,-0.13912,3,-69,0.25311,921.25,3
334.5,1.1866,-0.059712,-0.13912,3,-68.5,6.274,921.75,3
335,1.1866,-0.059712,-0.13912,3,-69,5.5147,922.75,3
336.5,1.1983,-0.082679,-0.16192,3,-68.5,0.34361,921.25,3
337.5,1.0459,0.0091865,-0.21894,3,-67.5,0.86977,920.75,3
338.75,1.0459,0.0091865,-0.21894,3,-63.5,5.3965,920.25,3
339.25,0.98728,0.14698,-0.447,3,-59,1.0247,921.75,3
340.5,0.29548,0.68669,-0.76628,3,-61.5,1.1597,923.75,1
341.25,-0.22044,0.97377,-0.31016,1,-69,5.7908,921.25,1
343.25,0.037521,0.91636,0.066138,3,-61.5,1.2824,924.25,4
344.5,0.57689,1.1805,0.043332,1,-49.5,1.422,923.25,4
357,-0.36114,1.0082,0.088944,1,-59.5,4.8274,920.75,2
378,-0.36114,1.0082,0.088944,1,-61,0.52769,922.25,2
429,-0.36114,1.0082,0.088944,1,-60.5,0.34975,922.25,2
431.75,-0.36114,1.0082,0.088944,1,-60.5,0.65194,921.75,2
436,-0.36114,1.0082,0.088944,1,-58.5,1.5769,920.25,2
439,0.77622,0.74411,-0.070699,1,-59.5,0.67035,921.75,2
441.5,0.77622,0.74411,-0.070699,1,-60,0.49548,921.75,2
444,0.77622,0.74411,-0.070699,1,-60,0.48781,921.75,2
446.25,0.77622,0.74411,-0.070699,1,-59.5,0.44485,921.75,2
450.5,0.8114,0.72114,-0.025087,1,-59,1.4481,920.25,2
452,0.8114,0.72114,-0.025087,1,-59,1.0861,920.75,2
454.25,0.8114,0.72114,-0.025087,1,-58.5,1.1474,920.75,2
458.5,0.8114,0.73263,-0.025087,1,-60,0.37736,921.75,2
461,0.8114,0.73263,-0.025087,1,-60,0.44792,921.75,2
463.25,0.8114,0.73263,-0.025087,1,-60,0.44485,921.75,2
465.5,0.8114,0.73263,-0.025087,1,-60,0.049087,922.25,2
473.75,0.83485,0.70966,-0.013684,1,-59.5,0.97868,920.75,2
478,0.83485,0.70966,-0.013684,1,-60.5,0.34208,921.75,2
482.75,0.83485,0.70966,-0.013684,1,-60.5,0.3973,921.75,2
485.25,0.83485,0.70966,-0.013684,1,-59,0.29913,921.75,2
