0,0.2603,0.93932,-0.31016,3,-59,5.9074,922.25,1
1,0.82312,0.45703,-0.60664,2,-51.5,3.9807,920.75,1
1.5,0.82312,0.52593,-0.4584,3,-57.5,1.2471,923.75,1
1.55,0.82312,0.52593,-0.4584,3,-59.5,6.2326,925.25,1
4.75,1.1397,0.0091865,-0.13912,2,-60.5,1.8009,922.25,3
151.25,0.37756,0.75559,-0.67506,3,-66,5.7141,925.75,1
151.5,0.37756,0.75559,-0.67506,2,-58,5.645,923.25,1
153.5,0.1196,0.75559,0.18017,2,-61.5,0.19942,921.75,4
289.25,0.50654,0.60631,-0.77769,2,-51.5,4.9716,920.25,1
289.5,0.56517,0.61779,-0.53822,2,-52,6.1098,921.25,1
290,0.83485,0.46851,-0.58384,2,-51,2.1875,921.75,1
293.5,1.0576,-0.025263,-0.24174,2,-60,0.474,924.75,3
297.75,1.1045,-0.036746,-0.19613,2,-59.5,4.3396,923.25,3
299.25,1.1045,-0.036746,-0.19613,2,-58.5,5.6052,921.25,3
303.5,1.1045,-0.036746,-0.19613,2,-59.5,0.88511,923.75,3
305.5,1.3156,-0.12861,-0.10491,2,-60.5,0.1672,924.75,3
312.25,1.0811,-0.036746,-0.23034,2,-60,4.0758,923.25,3
314.75,1.0694,-0.025263,-0.24174,2,-59,0.948,923.25,3
315.75,1.0694,-0.025263,-0.24174,2,-61,6.1144,925.25,3
322.25,1.1045,-0.059712,-0.20754,2,-60,1.0048,923.25,3
323,1.1045,-0.059712,-0.20754,2,-61,6.2157,925.25,3
327,1.0928,-0.036746,-0.21894,2,-59,1.2318,922.75,3
328.25,1.0928,-0.036746,-0.21894,2,-60.5,0.39884,924.25,3
329.5,1.0928,-0.036746,-0.21894,2,-59.5,0.92192,923.25,3
331.5,1.0694,-0.01378,-0.21894,2,-59,4.8458,921.75,3
332.25,1.0694,-0.01378,-0.21894,2,-61,0.099709,924.75,3
336,1.1749,-0.059712,-0.18473,2,-58.5,1.4481,922.25,3
337.75,1.1749,-0.059712,-0.18473,2,-60.5,0.37889,924.25,3
342.75,1.2101,-0.082679,-0.16192,2,-60,0.41417,924.25,3
344,1.2101,-0.082679,-0.16192,2,-59.5,0.9434,923.25,3
344.5,1.2101,-0.082679,-0.16192,2,-60.5,0.158,924.75,3
347,1.1045,-0.025263,-0.21894,2,-58.5,5.3996,920.75,3
350.25,1.2687,-0.11713,-0.13912,2,-60.5,0.36509,924.25,3
350.75,1.2687,-0.11713,-0.13912,2,-58.5,1.465,922.25,3
351.5,1.2687,-0.11713,-0.13912,2,-60,1.1643,922.75,3
356.25,1.0811,-0.0022966,-0.21894,2,-59.5,1.1888,922.75,3
357.5,1.0811,-0.0022966,-0.21894,2,-60.5,0.25464,924.25,3
358.5,1.1632,-0.082679,-0.17333,2,-59.5,1.0017,923.25,3
359.5,1.1632,-0.082679,-0.17333,2,-60.5,0.7179,923.75,3
361,1.1632,-0.082679,-0.17333,2,-59.5,0.8667,923.25,3
365.25,1.1397,-0.059712,-0.18473,2,-58.5,1.4189,922.25,3
366.75,1.1514,-0.048229,-0.18473,2,-61.5,5.9963,925.25,3
375.25,1.3625,-0.15158,-0.10491,2,-58,1.646,921.75,3
385.5,1.2335,-0.082679,-0.15052,2,-59,1.1029,922.75,3
386.25,1.2335,-0.082679,-0.15052,2,-60,0.56604,923.75,3
387.25,1.2335,-0.082679,-0.15052,2,-59,4.5268,922.25,3
387.75,1.2335,-0.082679,-0.15052,2,-59.5,0.83449,923.25,3
389.75,1.2335,-0.094162,-0.13912,2,-59,1.3438,922.25,3
390.5,1.2335,-0.094162,-0.13912,2,-59,1.0922,922.75,3
392.75,1.339,-0.12861,-0.10491,2,-59,1.0723,922.75,3
395.25,1.1514,-0.059712,-0.17333,2,-59,1.0922,922.75,3
395.75,1.1514,-0.059712,-0.17333,2,-60,0.58598,923.75,3
399.75,1.128,-0.048229,-0.18473,2,-59,1.6736,921.75,3
401.5,1.128,-0.048229,-0.18473,2,-58.5,5.0683,921.25,3
404.75,1.1983,-0.094162,-0.15052,2,-60,0.92346,923.25,3
414,1.128,-0.036746,-0.18473,2,-59.5,1.445,922.25,3
415,1.128,-0.036746,-0.18473,2,-59,5.8276,920.75,3
415.75,1.128,-0.036746,-0.18473,3,-61.5,5.6082,924.25,3
416.25,0.78795,0.2733,-0.62945,2,-50,1.7948,921.25,3
416.33,0.55344,0.52593,-0.68646,2,-51,1.4205,922.25,1
416.75,0.45964,0.5489,-0.77769,3,-60.5,0.44639,925.75,1
417,0.45964,0.5489,-0.77769,3,-60,5.395,923.25,1
417.25,0.45964,0.5489,-0.77769,3,-60,0.14573,922.75,1
417.5,0.20168,0.80152,-0.56103,3,-61,5.9334,920.75,1
417.58,0.20168,0.80152,-0.56103,3,-64.5,2.0479,924.75,1
418.75,-0.13836,0.90487,0.043332,3,-59.5,1.468,922.25,1
419.75,-0.056282,0.79004,0.12315,3,-65,5.2355,922.75,4
420.5,-0.056282,0.79004,0.12315,1,-59,0.76085,925.25,4
421,0.072698,1.0542,-0.070699,1,-52.5,0.40497,920.25,4
421.25,0.47136,1.0082,0.20297,1,-53.5,3.8488,922.25,4
422.75,0.15478,0.98526,0.11175,1,-63.5,6.0454,925.25,4
427,0.89348,0.75559,0.088944,1,-59,5.415,920.75,2
428.75,0.89348,0.75559,0.088944,1,-59.5,1.445,921.75,2
430.5,0.89348,0.75559,0.088944,1,-58,5.5622,920.25,2
431,0.89348,0.75559,0.088944,1,-58,0.89738,922.25,2
432,0.89348,0.75559,0.088944,1,-58,1.8116,920.75,2
433.25,0.89348,0.75559,0.088944,1,-58.5,1.5892,921.25,2
437,0.74105,0.76708,-0.0022806,1,-58.5,1.7717,920.75,2
438.5,0.74105,0.76708,-0.0022806,1,-59.5,0.7087,922.25,2
440.5,0.74105,0.76708,-0.0022806,1,-59,1.4404,921.25,2
444.25,0.74105,0.76708,-0.0022806,1,-58.5,1.6858,920.75,2
448.75,0.78795,0.74411,-0.0022806,1,-60,0.22396,922.75,2
450.5,0.78795,0.74411,-0.0022806,1,-60,0.632,922.25,2
452.75,0.78795,0.74411,-0.0022806,1,-59,1.2625,921.25,2
454,0.78795,0.74411,-0.0022806,1,-58.5,4.7385,920.75,2
457.75,0.82312,0.72114,0.0091224,1,-59.5,0.53689,922.25,2
459.75,0.82312,0.72114,0.0091224,1,-58,5.102,920.25,2
460.5,0.82312,0.72114,0.0091224,1,-59.5,3.9715,921.75,2
462.75,0.82312,0.72114,0.0091224,1,-59.5,0.4832,922.25,2
464.75,0.82312,0.72114,0.0091224,1,-59,1.1505,921.25,2
467.75,0.98728,0.66373,0.077541,1,-59,0.9434,921.75,2
469.5,0.98728,0.66373,0.077541,1,-59,1.1628,921.25,2
479.75,0.98728,0.66373,0.077541,1,-59.5,0.60132,922.25,2
489.5,0.98728,0.66373,0.077541,1,-60,0.28225,922.25,2
497.75,0.98728,0.66373,0.077541,1,-59.5,1.468,920.75,2
513.5,0.8583,0.66373,-0.025087,3,-64,4.786,921.25,4
