0,0.56517,0.92784,0.031928,3,-58.5,5.5315,922.75,4
3.875,0.7645,0.73263,-0.070699,3,-66,4.4577,921.25,4
3.9,0.23685,1.0082,-0.20754,3,-59.5,0.21936,922.25,4
4.45,0.7176,0.68669,-0.03649,2,-60,0.7808,923.25,1
4.7,0.7176,0.68669,-0.03649,1,-68,0.82221,922.75,1
5.2,0.64724,0.85894,-0.013684,1,-68,2.123,921.75,1
5.7,0.78795,0.80152,0.031928,2,-59,1.3453,920.75,1
6.95,0.70587,0.81301,-0.013684,3,-58.5,1.6828,923.25,1
8.7,0.69414,0.81301,0.0091224,1,-68,5.8445,920.25,1
8.95,0.69414,0.81301,0.0091224,2,-59,0.28379,922.25,1
9.2,0.63552,0.85894,0.0091224,2,-60,4.7553,925.25,1
9.95,0.8114,0.76708,0.031928,2,-58.5,0.70563,921.75,1
10.95,0.48309,0.90487,-0.082102,2,-58.5,0.93573,921.25,1
11.45,0.72932,0.82449,0.0091224,2,-59,0.2485,922.25,1
11.7,0.72932,0.82449,0.0091224,2,-60,4.7032,925.25,1
11.95,0.72932,0.82449,0.0091224,2,-59,5.8383,923.25,1
12.2,0.72932,0.82449,0.0091224,2,-59.5,4.9686,924.75,1
12.45,0.82312,0.77856,0.054735,3,-58.5,0.86517,924.25,1
13.7,0.67069,0.83597,-0.0022806,3,-59,1.2395,923.75,1
14.95,0.50654,0.90487,-0.082102,2,-59.5,5.1787,924.25,1
15.45,0.50654,0.90487,-0.082102,2,-59.5,1.0538,920.75,1
15.95,0.54171,0.91636,-0.070699,2,-59.5,5.645,923.75,1
16.2,0.54171,0.91636,-0.070699,2,-59.5,0.32827,922.25,1
17.2,0.72932,0.80152,0.020525,3,-59.5,0.62893,924.75,1
17.95,0.56517,0.89339,-0.082102,1,-66.5,5.9074,921.25,1
18.2,0.56517,0.89339,-0.082102,2,-59,0.73017,921.25,1
18.95,0.56517,0.88191,-0.059296,3,-59.5,0.43258,925.25,1
19.2,0.56517,0.88191,-0.059296,2,-59,5.7632,923.25,1
19.7,0.72932,0.81301,0.0091224,1,-67,5.4932,921.75,1
20.7,0.56517,0.89339,-0.059296,1,-65,0.18254,920.25,1
20.95,0.56517,0.89339,-0.059296,3,-59,1.1582,923.75,1
23.45,0.7176,0.82449,-0.0022806,3,-59.5,4.2798,923.75,1
23.7,0.74105,0.83597,-0.013684,1,-68,1.3576,922.25,1
23.95,0.74105,0.83597,-0.013684,2,-59,5.9043,923.25,1
24.45,0.54171,0.89339,-0.082102,3,-59,0.69336,924.75,1
24.7,0.54171,0.89339,-0.082102,1,-67,2.3286,921.75,1
24.95,0.57689,0.88191,-0.059296,3,-60,0.3114,925.75,1
25.2,0.57689,0.88191,-0.059296,1,-66.5,3.2198,920.75,1
25.45,0.52999,0.91636,-0.082102,2,-58.5,1.4036,920.25,1
25.7,0.52999,0.91636,-0.082102,1,-66.5,3.5205,920.25,1
25.95,0.52999,0.91636,-0.082102,3,-58,1.152,923.75,1
26.2,0.75277,0.80152,0.020525,1,-68,5.099,922.25,1
26.7,0.75277,0.80152,0.020525,2,-59,6.0086,922.75,1
27.45,0.52999,0.90487,-0.070699,2,-60.5,4.3857,925.75,1
28.2,0.56517,0.89339,-0.082102,2,-58.5,1.3898,920.25,1
28.7,0.7645,0.80152,0.020525,3,-59.5,0.39884,925.25,1
30.45,0.64724,0.84746,-0.013684,2,-58.5,0.7992,921.25,1
30.7,0.8114,0.77856,0.043332,2,-59,0.10584,922.25,1
31.7,0.57689,0.89339,-0.070699,2,-59.5,4.8152,924.75,1
31.95,0.57689,0.89339,-0.070699,2,-58.5,0.41571,921.75,1
32.7,0.64724,0.84746,-0.03649,2,-59,1.017,920.75,1
32.95,0.51826,0.90487,-0.082102,2,-58.5,1.3775,920.25,1
33.45,0.60034,0.88191,-0.047893,2,-58.5,0.17487,922.25,1
33.95,0.60034,0.88191,-0.047893,2,-59.5,5.7647,923.25,1
34.45,0.54171,0.90487,-0.070699,1,-67.5,5.4042,921.75,1
34.95,0.54171,0.90487,-0.070699,2,-58.5,1.0094,920.75,1
35.95,0.78795,0.80152,0.031928,3,-59.5,0.30066,925.25,1
36.2,0.56517,0.89339,-0.059296,2,-59,6.0331,922.75,1
37.2,0.64724,0.85894,-0.025087,3,-59.5,0.23163,925.75,1
37.45,0.64724,0.85894,-0.025087,1,-67.5,5.9212,920.75,1
37.95,0.62379,0.87042,-0.03649,2,-58.5,5.2677,923.75,1
38.45,0.51826,0.90487,-0.070699,3,-59.5,0.4065,925.25,1
38.95,0.75277,0.80152,0.031928,2,-59.5,4.7415,924.75,1
39.7,0.67069,0.84746,-0.025087,2,-60,4.1954,925.75,1
39.95,0.58862,0.89339,-0.059296,2,-57.5,0.69643,921.25,1
40.7,0.54171,0.90487,-0.082102,3,-59.5,0.53996,925.25,1
40.95,0.54171,0.90487,-0.082102,3,-58,1.4389,923.25,1
41.45,0.54171,0.90487,-0.082102,2,-60,4.8044,924.75,1
41.95,0.62379,0.85894,-0.047893,2,-61,4.3534,925.75,1
42.7,0.72932,0.81301,0.020525,2,-59,1.3499,920.25,1
43.45,0.52999,0.88191,-0.082102,3,-59.5,0.49241,925.25,1
45.2,0.67069,0.82449,-0.0022806,1,-65.5,3.7429,920.25,1
45.45,0.67069,0.82449,-0.0022806,3,-59,4.4378,922.25,1
46.45,0.42446,1.0082,0.23718,2,-63.5,5.2723,924.75,1
47.7,0.42446,0.57186,-0.8119,3,-59,6.2157,920.25,1
48.45,0.43619,0.50296,-0.8233,3,-61.5,0.75625,923.25,1
48.7,0.43619,0.50296,-0.8233,2,-51.5,3.8764,922.75,1
48.95,0.43619,-0.025263,-0.94873,3,-62,6.251,924.75,3
49.7,0.52999,-0.082679,-0.8119,2,-50,5.1358,921.25,3
49.95,0.52999,-0.0022966,-0.91452,2,-49.5,5.0944,921.25,3
50.025,0.64724,-0.0022966,-0.90312,2,-48,5.5545,920.25,3
50.2,0.60034,0.0091865,-0.91452,3,-59.5,0.21936,923.75,3
50.45,0.60034,0.0091865,-0.91452,2,-49.5,4.3243,922.25,3
50.525,0.57689,0.11254,-0.92593,2,-52,2.8195,925.25,3
50.575,0.57689,0.11254,-0.92593,3,-61,5.5684,925.25,3
50.7,0.55344,0.043636,-0.90312,3,-59.5,0.047553,923.25,3
50.95,0.55344,0.043636,-0.90312,3,-59.5,6.2817,923.25,3
51.025,0.47136,0.14698,-0.98294,2,-49.5,3.6263,922.75,3
51.2,0.50654,0.16995,-0.96014,2,-52.5,5.8598,924.75,3
51.45,0.50654,0.16995,-0.96014,2,-48.5,4.2568,921.75,3
51.7,0.65897,0.11254,-0.88031,3,-64,1.853,925.75,3
51.95,0.65897,0.11254,-0.88031,2,-48.5,4.6725,920.75,3
52.2,0.42446,0.21588,-0.99434,2,-48.5,4.7354,920.75,3
52.275,0.40101,0.2044,-1.0172,2,-49,4.4209,921.25,3
52.45,0.43619,0.21588,-0.97154,3,-59.5,5.0974,920.25,3
52.525,0.43619,0.21588,-0.97154,2,-48,4.8535,920.25,3
52.7,0.47136,0.16995,-0.94873,2,-53,6.0715,923.75,3
52.775,0.49481,0.16995,-0.92593,3,-62,0.33441,922.25,3
53.2,0.68242,0.11254,-0.85751,3,-63,5.9396,923.25,3
53.45,0.68242,0.11254,-0.85751,2,-51,3.4192,922.75,3
53.7,0.58862,0.16995,-0.86891,3,-65,1.9343,924.75,3
53.95,0.58862,0.16995,-0.86891,2,-50,3.9377,921.75,3
54.45,0.56517,0.18143,-0.90312,2,-48.5,4.467,920.75,3
54.7,0.49481,0.16995,-0.92593,3,-61,4.0328,921.25,3
54.775,0.49481,0.16995,-0.92593,3,-60,4.6602,920.25,3
54.95,0.49481,0.16995,-0.92593,2,-48,4.7231,920.25,3
55.2,0.48309,0.18143,-0.92593,2,-52.5,6.0562,923.75,3
55.7,0.83485,0.043636,-0.80049,3,-64,5.9749,923.25,3
55.95,0.83485,0.043636,-0.80049,3,-63,0.032214,922.75,3
56.2,0.83485,0.043636,-0.80049,2,-49.5,3.9331,921.75,3
56.45,0.55344,0.18143,-0.91452,2,-53,2.6661,924.25,3
56.7,0.56517,0.16995,-0.91452,3,-68,4.5559,925.75,3
56.95,0.56517,0.16995,-0.91452,3,-61.5,4.2691,920.75,3
57.2,0.56517,0.16995,-0.91452,3,-62.5,3.8718,921.25,3
57.45,0.56517,0.16995,-0.90312,3,-61,4.4547,920.25,3
57.95,0.56517,0.16995,-0.90312,3,-66.5,4.6955,925.25,3
58.2,0.56517,0.16995,-0.90312,2,-52,6.251,923.25,3
58.7,0.70587,0.089569,-0.8461,2,-49.5,3.8932,921.75,3
58.95,0.49481,0.15847,-0.94873,2,-52.5,2.6384,924.25,3
59.45,0.61207,0.14698,-0.89172,3,-61,4.1663,920.75,3
59.7,0.61207,0.14698,-0.89172,2,-48.5,4.1371,921.25,3
59.775,0.49481,0.16995,-0.93733,3,-60.5,4.4225,920.25,3
59.8,0.49481,0.16995,-0.93733,2,-47.5,4.7063,920.25,3
59.975,0.49481,0.15847,-0.93733,3,-64,2.3163,923.75,3
60.2,0.50654,0.16995,-0.90312,2,-50,3.5818,922.25,3
60.45,0.68242,0.12402,-0.86891,3,-66.5,4.6679,925.25,3
60.7,0.68242,0.12402,-0.86891,2,-51,0.158,922.75,3
60.95,0.75277,0.078086,-0.8347,3,-62,3.5389,921.75,3
61.2,0.75277,0.078086,-0.8347,2,-49.5,3.8595,921.75,3
61.45,0.64724,0.12402,-0.88031,3,-65,2.0371,924.25,3
61.7,0.64724,0.12402,-0.88031,2,-48,4.4117,920.75,3
61.775,0.50654,0.15847,-0.92593,2,-48,4.4271,920.75,3
61.95,0.49481,0.15847,-0.92593,3,-61.5,3.858,921.25,3
62.2,0.49481,0.15847,-0.93733,2,-47.5,4.7185,920.25,3
62.45,0.51826,0.15847,-0.92593,3,-64,2.3347,923.75,3
62.7,0.51826,0.15847,-0.92593,2,-50.5,3.5788,922.25,3
63.2,0.51826,0.16995,-0.92593,2,-51,0.17027,922.75,3
63.45,0.74105,0.078086,-0.8347,2,-49.5,3.8304,921.75,3
63.95,0.56517,0.14698,-0.91452,2,-53,2.5909,924.25,3
64.2,0.65897,0.12402,-0.86891,2,-48,4.4056,920.75,3
64.275,0.49481,0.1355,-0.94873,3,-61.5,0.71023,921.25,3
64.45,0.49481,0.1355,-0.94873,3,-61.5,3.8288,921.25,3
64.95,0.67069,0.12402,-0.85751,3,-62,0.087437,922.25,3
65.2,0.56517,0.15847,-0.91452,3,-63,2.6154,923.25,3
65.45,0.56517,0.15847,-0.91452,3,-63,2.6262,923.25,3
65.7,0.56517,0.15847,-0.91452,2,-51,3.3134,922.75,3
65.95,0.50654,0.16995,-0.92593,3,-62,0.40497,921.75,3
66.2,0.50654,0.16995,-0.92593,2,-49.5,3.8641,921.75,3
66.45,0.60034,0.15847,-0.90312,2,-48,4.4194,920.75,3
66.7,0.50654,0.16995,-0.90312,2,-48,4.4056,920.75,3
66.95,0.48309,0.14698,-0.93733,3,-61.5,0.70256,921.25,3
67.025,0.48309,0.14698,-0.93733,3,-60.5,1.2855,920.25,3
67.2,0.48309,0.14698,-0.93733,3,-63.5,2.327,923.75,3
67.45,0.49481,0.15847,-0.92593,3,-62,0.099709,922.25,3
67.95,0.58862,0.15847,-0.90312,3,-63.5,5.7524,923.25,3
68.45,0.62379,0.1355,-0.90312,2,-49.5,3.8396,921.75,3
68.5,0.58862,0.14698,-0.92593,2,-52.5,5.7678,924.25,3
68.7,0.58862,0.14698,-0.92593,3,-64.5,2.0295,924.25,3
68.95,0.9052,0.02067,-0.77769,3,-61,1.0216,920.75,3
69.225,0.9052,0.02067,-0.77769,3,-61,4.1417,920.75,3
69.45,0.52999,0.16995,-0.91452,2,-47.5,4.6832,920.25,3
69.7,0.50654,0.14698,-0.93733,2,-52,2.8179,923.75,3
70.2,0.49481,0.15847,-0.92593,2,-51.5,3.0588,923.25,3
70.45,0.58862,0.14698,-0.91452,2,-51,0.17487,922.75,3
70.7,0.87003,-0.0022966,-0.8119,2,-49.5,3.8488,921.75,3
70.95,0.57689,0.14698,-0.92593,3,-62,0.38503,921.75,3
71.2,0.57689,0.14698,-0.92593,2,-53,2.6001,924.25,3
71.45,0.78795,0.032153,-0.8233,2,-48,4.4102,920.75,3
71.7,0.49481,0.15847,-0.92593,3,-61.5,3.8549,921.25,3
71.95,0.49481,0.15847,-0.92593,2,-47.5,4.6802,920.25,3
72.2,0.50654,0.15847,-0.91452,2,-52.5,2.8179,923.75,3
72.45,0.51826,0.16995,-0.91452,3,-66.5,1.5463,925.25,3
72.7,0.51826,0.16995,-0.91452,3,-63.5,5.7509,923.25,3
72.95,0.62379,0.1355,-0.89172,3,-63,6.0562,922.75,3
73.2,0.49481,0.14698,-0.92593,2,-49.5,3.8242,921.75,3
73.45,0.57689,0.14698,-0.90312,3,-64.5,2.0601,924.25,3
73.95,0.79967,0.032153,-0.8233,2,-48,4.401,920.75,3
74.025,0.69414,0.078086,-0.86891,2,-48.5,4.1279,921.25,3
74.2,0.49481,0.14698,-0.94873,2,-49,4.1172,921.25,3
74.275,0.49481,0.14698,-0.94873,2,-49,4.1126,921.25,3
74.325,0.49481,0.14698,-0.92593,2,-47.5,4.6909,920.25,3
74.35,0.49481,0.14698,-0.92593,3,-60.5,4.6142,920.25,3
74.45,0.49481,0.14698,-0.92593,2,-47.5,4.6802,920.25,3
74.5,0.49481,0.14698,-0.92593,3,-63.5,2.4452,923.75,3
74.7,0.49481,0.14698,-0.92593,3,-62,0.22243,922.25,3
74.95,0.58862,0.16995,-0.90312,2,-52,6.2004,923.25,3
75.2,0.61207,0.14698,-0.90312,3,-62,6.2418,922.75,3
75.45,0.61207,0.14698,-0.90312,2,-51.5,0.15033,922.75,3
75.525,0.61207,0.14698,-0.90312,3,-64,1.9282,924.75,3
75.7,0.65897,0.11254,-0.86891,2,-50,3.8211,921.75,3
76.2,0.50654,0.14698,-0.92593,2,-48.5,4.3933,920.75,3
76.45,0.51826,0.14698,-0.91452,2,-48.5,4.3764,920.75,3
76.525,0.69414,0.078086,-0.86891,2,-49,4.1295,921.25,3
76.7,0.69414,0.078086,-0.86891,2,-49,4.1325,921.25,3
76.775,0.49481,0.14698,-0.93733,3,-60,4.5575,920.25,3
76.95,0.49481,0.14698,-0.93733,2,-52.5,2.8624,923.75,3
77.2,0.56517,0.15847,-0.90312,2,-51,3.5604,922.25,3
77.45,0.69414,0.10105,-0.8461,3,-65.5,1.6045,925.25,3
77.7,0.50654,0.15847,-0.92593,2,-52,6.2034,923.25,3
77.775,0.50654,0.15847,-0.92593,3,-62,6.1605,922.75,3
77.95,0.50654,0.15847,-0.92593,2,-51.5,3.3027,922.75,3
78.2,0.84658,0.032153,-0.80049,3,-61.5,0.4832,921.75,3
78.7,0.56517,0.15847,-0.90312,3,-66.5,1.3775,925.75,3
78.95,0.49481,0.14698,-0.93733,2,-48.5,4.3688,920.75,3
79.025,0.57689,0.14698,-0.90312,3,-60.5,0.82221,921.25,3
79.2,0.57689,0.14698,-0.90312,3,-60,4.5314,920.25,3
79.275,0.57689,0.14698,-0.90312,2,-47.5,4.6802,920.25,3
79.3,0.49481,0.14698,-0.93733,3,-63.5,5.5193,923.75,3
79.45,0.49481,0.14698,-0.93733,2,-50.5,3.5757,922.25,3
79.7,0.50654,0.14698,-0.92593,3,-61.5,0.19328,922.25,3
79.95,0.83485,0.02067,-0.80049,2,-52,6.2157,923.25,3
80.2,0.79967,0.032153,-0.8233,2,-51,3.3257,922.75,3
80.7,0.50654,0.15847,-0.90312,2,-49.5,3.8242,921.75,3
80.775,0.50654,0.15847,-0.90312,2,-50,3.8196,921.75,3
81.2,0.70587,0.089569,-0.85751,2,-48.5,4.3565,920.75,3
81.25,0.50654,0.14698,-0.92593,2,-48.5,4.3565,920.75,3
81.45,0.50654,0.14698,-0.92593,2,-49,4.0942,921.25,3
81.525,0.64724,0.12402,-0.88031,3,-59.5,4.5559,920.25,3
81.7,0.64724,0.12402,-0.88031,2,-47.5,4.6556,920.25,3
81.775,0.49481,0.15847,-0.92593,3,-63,2.3976,923.75,3
81.95,0.49481,0.15847,-0.92593,2,-50.5,0.43105,922.25,3
82.45,0.69414,0.10105,-0.85751,2,-52,6.2264,923.25,3
82.55,0.49481,0.14698,-0.93733,3,-62.5,5.8353,923.25,3
82.7,0.57689,0.15847,-0.90312,3,-64.5,1.8577,924.75,3
82.95,0.57689,0.15847,-0.90312,3,-61,0.50161,921.75,3
83.7,0.49481,0.15847,-0.92593,3,-60,4.2752,920.75,3
83.775,0.49481,0.15847,-0.92593,2,-49,4.1019,921.25,3
83.95,0.62379,0.1355,-0.89172,2,-47.5,4.6725,920.25,3
84.2,0.51826,0.1355,-0.92593,2,-47.5,4.6633,920.25,3
84.45,0.69414,0.10105,-0.86891,2,-52.5,2.8225,923.75,3
84.95,0.57689,0.15847,-0.90312,2,-52,6.231,923.25,3
85.2,0.52999,0.15847,-0.91452,2,-53.5,2.4682,924.75,3
85.45,0.54171,0.14698,-0.92593,3,-61,0.56144,921.75,3
85.7,0.54171,0.14698,-0.92593,3,-63.5,2.2212,924.25,3
86.2,0.50654,0.14698,-0.94873,3,-60,1.1582,920.75,3
86.3,0.52999,0.14698,-0.92593,3,-60.5,3.9868,921.25,3
86.45,0.52999,0.14698,-0.92593,3,-60,4.5789,920.25,3
86.7,0.49481,0.15847,-0.92593,2,-52.5,2.8256,923.75,3
86.95,0.89348,0.0091865,-0.78909,2,-50.5,3.5588,922.25,3
87.2,0.7645,0.055119,-0.8347,2,-52,6.208,923.25,3
87.45,0.57689,0.14698,-0.91452,2,-51.5,3.3134,922.75,3
87.95,0.55344,0.14698,-0.91452,3,-61,0.53996,921.75,3
88.2,0.55344,0.14698,-0.91452,2,-53,2.6384,924.25,3
88.45,0.49481,0.14698,-0.92593,2,-48,4.3918,920.75,3
88.7,0.50654,0.14698,-0.93733,2,-49,4.1019,921.25,3
88.775,0.52999,0.14698,-0.92593,3,-60.5,0.82682,921.25,3
88.95,0.52999,0.14698,-0.92593,2,-47.5,4.6602,920.25,3
88.975,0.52999,0.14698,-0.92593,2,-47.5,4.6802,920.25,3
89.025,0.50654,0.14698,-0.93733,2,-47.5,4.6725,920.25,3
89.075,0.50654,0.14698,-0.93733,3,-63,2.4605,923.75,3
89.45,0.50654,0.15847,-0.91452,3,-61.5,0.21322,922.25,3
89.95,0.89348,-0.0022966,-0.77769,2,-51.5,3.3027,922.75,3
90.2,0.51826,0.15847,-0.92593,3,-64.5,5.0453,924.75,3
90.45,0.65897,0.10105,-0.88031,2,-50,3.8119,921.75,3
90.95,0.58862,0.1355,-0.89172,2,-48.5,4.4025,920.75,3
91.2,0.51826,0.12402,-0.94873,3,-61,0.80381,921.25,3
91.45,0.51826,0.12402,-0.94873,2,-47.5,4.6618,920.25,3
91.525,0.49481,0.14698,-0.93733,2,-52.5,5.9672,923.75,3
91.7,0.49481,0.14698,-0.93733,3,-63,2.4375,923.75,3
91.95,0.65897,0.11254,-0.86891,3,-65,4.7922,925.25,3
92.2,0.65897,0.11254,-0.86891,3,-63,5.869,923.25,3
92.45,0.54171,0.14698,-0.91452,2,-51.5,3.3027,922.75,3
92.7,0.56517,0.15847,-0.91452,2,-50,3.792,921.75,3
92.95,0.68242,0.10105,-0.85751,2,-50,0.66421,921.75,3
93.025,0.68242,0.10105,-0.85751,3,-64,5.2815,924.25,3
93.2,0.57689,0.14698,-0.90312,3,-60,4.2323,920.75,3
93.45,0.57689,0.14698,-0.90312,2,-48.5,4.358,920.75,3
93.525,0.61207,0.14698,-0.91452,2,-49,4.1111,921.25,3
93.7,0.49481,0.12402,-0.93733,2,-47.5,4.6495,920.25,3
93.775,0.65897,0.11254,-0.88031,3,-59.5,4.5513,920.25,3
93.95,0.65897,0.11254,-0.88031,3,-63,5.5607,923.75,3
94.2,0.65897,0.11254,-0.88031,2,-50.5,0.41878,922.25,3
94.45,0.61207,0.12402,-0.91452,3,-65.5,1.6475,925.25,3
94.7,0.61207,0.12402,-0.91452,2,-52,6.2188,923.25,3
95.2,0.7176,0.078086,-0.8347,2,-50,3.792,921.75,3
95.45,0.60034,0.14698,-0.91452,2,-53,2.6231,924.25,3
95.7,0.60034,0.14698,-0.91452,3,-66,4.5283,925.75,3
95.95,0.52999,0.14698,-0.92593,2,-49.5,4.0973,921.25,3
96.025,0.52999,0.14698,-0.92593,2,-49.5,4.0988,921.25,3
96.2,0.50654,0.16995,-0.91452,3,-60.5,0.93573,921.25,3
96.275,0.50654,0.16995,-0.91452,2,-48,4.7293,920.25,3
96.45,0.52999,0.14698,-0.91452,2,-52.5,6.0684,923.75,3
96.7,0.55344,0.14698,-0.90312,2,-49.5,3.7107,922.25,3
96.775,0.55344,0.14698,-0.90312,2,-49,3.7813,922.25,3
96.825,0.50654,0.078086,-0.93733,2,-51.5,2.3792,925.25,3
96.95,0.50654,0.078086,-0.93733,3,-62,2.0095,925.25,3
97.2,0.54171,0.11254,-0.90312,2,-50.5,3.7368,922.75,3
97.45,0.37756,0.18143,-0.99434,3,-64,1.4082,924.75,3
97.7,0.37756,0.18143,-0.99434,3,-60,0.32367,921.75,3
97.775,0.38928,0.26182,-0.97154,2,-51,2.6108,924.25,3
97.95,0.43619,0.19292,-0.94873,3,-63,1.1121,925.75,3
98.45,0.68242,0.19292,-0.89172,3,-58,0.84983,921.25,3
98.7,0.31893,0.2733,-1.0172,3,-58,4.4286,920.25,3
98.95,0.31893,0.2733,-1.0172,2,-51,2.5817,923.75,3
99.2,0.28376,0.25033,-1.0057,2,-49.5,0.17334,922.25,3
99.45,0.63552,0.1355,-0.90312,3,-60.5,5.5822,923.25,3
99.7,0.63552,0.1355,-0.90312,3,-60,5.9979,922.75,3
100.2,0.20168,0.3422,-1.0286,2,-53.5,6.1681,921.75,3
101.7,0.17823,0.89339,-0.61804,3,-67.5,4.0144,925.25,1
102.45,0.57689,0.87042,-0.19613,3,-59,1.7595,921.75,1
102.7,0.57689,0.84746,-0.03649,3,-59.5,0.52462,924.25,1
102.95,0.57689,0.84746,-0.03649,3,-61.5,0.052155,925.75,1
103.45,0.44791,0.91636,0.077541,1,-65.5,0.029146,920.25,1
104.7,0.50654,0.91636,-0.025087,3,-59.5,0.73784,924.75,1
106.7,0.68242,0.82449,0.020525,3,-60,5.1542,923.25,1
108.2,0.45964,0.96229,-0.070699,2,-61,1.8101,920.75,1
108.45,0.56517,0.90487,-0.025087,2,-60,1.6322,920.25,1
109.2,0.50654,0.89339,0.0091224,3,-60.5,0.60439,925.25,1
110.95,0.55344,0.90487,-0.013684,3,-59,1.2947,923.75,1
112.45,0.57689,0.88191,-0.013684,3,-59.5,0.94953,924.25,1
113.45,0.54171,0.90487,-0.013684,1,-70.5,0.78847,923.75,1
113.7,0.54171,0.90487,-0.013684,2,-61.5,0.21629,922.25,1
114.7,0.7176,0.83597,0.054735,1,-66,5.1434,921.75,1
118.95,0.54171,0.90487,-0.013684,2,-62.5,5.9672,922.75,1
119.45,0.54171,0.90487,-0.013684,3,-60,0.58905,924.75,1
120.7,0.45964,0.93932,-0.047893,3,-59,1.4128,923.75,1
120.95,0.45964,0.93932,-0.047893,1,-69,2.4866,922.25,1
121.45,0.45964,0.93932,-0.047893,1,-69,1.6582,923.25,1
122.7,0.57689,0.89339,-0.0022806,1,-65,5.6404,921.25,1
126.2,0.56517,0.90487,-0.0022806,1,-69,1.2548,923.25,1
126.95,0.42446,0.97377,-0.070699,3,-60,0.8575,924.25,1
127.45,0.42446,0.97377,-0.070699,1,-65,5.958,920.75,1
127.95,0.54171,0.91636,-0.013684,1,-65,0.17334,920.25,1
129.2,0.47136,0.96229,-0.047893,2,-64,1.6475,924.75,1
130.95,0.41273,0.96229,-0.070699,3,-61,0.35435,925.25,1
131.95,0.49481,0.92784,-0.03649,3,-59.5,0.84983,924.25,1
132.2,0.49481,0.92784,-0.03649,3,-61.5,0.088971,925.75,1
132.95,0.57689,0.89339,-0.0022806,2,-62.5,1.3714,920.25,1
133.2,0.57689,0.89339,-0.0022806,1,-66.5,1.7932,922.25,1
134.45,0.48309,0.93932,-0.059296,3,-61.5,0.056757,925.75,1
136.45,0.50654,0.92784,-0.03649,3,-60.5,0.53689,924.75,1
136.95,0.63552,0.87042,0.031928,3,-59.5,0.7992,924.25,1
137.95,0.47136,0.95081,-0.047893,1,-66.5,4.9133,922.25,1
141.2,0.48309,0.93932,-0.047893,3,-60,0.46786,924.75,1
145.7,0.47136,0.95081,-0.059296,3,-59,1.2057,923.25,1
146.45,0.55344,0.91636,-0.013684,3,-59.5,0.7133,924.25,1
148.2,0.7176,0.82449,0.066138,1,-68.5,1.1397,923.25,1
148.45,0.7176,0.82449,0.066138,3,-60,0.40037,924.75,1
149.95,0.41273,0.95081,-0.070699,3,-59.5,0.94186,923.75,1
150.7,0.57689,0.90487,-0.0022806,1,-68.5,1.1858,923.25,1
151.45,0.57689,0.90487,-0.0022806,3,-60,0.69029,924.25,1
152.45,0.62379,0.88191,0.020525,1,-70,0.81454,923.75,1
153.45,0.57689,0.88191,-0.013684,3,-60,0.46633,924.75,1
153.95,0.57689,0.88191,-0.013684,3,-59.5,0.66575,924.25,1
154.7,0.50654,0.93932,-0.047893,1,-70,0.82682,923.75,1
156.2,0.44791,0.95081,-0.070699,3,-59.5,0.64427,924.25,1
157.2,0.62379,0.87042,0.020525,1,-63.5,3.341,920.25,1
158.2,0.51826,0.92784,-0.025087,3,-60.5,0.39577,924.75,1
158.7,0.51826,0.92784,-0.025087,3,-59.5,0.62893,924.25,1
161.2,0.50654,0.93932,-0.03649,3,-59.5,0.62433,924.25,1
162.45,0.55344,0.90487,-0.013684,1,-66.5,1.7671,922.25,1
164.2,0.51826,0.92784,-0.025087,1,-65,5.5898,921.25,1
165.2,0.48309,0.92784,-0.03649,3,-59,1.2072,923.25,1
166.45,0.51826,0.91636,-0.025087,1,-65,5.9703,920.75,1
166.95,0.60034,0.89339,0.0091224,3,-59.5,0.90198,923.75,1
168.45,0.72932,0.84746,0.054735,3,-59.5,0.59825,924.25,1
169.45,0.41273,0.96229,-0.082102,3,-59,0.91272,923.75,1
169.95,0.41273,0.96229,-0.082102,3,-61,0.10891,925.25,1
170.95,0.56517,0.89339,-0.013684,3,-59.5,0.61973,924.25,1
172.7,0.51826,0.93932,-0.025087,2,-61.5,6.0684,922.75,1
173.23,0.62379,0.87042,-0.0022806,2,-60.5,0.51388,921.75,1
174.2,0.82312,0.72114,0.043332,1,-69.5,5.7509,923.75,1
174.7,0.82312,0.72114,0.043332,3,-58.5,0.76392,922.25,1
176.45,0.82312,0.72114,0.043332,2,-60,5.2278,920.25,4
176.95,0.82312,0.72114,0.043332,3,-58.5,1.3023,922.25,4
177.2,0.47136,0.81301,-0.059296,1,-66,6.1758,923.25,4
178.7,0.65897,0.89339,0.054735,1,-66.5,5.7877,920.75,4
182.2,0.42446,0.91636,0.077541,1,-50.5,3.7306,923.25,4
182.45,0.30721,0.97377,0.16876,1,-49,0.28992,922.75,4
182.95,0.34238,0.92784,-0.0022806,1,-51.5,1.8147,921.75,4
183.2,0.10787,1.0886,-0.17333,1,-59,5.6236,925.75,4
322.2,0.44791,0.81301,-0.52682,2,-58.5,0.44639,925.75,1
322.7,0.72932,0.35368,-0.8233,3,-58.5,5.3766,921.25,1
322.95,0.72932,0.35368,-0.8233,2,-50,2.7688,920.25,1
323.05,0.56517,0.38813,-0.86891,2,-51,1.017,923.75,1
323.08,0.56517,0.38813,-0.86891,3,-59.5,1.4005,923.75,1
323.2,0.56517,0.38813,-0.86891,3,-60,1.827,923.75,1
323.45,0.60034,0.57186,-0.78909,2,-52,1.4864,925.25,1
323.7,0.62379,0.62928,-0.73207,2,-51.5,2.9008,923.25,1
324.2,0.69414,0.66373,-0.52682,2,-50.5,0.3252,921.75,1
324.45,0.56517,0.53741,-0.64085,2,-52,2.0018,924.25,1
324.7,0.56517,0.53741,-0.64085,3,-61,1.3023,920.75,1
325.2,0.48309,0.66373,-0.73207,2,-51,0.13039,921.25,1
325.45,0.50654,0.59483,-0.72067,2,-51.5,2.1016,923.75,1
325.7,0.48309,0.69818,-0.51542,2,-51,2.4237,922.25,1
326.2,0.67069,0.67521,-0.59524,2,-52,0.033748,923.25,1
326.45,0.75277,-0.082679,-0.66366,3,-60,1.8669,924.75,3
326.7,0.75277,-0.082679,-0.66366,2,-48,3.4576,921.75,3
326.95,0.45964,0.3422,-0.91452,2,-49.5,2.2994,924.25,3
327.2,0.68242,0.22737,-0.8461,2,-51.5,1.6015,925.75,3
327.28,0.29548,0.39961,-0.98294,2,-48.5,0.47247,920.75,3
327.45,0.18995,0.48,-1.0742,2,-49,3.229,921.25,3
327.53,0.18995,0.48,-1.0742,3,-60.5,4.9793,921.25,3
327.7,0.29548,0.42258,-1.0172,2,-48.5,3.9761,920.25,3
327.75,0.29548,0.42258,-1.0172,3,-59.5,5.3337,920.25,3
327.95,0.34238,0.39961,-0.98294,3,-61.5,6.0178,923.75,3
331.75,0.34238,0.39961,-0.98294,2,-50,6.1098,922.25,3
331.83,0.41273,0.39961,-0.93733,2,-50,6.119,922.25,3
331.88,0.48309,0.35368,-0.96014,3,-60.5,6.2387,923.25,3
331.9,0.48309,0.35368,-0.96014,3,-60,0.2255,922.75,3
331.95,0.27203,0.39961,-0.99434,3,-62,5.2662,924.75,3
331.98,0.27203,0.39961,-0.99434,2,-50.5,6.2617,921.75,3
332.03,0.23685,0.38813,-0.99434,3,-62.5,5.7693,924.25,3
332.08,0.23685,0.38813,-0.99434,3,-64.5,4.8152,925.75,3
332.1,0.23685,0.38813,-0.99434,3,-59,4.7461,920.75,3
332.15,0.23685,0.38813,-0.99434,2,-50.5,3.4775,920.75,3
332.2,0.2603,0.39961,-0.98294,3,-59.5,1.221,921.25,3
332.23,0.2603,0.39961,-0.98294,3,-59.5,1.1796,921.25,3
332.28,0.2603,0.39961,-0.98294,3,-59.5,1.7441,920.25,3
332.33,0.2603,0.39961,-0.98294,3,-59.5,1.6705,920.25,3
332.35,0.2603,0.39961,-0.98294,3,-61,5.6819,923.75,3
332.4,0.2603,0.39961,-0.98294,2,-52,2.4666,922.25,3
332.45,0.18995,0.39961,-0.98294,3,-62.5,4.8366,925.25,3
332.48,0.22513,0.42258,-0.99434,3,-60.5,0.12272,922.75,3
332.53,0.22513,0.42258,-0.99434,3,-60.5,0.12118,922.75,3
332.58,0.28376,0.42258,-0.99434,2,-51.5,2.7044,921.75,3
332.6,0.28376,0.42258,-0.99434,3,-60,0.77313,921.75,3
332.65,0.27203,0.46851,-0.96014,3,-64,1.3376,925.75,3
332.7,0.27203,0.46851,-0.96014,2,-51,6.0761,920.75,3
332.73,0.060972,0.49148,-1.0057,3,-59.5,4.4884,920.75,3
332.78,0.060972,0.49148,-1.0057,3,-59.5,1.1183,921.25,3
332.83,0.060972,0.49148,-1.0057,3,-59,1.7994,920.25,3
332.85,0.060972,0.49148,-1.0057,3,-59.5,1.7794,920.25,3
332.95,0.20168,0.39961,-1.0172,2,-51.5,2.2534,922.25,3
333.45,0.24858,0.42258,-0.98294,3,-61,6.027,923.25,3
333.7,0.24858,0.42258,-0.98294,3,-60.5,0.033748,922.75,3
333.95,0.17823,0.44555,-1.0286,2,-50.5,2.5219,921.75,3
334.03,0.17823,0.44555,-1.0286,2,-50.5,2.5341,921.75,3
334.2,0.20168,0.36516,-0.99434,3,-61.5,5.3873,924.25,3
334.45,0.20168,0.36516,-0.99434,2,-50.5,6.1298,920.75,3
334.7,0.18995,0.42258,-1.0286,2,-50.5,2.9897,920.75,3
334.95,0.34238,0.37665,-0.97154,2,-50.5,2.7259,921.25,3
335.2,0.30721,0.38813,-0.98294,3,-61,5.6573,923.75,3
335.45,0.30721,0.38813,-0.98294,2,-51.5,2.2258,922.25,3
335.7,0.2603,0.39961,-0.99434,3,-62,4.7845,925.25,3
335.95,0.35411,0.36516,-0.93733,2,-51.5,2.0095,922.75,3
336.2,0.36583,0.36516,-0.96014,3,-61.5,5.0345,924.75,3
336.45,0.36583,0.36516,-0.96014,2,-51,2.4804,921.75,3
336.7,0.23685,0.42258,-1.0057,3,-61,5.349,924.25,3
336.95,0.23685,0.42258,-1.0057,3,-62.5,4.4762,925.75,3
337.2,0.17823,0.42258,-1.0057,2,-50.5,3.0005,920.75,3
337.45,0.20168,0.39961,-1.0057,3,-59,4.7891,920.25,3
337.7,0.20168,0.39961,-1.0057,3,-61,5.6435,923.75,3
337.95,0.33066,0.37665,-0.97154,3,-60,0.36202,922.25,3
338.45,0.35411,0.36516,-0.96014,2,-52,1.9804,922.75,3
338.7,0.48309,0.29627,-0.91452,3,-61.5,5.0514,924.75,3
338.95,0.22513,0.4111,-1.0172,3,-59.5,0.70256,921.75,3
339.2,0.28376,0.4111,-0.98294,3,-63,4.4777,925.75,3
339.45,0.28376,0.4111,-0.98294,3,-59.5,1.2824,920.75,3
339.7,0.36583,0.36516,-0.96014,2,-50.5,2.7397,921.25,3
339.95,0.36583,0.36516,-0.96014,2,-50,3.2628,920.25,3
340.2,0.22513,0.38813,-1.0172,3,-60.5,5.6374,923.75,3
340.7,0.28376,0.4111,-0.98294,3,-61,5.9411,923.25,3
340.95,0.28376,0.4111,-0.98294,3,-60,6.1911,922.75,3
341.2,0.2603,0.42258,-0.99434,3,-61.5,4.9026,924.75,3
341.45,0.37756,0.35368,-0.94873,3,-60.5,5.2677,924.25,3
341.95,0.38928,0.35368,-0.94873,2,-50.5,2.9775,920.75,3
342.2,0.30721,0.4111,-0.98294,2,-50.5,2.6983,921.25,3
342.45,0.22513,0.39961,-1.0057,3,-58.5,1.4174,920.25,3
342.7,0.22513,0.39961,-1.0057,2,-51,2.2457,922.25,3
343.2,0.23685,0.38813,-0.99434,2,-51.5,1.6966,923.25,3
343.45,0.50654,0.30775,-0.90312,2,-51.5,1.9236,922.75,3
343.53,0.50654,0.30775,-0.90312,3,-61,4.9793,924.75,3
343.7,0.50654,0.30775,-0.90312,3,-59.5,0.63967,921.75,3
344.2,0.44791,0.31923,-0.91452,2,-50,2.9284,920.75,3
344.45,0.28376,0.42258,-0.99434,3,-59.5,1.2579,920.75,3
344.7,0.28376,0.42258,-0.99434,3,-59.5,0.83449,921.25,3
345.2,0.37756,0.35368,-0.96014,3,-60,0.23623,922.25,3
345.45,0.37756,0.35368,-0.96014,3,-62,4.6955,925.25,3
345.7,0.37756,0.35368,-0.96014,2,-52,1.7181,923.25,3
345.78,0.44791,0.33072,-0.91452,3,-60,6.2326,922.75,3
345.95,0.24858,0.39961,-0.99434,3,-61.5,4.9624,924.75,3
346.2,0.24858,0.39961,-0.99434,3,-60,0.59212,921.75,3
346.45,0.24858,0.42258,-1.0057,3,-63,4.3473,925.75,3
346.7,0.24858,0.42258,-1.0057,2,-50,2.8962,920.75,3
346.95,0.22513,0.42258,-0.99434,2,-49.5,2.9038,920.75,3
347.2,0.22513,0.42258,-1.0057,2,-49,0.059825,920.25,3
347.28,0.22513,0.42258,-1.0057,2,-49,3.2091,920.25,3
347.45,0.23685,0.38813,-1.0057,2,-51.5,1.511,923.75,3
347.7,0.37756,0.36516,-0.96014,3,-61.5,4.7415,925.25,3
347.95,0.37756,0.36516,-0.96014,3,-60.5,5.9258,923.25,3
348.2,0.37756,0.36516,-0.96014,2,-51,1.9558,922.75,3
348.45,0.20168,0.39961,-1.0057,3,-61,5.0069,924.75,3
348.7,0.20168,0.39961,-1.0057,2,-50,2.4329,921.75,3
348.95,0.2134,0.39961,-1.0057,2,-52,1.2977,924.25,3
349.2,0.23685,0.39961,-1.0057,2,-49,2.9544,920.75,3
349.45,0.23685,0.39961,-0.99434,2,-49.5,2.6983,921.25,3
349.7,0.29548,0.38813,-0.99434,3,-59,4.6802,920.25,3
349.95,0.29548,0.38813,-0.99434,2,-51.5,1.5186,923.75,3
350.2,0.42446,0.3422,-0.93733,3,-59.5,0.28225,922.25,3
350.45,0.42446,0.3422,-0.93733,3,-60,5.9442,923.25,3
350.7,0.22513,0.39961,-1.0057,2,-50.5,1.9758,922.75,3
350.95,0.28376,0.39961,-0.98294,2,-50,2.4436,921.75,3
351.2,0.24858,0.39961,-1.0057,3,-59.5,0.62433,921.75,3
351.28,0.24858,0.39961,-1.0057,3,-60.5,5.3183,924.25,3
351.45,0.24858,0.39961,-1.0057,3,-63,4.4071,925.75,3
351.7,0.27203,0.4111,-0.99434,3,-59.5,4.3795,920.75,3
351.95,0.27203,0.4111,-0.99434,3,-59.5,0.96181,921.25,3
352.03,0.22513,0.39961,-1.0172,3,-59,1.5739,920.25,3
352.2,0.22513,0.39961,-1.0172,3,-61,5.5714,923.75,3
352.45,0.22513,0.39961,-1.0172,2,-52.5,1.4297,923.75,3
352.7,0.24858,0.38813,-1.0057,3,-62.5,4.7139,925.25,3
352.95,0.24858,0.38813,-1.0057,3,-61,5.9426,923.25,3
353.2,0.2603,0.39961,-1.0057,3,-60.5,0.02301,922.75,3
353.45,0.49481,0.29627,-0.90312,2,-50.5,2.37,921.75,3
353.53,0.49481,0.29627,-0.90312,3,-60,0.65961,921.75,3
353.7,0.27203,0.39961,-0.99434,3,-61,5.3014,924.25,3
354.2,0.30721,0.39961,-0.98294,2,-50,2.9038,920.75,3
354.45,0.40101,0.36516,-0.94873,3,-59.5,0.92499,921.25,3
354.53,0.23685,0.39961,-0.99434,2,-49.5,0.044485,920.25,3
354.7,0.38928,0.35368,-0.96014,2,-52,1.468,923.75,3
354.95,0.38928,0.35368,-0.96014,3,-60,0.30219,922.25,3
355.2,0.23685,0.39961,-0.99434,2,-52,1.669,923.25,3
355.45,0.23685,0.39961,-0.99434,2,-51.5,1.9083,922.75,3
355.7,0.23685,0.4111,-1.0172,3,-61.5,5.0161,924.75,3
355.95,0.23685,0.4111,-1.0172,3,-60,0.62893,921.75,3
356.2,0.22513,0.39961,-1.0057,2,-53,1.2303,924.25,3
356.45,0.2603,0.39961,-1.0057,3,-59,1.2195,920.75,3
356.7,0.40101,0.3422,-0.94873,3,-59.5,0.92652,921.25,3
356.95,0.40101,0.3422,-0.94873,2,-49,0.018408,920.25,3
357,0.23685,0.39961,-1.0057,2,-49,0.013806,920.25,3
357.05,0.23685,0.39961,-1.0057,2,-49,0.026078,920.25,3
357.1,0.23685,0.39961,-1.0057,2,-52,1.4818,923.75,3
357.2,0.43619,0.33072,-0.92593,2,-50.5,2.1353,922.25,3
357.45,0.24858,0.39961,-0.99434,3,-60,0.24697,922.25,3
357.7,0.24858,0.39961,-0.99434,3,-62.5,1.5263,925.25,3
357.95,0.24858,0.39961,-0.99434,2,-51,1.9098,922.75,3
358.2,0.2603,0.39961,-1.0057,3,-61.5,4.9686,924.75,3
358.45,0.2603,0.39961,-1.0057,3,-59.5,0.57524,921.75,3
358.95,0.33066,0.39961,-0.97154,3,-59.5,4.3366,920.75,3
359.2,0.33066,0.39961,-0.97154,3,-59,0.88817,921.25,3
359.28,0.23685,0.39961,-1.0057,3,-59,4.6556,920.25,3
359.45,0.23685,0.39961,-1.0057,3,-59,4.6602,920.25,3
359.7,0.23685,0.39961,-1.0057,2,-52,1.445,923.75,3
359.95,0.31893,0.39961,-0.98294,3,-60,0.25311,922.25,3
360.2,0.31893,0.39961,-0.98294,2,-51.5,1.6613,923.25,3
360.45,0.28376,0.39961,-0.99434,2,-51.5,1.8899,922.75,3
360.7,0.37756,0.36516,-0.96014,2,-50.5,2.3731,921.75,3
360.95,0.30721,0.37665,-0.98294,2,-50.5,2.37,921.75,3
361.2,0.47136,0.30775,-0.92593,3,-61.5,5.2431,924.25,3
361.45,0.47136,0.30775,-0.92593,3,-59.5,1.1781,920.75,3
361.7,0.27203,0.39961,-0.99434,3,-59.5,0.89278,921.25,3
361.95,0.23685,0.39961,-1.0057,2,-52,1.4573,923.75,3
362.2,0.2603,0.39961,-0.99434,2,-51,2.1169,922.25,3
362.45,0.24858,0.38813,-1.0057,3,-62.5,4.6602,925.25,3
362.7,0.24858,0.38813,-1.0057,3,-60.5,5.869,923.25,3
362.95,0.2603,0.38813,-0.98294,2,-51.5,1.8745,922.75,3
363.2,0.29548,0.39961,-0.99434,2,-50.5,2.3501,921.75,3
363.45,0.37756,0.36516,-0.94873,2,-52.5,1.241,924.25,3
363.7,0.50654,0.29627,-0.89172,3,-63,4.3933,925.75,3
363.95,0.30721,0.39961,-0.98294,3,-59.5,0.8805,921.25,3
364.2,0.30721,0.39961,-0.98294,2,-50,2.6308,921.25,3
364.28,0.22513,0.38813,-1.0172,2,-49,0.021476,920.25,3
364.3,0.22513,0.38813,-1.0172,2,-49,0.032214,920.25,3
364.45,0.27203,0.39961,-0.99434,2,-52,1.468,923.75,3
364.73,0.27203,0.39961,-0.99434,2,-50.5,2.12,922.25,3
365.2,0.38928,0.35368,-0.94873,3,-60,5.8337,923.25,3
365.45,0.24858,0.39961,-0.99434,3,-61.5,4.9655,924.75,3
365.7,0.24858,0.39961,-0.99434,3,-60,0.5507,921.75,3
366.2,0.49481,0.28478,-0.91452,3,-59.5,1.2011,920.75,3
366.45,0.49481,0.28478,-0.91452,3,-59.5,1.1965,920.75,3
366.53,0.49481,0.28478,-0.91452,2,-50,2.6154,921.25,3
366.7,0.2603,0.39961,-0.99434,2,-49.5,0.041417,920.25,3
366.78,0.35411,0.38813,-0.97154,3,-61.5,2.4237,923.75,3
366.95,0.35411,0.38813,-0.97154,3,-60.5,5.5499,923.75,3
367.2,0.35411,0.38813,-0.97154,3,-60,0.24697,922.25,3
367.45,0.2603,0.39961,-0.99434,2,-51.5,1.6552,923.25,3
367.7,0.2603,0.39961,-0.99434,2,-51,1.8868,922.75,3
367.95,0.2603,0.38813,-1.0057,3,-61.5,4.9716,924.75,3
368.2,0.2603,0.38813,-1.0057,2,-50.5,2.3746,921.75,3
368.28,0.28376,0.39961,-0.98294,3,-61,5.2708,924.25,3
368.7,0.36583,0.36516,-0.96014,2,-49.5,2.9115,920.75,3
368.95,0.33066,0.38813,-0.98294,3,-59.5,0.93419,921.25,3
369.2,0.52999,0.28478,-0.89172,2,-49.5,0.036816,920.25,3
369.45,0.29548,0.38813,-1.0057,3,-61,5.5822,923.75,3
369.95,0.30721,0.39961,-0.98294,2,-51.5,1.6582,923.25,3
370.2,0.30721,0.39961,-0.99434,2,-51,1.8868,922.75,3
370.45,0.42446,0.31923,-0.93733,3,-61.5,4.898,924.75,3
371.2,0.34238,0.37665,-0.97154,2,-49.5,6.0485,920.75,3
371.45,0.31893,0.38813,-0.98294,2,-49.5,2.6308,921.25,3
371.53,0.38928,0.3422,-0.94873,3,-59,4.6019,920.25,3
371.7,0.38928,0.3422,-0.94873,2,-49.5,0.03068,920.25,3
371.95,0.2603,0.39961,-0.99434,2,-52,1.4343,923.75,3
372.2,0.35411,0.37665,-0.97154,3,-62.5,4.625,925.25,3
372.45,0.35411,0.37665,-0.97154,3,-61,5.8169,923.25,3
372.7,0.35411,0.37665,-0.97154,3,-60.5,6.1421,922.75,3
372.95,0.38928,0.37665,-0.96014,2,-50,2.3761,921.75,3
373.2,0.36583,0.35368,-0.97154,2,-53,1.221,924.25,3
373.45,0.36583,0.38813,-0.96014,3,-63.5,4.3412,925.75,3
373.7,0.36583,0.38813,-0.96014,3,-59.5,4.2875,920.75,3
373.95,0.49481,0.29627,-0.90312,3,-59,1.4757,920.25,3
374.03,0.49481,0.29627,-0.90312,2,-49,0.052155,920.25,3
374.2,0.28376,0.39961,-0.99434,3,-61,5.5193,923.75,3
374.45,0.28376,0.39961,-0.99434,3,-60,0.20862,922.25,3
374.95,0.30721,0.39961,-0.98294,2,-51.5,1.6582,923.25,3
375.45,0.56517,0.2733,-0.89172,3,-60,0.51695,921.75,3
375.7,0.56517,0.2733,-0.89172,3,-61.5,5.2155,924.25,3
375.95,0.28376,0.4111,-0.99434,3,-59,1.1459,920.75,3
376.2,0.28376,0.4111,-0.99434,2,-49.5,2.8992,920.75,3
376.28,0.29548,0.38813,-0.99434,2,-50,2.6354,921.25,3
376.45,0.34238,0.37665,-0.98294,2,-49,0.049087,920.25,3
376.53,0.34238,0.37665,-0.98294,2,-49,0.044485,920.25,3
376.58,0.22513,0.39961,-1.0057,3,-61,5.5193,923.75,3
376.7,0.22513,0.39961,-1.0057,2,-52,1.4481,923.75,3
376.95,0.2603,0.38813,-0.99434,2,-50.5,2.1368,922.25,3
377.2,0.27203,0.37665,-1.0172,2,-51.5,1.6628,923.25,3
377.45,0.22513,0.39961,-1.0172,2,-51.5,1.6628,923.25,3
377.7,0.36583,0.37665,-0.96014,3,-61.5,4.941,924.75,3
377.95,0.36583,0.37665,-0.96014,3,-60,0.58138,921.75,3
378.2,0.33066,0.4111,-0.99434,3,-63,4.3795,925.75,3
378.45,0.33066,0.4111,-0.99434,2,-49.5,6.0377,920.75,3
378.7,0.22513,0.39961,-1.0057,2,-50,2.6308,921.25,3
378.78,0.27203,0.38813,-0.99434,3,-59.5,4.625,920.25,3
378.95,0.27203,0.38813,-0.99434,3,-59,1.5079,920.25,3
379.2,0.27203,0.38813,-0.99434,3,-61,5.5545,923.75,3
379.45,0.22513,0.38813,-1.0057,3,-62.5,4.6587,925.25,3
379.7,0.22513,0.38813,-1.0057,3,-61,5.8552,923.25,3
379.95,0.22513,0.38813,-1.0057,3,-60.5,6.1973,922.75,3
380.2,0.22513,0.39961,-1.0172,3,-62,4.9425,924.75,3
380.7,0.30721,0.4111,-0.98294,2,-52.5,1.2241,924.25,3
380.95,0.35411,0.38813,-0.96014,2,-49.5,6.0439,920.75,3
381.03,0.35411,0.38813,-0.96014,2,-49.5,6.0485,920.75,3
381.08,0.23685,0.39961,-0.99434,3,-59,1.198,920.75,3
381.2,0.23685,0.39961,-0.99434,2,-50,2.6354,921.25,3
381.45,0.2134,0.37665,-1.0057,3,-61,5.5438,923.75,3
381.7,0.2134,0.37665,-1.0057,3,-61,5.5377,923.75,3
381.95,0.24858,0.39961,-1.0057,3,-62.5,4.6725,925.25,3
382.2,0.24858,0.39961,-1.0057,2,-51.5,1.6659,923.25,3
382.7,0.58862,0.2733,-0.88031,3,-59.5,0.52002,921.75,3
382.95,0.58862,0.2733,-0.88031,3,-59.5,0.5507,921.75,3
383.2,0.2603,0.4111,-0.99434,3,-63,4.4378,925.75,3
383.45,0.2603,0.4111,-0.99434,2,-49.5,6.0684,920.75,3
383.7,0.28376,0.37665,-0.99434,3,-59.5,0.8805,921.25,3
383.78,0.28376,0.37665,-0.99434,2,-49,0.003068,920.25,3
383.95,0.23685,0.38813,-1.0172,3,-61,5.5975,923.75,3
384.2,0.23685,0.38813,-1.0172,2,-50.5,2.1476,922.25,3
384.7,0.24858,0.38813,-0.99434,2,-51,1.9236,922.75,3
385.2,0.49481,0.30775,-0.91452,2,-50.5,2.459,921.75,3
385.45,0.48309,0.30775,-0.91452,3,-61,5.2723,924.25,3
385.7,0.48309,0.30775,-0.91452,2,-49.5,2.9222,920.75,3
385.95,0.24858,0.39961,-1.0057,2,-49.5,2.9238,920.75,3
386.03,0.41273,0.3422,-0.94873,2,-50,2.6001,921.25,3
386.2,0.24858,0.39961,-1.0172,3,-59.5,4.6434,920.25,3
386.45,0.24858,0.39961,-1.0172,2,-52,1.465,923.75,3
386.7,0.24858,0.39961,-0.99434,3,-59.5,0.23317,922.25,3
386.95,0.24858,0.39961,-0.99434,3,-62,4.7293,925.25,3
387.2,0.24858,0.39961,-0.99434,3,-60,5.8844,923.25,3
387.45,0.24858,0.39961,-0.99434,3,-62,4.9655,924.75,3
387.7,0.24858,0.39961,-0.99434,2,-50.5,2.3961,921.75,3
387.78,0.24858,0.39961,-1.0057,3,-61,5.2984,924.25,3
387.95,0.24858,0.39961,-1.0057,3,-62.5,1.3023,925.75,3
388.2,0.24858,0.39961,-1.0057,2,-50,6.0362,920.75,3
388.45,0.2134,0.39961,-1.0057,2,-50,2.6384,921.25,3
388.7,0.22513,0.39961,-1.0057,2,-49.5,0.052155,920.25,3
388.95,0.29548,0.4111,-0.99434,2,-52,1.4696,923.75,3
389.03,0.29548,0.4111,-0.99434,3,-59.5,0.316,922.25,3
389.2,0.29548,0.4111,-0.99434,3,-59.5,0.28839,922.25,3
389.45,0.29548,0.39961,-0.99434,3,-60.5,5.9089,923.25,3
389.7,0.29548,0.39961,-0.99434,2,-51.5,1.9221,922.75,3
389.95,0.22513,0.38813,-1.0172,3,-61.5,4.99,924.75,3
390.2,0.22513,0.38813,-1.0172,3,-59.5,0.62433,921.75,3
390.45,0.24858,0.39961,-0.99434,3,-63,1.2594,925.75,3
390.7,0.24858,0.39961,-0.99434,2,-50,2.9084,920.75,3
390.78,0.23685,0.39961,-0.99434,2,-50,2.64,921.25,3
390.95,0.30721,0.39961,-0.98294,2,-50,2.6507,921.25,3
391.2,0.36583,0.38813,-0.97154,2,-49.5,0.041417,920.25,3
391.25,0.33066,0.38813,-0.98294,3,-60,5.5944,923.75,3
391.45,0.33066,0.38813,-0.98294,2,-51,2.1491,922.25,3
391.7,0.41273,0.3422,-0.93733,2,-51,2.1445,922.25,3
391.95,0.24858,0.38813,-0.99434,3,-60,5.9166,923.25,3
392.2,0.30721,0.39961,-0.98294,2,-51,1.9313,922.75,3
392.45,0.22513,0.38813,-1.0172,2,-50.5,2.3899,921.75,3
392.7,0.24858,0.38813,-0.99434,3,-59.5,0.61359,921.75,3
392.95,0.24858,0.38813,-0.99434,3,-62.5,4.4071,925.75,3
393.2,0.23685,0.39961,-1.0057,2,-50,6.0408,920.75,3
393.45,0.31893,0.39961,-0.98294,2,-49.5,0.03835,920.25,3
393.53,0.31893,0.39961,-0.98294,2,-49.5,0.033748,920.25,3
393.7,0.22513,0.39961,-1.0057,3,-58.5,4.7032,920.25,3
393.95,0.24858,0.39961,-1.0057,2,-51,2.1445,922.25,3
394.2,0.34238,0.38813,-0.98294,3,-62,4.671,925.25,3
394.45,0.36583,0.37665,-0.96014,3,-59.5,6.2387,922.75,3
394.7,0.36583,0.37665,-0.96014,3,-59.5,6.2387,922.75,3
394.95,0.44791,0.33072,-0.93733,3,-59.5,0.60439,921.75,3
395.7,0.22513,0.38813,-1.0057,2,-50,2.9161,920.75,3
395.95,0.30721,0.39961,-0.99434,2,-50,2.6446,921.25,3
396.2,0.30721,0.38813,-1.0057,3,-60,5.5883,923.75,3
396.45,0.22513,0.38813,-1.0057,2,-51,2.1384,922.25,3
396.7,0.29548,0.38813,-1.0057,3,-62,4.7001,925.25,3
396.95,0.48309,0.30775,-0.91452,3,-59.5,6.228,922.75,3
397.2,0.54171,0.28478,-0.88031,2,-50.5,2.3869,921.75,3
397.7,0.24858,0.39961,-0.99434,2,-52.5,1.2732,924.25,3
397.95,0.24858,0.38813,-0.99434,3,-59,4.3995,920.75,3
398.2,0.24858,0.38813,-0.99434,2,-50.5,2.6338,921.25,3
398.45,0.30721,0.38813,-1.0057,3,-59,4.6878,920.25,3
398.7,0.30721,0.38813,-1.0057,2,-52.5,1.4527,923.75,3
399.2,0.49481,0.29627,-0.91452,2,-51.5,1.6904,923.25,3
399.45,0.31893,0.39961,-0.99434,3,-60,6.2356,922.75,3
399.95,0.24858,0.39961,-0.99434,3,-59.5,0.62893,921.75,3
400.45,0.33066,0.38813,-1.0057,3,-59,1.3054,920.75,3
400.53,0.33066,0.38813,-1.0057,2,-50,2.6507,921.25,3
400.7,0.43619,0.3422,-0.94873,2,-49.5,2.6553,921.25,3
400.95,0.43619,0.37665,-0.94873,2,-48.5,3.2797,920.25,3
401.2,0.54171,0.29627,-0.90312,2,-47,2.8793,922.25,3
401.45,0.42446,0.28478,-0.93733,3,-60,1.5263,922.25,3
401.7,0.42446,0.28478,-0.93733,2,-47.5,2.3899,923.25,3
401.95,0.40101,0.30775,-0.99434,2,-48,2.5924,922.75,3
402.03,0.2603,0.39961,-1.0172,2,-49.5,1.5463,924.75,3
402.2,0.35411,0.36516,-0.98294,2,-49.5,1.445,924.75,3
402.45,0.35411,0.3422,-0.94873,3,-60,5.9074,924.25,3
402.7,0.24858,0.30775,-1.0172,3,-62.5,5.0422,925.75,3
402.95,0.060972,0.35368,-1.1426,2,-46,5.938,921.25,3
403.2,0.096148,0.46851,-1.1312,2,-47,0.076699,921.25,3
404.45,0.049247,0.99674,-0.34437,3,-59,4.5759,924.75,1
404.7,0.049247,0.99674,-0.34437,2,-49.5,5.2861,921.75,1
405.7,0.74105,0.80152,0.11175,1,-66.5,1.1766,920.25,1
408.2,-0.18526,1.0771,-0.16192,1,-64.5,0.7179,923.75,1
409.7,0.52999,0.96229,0.020525,1,-68.5,4.5176,924.25,4
410.7,0.44791,0.74411,-0.18473,1,-58.5,4.4746,920.25,4
412.2,0.9052,0.83597,0.16876,1,-49.5,6.2556,921.75,4
412.28,0.9052,0.83597,0.16876,1,-50.5,5.1987,924.25,4
412.33,0.9052,0.83597,0.16876,1,-50,5.8828,924.25,4
413.45,0.36583,0.98526,-0.27595,1,-50,5.4456,922.25,4
413.7,0.23685,0.97377,0.24859,1,-49.5,0.018408,923.25,4
413.95,0.43619,0.81301,0.12315,1,-50.5,1.8178,923.25,4
415.7,0.025796,0.95081,-0.0022806,1,-59,5.4303,923.75,2
416.45,0.025796,0.95081,-0.0022806,1,-59,0.24237,923.25,2
425.2,0.50654,0.91636,-0.082102,1,-59.5,2.2105,920.25,2
444.45,0.50654,0.91636,-0.082102,1,-59.5,1.1152,921.25,2
454.2,0.43619,0.96229,-0.10491,1,-59,1.3576,921.25,2
456.7,0.43619,0.96229,-0.10491,1,-59.5,1.264,921.25,2
460.7,0.43619,0.96229,-0.10491,1,-59.5,0.90045,921.75,2
462.2,0.43619,0.96229,-0.10491,1,-59.5,0.3927,922.25,2
471.45,0.63552,0.87042,-0.025087,1,-60,1.2425,921.25,2
472.95,0.63552,0.87042,-0.025087,1,-61.5,5.2984,924.25,2
478.7,0.42446,0.95081,-0.11631,1,-59.5,1.0278,921.25,2
480.95,0.42446,0.95081,-0.11631,1,-59.5,1.0308,921.25,2
483.7,0.42446,0.95081,-0.11631,1,-61.5,5.7831,923.75,2
488.45,0.42446,0.95081,-0.11631,1,-59.5,4.8351,920.25,2
549.45,0.42446,0.95081,-0.082102,1,-62,2.2411,923.75,2
554.7,0.037521,1.0886,0.031928,1,-58.5,6.2264,923.75,4
