0,0.13132,1.0197,0.15736,3,-59.5,4.085,922.25,4
5,0.13132,1.0197,0.15736,3,-63,0.21629,923.25,1
5.25,0.43619,0.92784,-0.013684,3,-60,4.3488,922.75,1
5.5,0.36583,0.95081,0.020525,2,-58.5,0.15493,921.75,1
6,0.45964,0.92784,0.10035,2,-60.5,1.0753,925.75,1
6.25,0.44791,0.93932,0.13456,2,-58.5,0.061359,921.25,1
6.75,0.33066,0.98526,0.11175,2,-59,1.8224,923.75,1
6.825,0.33066,0.98526,0.11175,2,-59,5.7018,922.25,1
7.25,0.43619,0.93932,0.15736,3,-63.5,3.5051,923.25,1
7.75,0.43619,0.95081,0.066138,2,-59,1.5463,924.75,1
7.8,0.43619,0.95081,0.066138,2,-58,4.786,924.75,1
8,0.35411,0.93932,0.020525,3,-63,6.1405,924.25,1
8.25,0.35411,0.93932,0.020525,2,-60,1.0646,925.75,1
8.5,0.35411,0.93932,0.020525,2,-58.5,0.81454,920.75,1
8.75,0.41273,0.95081,0.10035,2,-59,0.2301,921.25,1
9,0.50654,0.92784,0.19157,2,-59.5,1.8699,923.75,1
9.25,0.50654,0.92784,0.19157,3,-63,4.3258,922.25,1
10,0.44791,0.93932,0.10035,3,-64,4.0942,922.75,1
10.75,0.68242,0.83597,0.21438,2,-59.5,1.6705,924.25,1
11.75,0.52999,0.88191,0.14596,2,-59,5.8613,922.25,1
12.5,0.47136,0.93932,0.10035,2,-59,5.6803,922.75,1
12.575,0.47136,0.93932,0.10035,2,-60.5,1.4343,924.75,1
13.075,0.36583,0.97377,0.054735,2,-60,4.7553,924.25,1
14,0.47136,0.92784,0.10035,2,-59,5.0315,923.75,1
14.5,0.55344,0.89339,0.14596,3,-65,5.9135,925.25,1
15.5,0.48309,0.92784,0.12315,2,-60,4.7691,924.25,1
15.75,0.48309,0.92784,0.12315,2,-58.5,0.42645,920.75,1
16,0.50654,0.92784,0.13456,2,-59,0.16567,921.25,1
17,0.64724,0.87042,0.21438,2,-60.5,1.0907,925.25,1
17.25,0.36583,0.96229,0.054735,2,-58.5,5.4686,922.75,1
17.75,0.38928,0.93932,0.066138,2,-58.5,5.9426,921.75,1
18.25,0.7176,0.82449,0.23718,2,-58,0.21476,920.75,1
18.5,0.40101,0.96229,0.088944,3,-62.5,4.4654,921.25,1
18.75,0.41273,0.95081,0.088944,3,-62,5.0759,920.25,1
19,0.41273,0.95081,0.088944,2,-59.5,4.941,923.75,1
19.75,0.42446,0.93932,0.066138,2,-58.5,5.3981,922.75,1
20.5,0.57689,0.84746,0.16876,3,-65.5,5.1066,925.75,1
20.75,0.57689,0.84746,0.16876,2,-58,0.16107,920.75,1
21.75,0.37756,0.93932,0.077541,2,-60,1.106,925.25,1
22,0.36583,0.95081,0.054735,3,-62.5,4.0942,922.75,1
22.25,0.36583,0.95081,0.054735,2,-58.5,5.4917,922.75,1
22.5,0.36583,0.95081,0.054735,2,-60,1.2732,924.75,1
22.575,0.36583,0.95081,0.054735,2,-59,5.9503,921.75,1
23,0.7176,0.82449,0.23718,2,-61.5,0.67188,925.75,1
23.75,0.49481,0.90487,0.12315,2,-59.5,4.898,923.75,1
24.25,0.75277,0.81301,0.23718,3,-62.5,3.7368,923.25,1
24.5,0.41273,0.96229,0.077541,3,-62.5,3.9147,922.75,1
24.75,0.41273,0.96229,0.077541,2,-60.5,1.2088,924.75,1
25,0.50654,0.91636,0.12315,2,-59.5,1.468,924.25,1
25.75,0.34238,0.96229,0.054735,2,-59,6.1789,921.25,1
26,0.34238,0.95081,0.054735,3,-62,4.8658,920.25,1
26.25,0.64724,0.84746,0.20297,2,-58.5,5.6558,922.25,1
26.5,0.64724,0.84746,0.20297,2,-59,5.6481,922.25,1
26.75,0.64724,0.84746,0.20297,2,-58.5,2.0371,923.25,1
27.25,0.60034,0.84746,0.18017,2,-58.5,5.9733,921.75,1
27.5,0.60034,0.84746,0.18017,3,-62,4.3274,921.75,1
27.75,0.60034,0.84746,0.18017,2,-59.5,1.4757,924.25,1
28,0.52999,0.88191,0.13456,2,-58.5,0.21016,920.75,1
28.325,0.34238,0.95081,0.031928,3,-62,4.8351,920.25,1
29,0.47136,0.93932,0.088944,2,-61,0.95107,925.25,1
29.25,0.47136,0.93932,0.088944,3,-63,0.36049,923.25,1
29.5,0.35411,0.97377,0.043332,2,-59,5.4426,922.75,1
30.5,0.57689,0.88191,0.13456,2,-58.5,0.30066,920.75,1
30.75,0.50654,0.93932,0.12315,2,-58.5,6.2433,921.25,1
31,0.65897,0.84746,0.19157,2,-58.5,0.5461,920.25,1
31.075,0.65897,0.84746,0.19157,2,-59,1.6966,923.75,1
31.5,0.63552,0.84746,0.18017,2,-60.5,0.90505,925.25,1
31.575,0.63552,0.84746,0.18017,2,-58.5,1.9666,923.25,1
32,0.43619,0.96229,0.066138,2,-59,5.4057,922.75,1
33.25,0.72932,0.79004,0.20297,3,-62,4.6495,921.25,1
33.5,0.49481,0.91636,0.066138,3,-62,0.081301,923.75,1
33.575,0.49481,0.91636,0.066138,2,-58.5,4.9179,923.75,1
33.825,0.37756,0.96229,0.043332,2,-60,1.129,925.25,1
34.25,0.50654,0.92784,0.077541,3,-62.5,3.9255,922.75,1
34.5,0.50654,0.92784,0.077541,2,-60,1.4358,924.75,1
34.75,0.43619,0.95081,0.0091224,2,-59,4.8735,924.25,1
35,0.43619,0.95081,0.0091224,2,-59.5,4.8827,924.25,1
35.325,0.34238,0.95081,0.0091224,3,-61,5.3244,920.75,1
35.75,0.36583,0.95081,0.0091224,3,-61,5.8598,920.25,1
35.825,0.36583,0.95081,0.0091224,3,-61,4.0466,923.75,1
36,0.54171,0.90487,0.066138,3,-60,5.0376,922.25,1
36.25,0.54171,0.90487,0.066138,3,-62,0.16107,925.25,1
36.5,0.40101,0.97377,0.0091224,2,-58.5,5.7647,923.25,1
36.75,0.36583,0.96229,0.0091224,2,-59,4.852,924.75,1
37,0.36583,0.96229,0.0091224,2,-58.5,4.8305,924.75,1
37.25,0.42446,0.97377,0.020525,2,-58.5,5.01,924.25,1
37.75,0.57689,0.89339,0.12315,2,-57.5,0.70563,920.75,1
37.875,0.57689,0.89339,0.12315,2,-57.5,0.73017,920.75,1
38.325,0.34238,0.95081,0.0091224,2,-57.5,1.0063,920.25,1
38.75,0.51826,0.91636,0.066138,2,-60,1.2441,925.25,1
39,0.57689,0.87042,0.11175,2,-58.5,5.415,923.25,1
39.25,0.57689,0.87042,0.11175,3,-62,4.0344,922.75,1
39.325,0.57689,0.87042,0.11175,2,-59.5,1.465,924.75,1
39.75,0.49481,0.91636,0.066138,2,-59.5,4.8658,924.25,1
40,0.49481,0.91636,0.066138,2,-60.5,1.017,925.75,1
40.25,0.49481,0.91636,0.066138,3,-61.5,5.2493,920.75,1
40.325,0.37756,0.95081,0.0091224,2,-58,0.49854,921.25,1
41.25,0.34238,0.95081,-0.013684,3,-63.5,5.935,925.25,1
41.5,0.42446,0.96229,0.0091224,2,-58.5,5.5223,923.25,1
41.575,0.42446,0.96229,0.0091224,2,-58.5,5.7724,922.75,1
41.75,0.42446,0.96229,0.0091224,2,-59,1.5616,924.75,1
41.825,0.42446,0.96229,0.0091224,2,-59,4.6802,924.75,1
42.25,0.77622,0.81301,0.19157,3,-62.5,0.013806,924.25,1
42.5,0.77622,0.81301,0.19157,2,-60,0.94186,925.75,1
42.575,0.77622,0.81301,0.19157,2,-58,0.59365,920.75,1
42.75,0.70587,0.83597,0.16876,2,-58,0.28992,921.25,1
43.75,0.67069,0.84746,0.14596,3,-63,2.6584,925.25,1
44.75,0.55344,0.89339,0.088944,2,-58.5,1.7733,924.25,1
45.5,0.56517,0.87042,0.10035,3,-61,5.2815,920.25,1
45.75,0.56517,0.87042,0.10035,2,-58.5,1.9558,923.75,1
46.25,0.42446,0.96229,0.020525,3,-61.5,3.7583,923.25,1
47.5,0.41273,0.96229,0.0091224,2,-57.5,0.60439,920.75,1
48,0.50654,0.90487,0.054735,2,-59,4.9839,923.75,1
48.5,0.74105,0.83597,0.16876,3,-63,3.8978,922.25,1
48.75,0.74105,0.83597,0.16876,2,-60,5.596,923.25,1
49.5,0.34238,0.95081,-0.025087,2,-61,1.9911,924.25,1
49.75,0.34238,0.95081,-0.025087,2,-62.5,1.0983,925.75,1
50,0.36583,0.96229,0.0091224,2,-59,0.88204,920.75,1
50.25,0.60034,0.85894,0.088944,2,-58.5,1.1704,920.25,1
50.5,0.60034,0.85894,0.088944,2,-58.5,4.3044,920.25,1
51,0.65897,0.83597,0.12315,2,-61,1.3376,925.25,1
51.25,0.65897,0.83597,0.12315,2,-59.5,5.5622,923.25,1
51.5,0.54171,0.89339,0.054735,3,-64,2.7719,924.75,1
51.8,0.54171,0.89339,0.054735,2,-58.5,0.28225,921.75,1
52.575,0.55344,0.89339,0.10035,2,-59,0.51542,921.25,1
52.6,0.55344,0.89339,0.10035,2,-58.5,0.52309,921.25,1
52.75,0.34238,0.96229,-0.013684,2,-58.5,1.0953,920.25,1
53.75,0.65897,0.84746,0.13456,2,-59,5.5162,923.25,1
54.25,0.40101,0.96229,0.0091224,3,-61.5,4.5912,921.75,1
54.325,0.40101,0.96229,0.0091224,2,-59.5,5.0376,924.25,1
54.5,0.40101,0.96229,0.0091224,2,-61,4.2476,925.75,1
54.75,0.40101,0.96229,0.0091224,2,-58,0.90351,920.75,1
55,0.41273,0.96229,0.020525,3,-62,4.8704,921.25,1
55.25,0.70587,0.83597,0.16876,2,-59,2.1307,923.75,1
55.5,0.70587,0.83597,0.16876,2,-59,5.2355,923.75,1
56,0.60034,0.87042,0.12315,2,-59,5.4794,923.25,1
56.5,0.7645,0.81301,0.19157,2,-58.5,0.21169,921.75,1
56.75,0.7645,0.81301,0.19157,2,-59,1.9159,924.25,1
57.325,0.44791,0.95081,0.043332,3,-61.5,5.0529,921.25,1
57.5,0.31893,0.97377,0.0091224,2,-58,1.2057,920.25,1
57.75,0.31893,0.97377,0.0091224,2,-58,1.2241,920.25,1
57.825,0.31893,0.97377,0.0091224,2,-59.5,5.3413,923.75,1
58.575,0.49481,0.92784,0.077541,2,-59,5.6512,923.25,1
58.75,0.35411,0.95081,0.0091224,2,-59.5,4.8535,924.75,1
59.25,0.38928,0.96229,0.020525,3,-64,0.072097,924.25,1
59.75,0.36583,0.97377,0.0091224,2,-58,4.1939,920.75,1
60,0.36583,0.97377,0.0091224,3,-62,4.99,921.25,1
60.075,0.37756,0.96229,0.020525,2,-58,1.2793,920.25,1
60.5,0.52999,0.89339,0.10035,2,-58.5,6.251,922.25,1
61,0.43619,0.95081,0.043332,2,-58.5,5.6128,923.25,1
61.5,0.55344,0.89339,0.10035,2,-58.5,0.24083,921.75,1
61.55,0.55344,0.89339,0.10035,2,-58.5,0.3068,921.75,1
61.75,0.55344,0.89339,0.10035,2,-59.5,5.2723,924.25,1
62.25,0.40101,0.98526,-0.03649,2,-58,4.4455,920.75,1
62.325,0.40101,0.98526,-0.03649,3,-59.5,4.4547,921.25,1
62.5,0.40101,0.98526,-0.03649,3,-58,1.5662,920.25,1
62.75,0.40101,0.98526,-0.03649,3,-58,5.2508,923.75,1
63,0.37756,0.91636,-0.34437,2,-58.5,4.6648,922.25,1
63.25,0.37756,0.91636,-0.34437,3,-58.5,5.9856,923.25,1
63.5,0.41273,0.97377,-0.27595,3,-58.5,5.9856,922.75,1
63.75,0.41273,0.97377,-0.27595,1,-68,5.6358,924.75,1
64,0.41273,0.97377,-0.27595,1,-64.5,1.5923,921.75,1
64.25,0.64724,0.79004,-0.31016,2,-60,3.6677,924.25,1
64.5,0.64724,0.79004,-0.31016,2,-60,5.9104,925.75,1
64.75,0.60034,0.65224,-0.74348,3,-61,0.24544,921.25,1
65.25,0.62379,0.64076,-0.58384,3,-58,1.7917,922.25,1
65.5,0.62379,0.64076,-0.58384,2,-57.5,5.2662,925.25,1
66,0.40101,0.67521,-0.77769,3,-60.5,0.0092039,922.75,1
66.5,0.38928,0.58334,-0.86891,3,-59.5,5.8813,921.75,1
66.75,0.38928,0.58334,-0.86891,3,-60.5,5.5929,925.75,1
67.5,0.7645,0.12402,-0.8233,2,-59,1.557,923.75,3
69.5,1.1163,0.16995,-0.447,3,-58.5,5.9457,920.75,3
69.75,1.1397,0.1355,-0.35577,3,-59.5,4.0727,920.25,3
70,1.1397,0.1355,-0.35577,3,-59.5,1.0861,923.75,3
70.075,1.1397,0.1355,-0.35577,3,-60.5,0.76392,923.75,3
70.25,1.1397,0.1355,-0.35577,3,-60.5,4.7599,922.25,3
70.75,0.96383,0.078086,-0.19613,3,-61.5,1.5156,922.75,3
72.25,1.2218,-0.094162,-0.070699,3,-64,1.7564,920.25,3
73.5,1.128,-0.082679,-0.15052,2,-59,5.2938,924.75,3
74.25,1.0928,-0.10565,-0.20754,3,-64,1.6276,920.75,3
74.5,1.0928,-0.10565,-0.20754,3,-65.5,5.0299,921.25,3
74.75,1.0928,-0.10565,-0.20754,3,-63.5,2.3547,920.25,3
75,1.0928,-0.10565,-0.20754,3,-65,1.2272,922.25,3
76.25,1.2687,-0.12861,0.0091224,3,-64,1.3484,921.75,3
77,1.128,-0.16306,-0.13912,3,-63.5,2.7274,920.25,3
78.5,1.257,-0.19751,-0.070699,3,-63.5,1.8607,921.75,3
79,1.257,-0.19751,-0.070699,3,-63,2.393,920.75,3
79.75,1.0342,-0.071196,-0.15052,3,-63,2.6354,920.25,3
80,1.0342,-0.071196,-0.15052,2,-59,2.1154,925.25,3
80.5,1.0342,-0.071196,-0.15052,3,-63.5,1.3146,922.75,3
81,1.0342,-0.071196,-0.15052,3,-64,1.7748,921.75,3
82,1.1163,-0.12861,-0.10491,3,-63,2.6354,920.25,3
82.5,1.1163,-0.12861,-0.10491,3,-64,6.1451,925.25,3
83,1.1163,-0.12861,-0.10491,3,-63.5,1.3975,922.75,3
83.5,1.1163,-0.12861,-0.10491,3,-63.5,1.8546,921.75,3
84.25,1.128,-0.12861,-0.093505,3,-63.5,2.1644,921.25,3
84.5,1.128,-0.12861,-0.093505,3,-63,2.6676,920.25,3
85.5,1.2335,-0.17454,-0.03649,3,-64,0.16414,924.75,3
86,1.2335,-0.17454,-0.03649,3,-64.5,0.50008,924.25,3
87.25,1.1514,-0.15158,-0.070699,3,-64,1.5892,922.25,3
87.75,1.1514,-0.15158,-0.070699,3,-64,1.3407,922.75,3
88.25,1.1514,-0.15158,-0.070699,3,-63.5,1.8791,921.75,3
89,0.98728,-0.071196,-0.15052,3,-64,2.1031,921.25,3
90.25,1.2335,-0.17454,-0.059296,3,-64,1.333,922.75,3
90.75,1.2335,-0.17454,-0.059296,3,-63.5,1.8807,921.75,3
91.25,1.2335,-0.17454,-0.059296,3,-63,2.3623,920.75,3
93,1.1397,-0.12861,-0.082102,2,-59,5.4472,924.75,3
93.25,1.1397,-0.12861,-0.082102,3,-64.5,1.9512,921.75,3
94,0.97555,-0.048229,-0.15052,3,-63.5,2.1552,921.25,3
94.25,0.97555,-0.048229,-0.15052,3,-64,0.8621,923.75,3
94.75,0.97555,-0.048229,-0.15052,2,-59.5,2.0494,925.25,3
95.75,1.1163,-0.14009,-0.093505,3,-64,0.55837,924.25,3
96.5,1.2804,-0.22048,-0.03649,3,-63,2.6032,920.25,3
97,1.2804,-0.22048,-0.03649,3,-64,1.5769,922.25,3
97.75,1.2804,-0.22048,-0.03649,2,-59,5.464,924.75,3
99,1.0928,-0.10565,-0.10491,3,-63.5,2.6338,920.25,3
99.5,1.0928,-0.10565,-0.10491,2,-59.5,5.2063,925.25,3
100,1.0928,-0.10565,-0.10491,3,-64,1.4205,922.75,3
100.5,1.0928,-0.10565,-0.10491,3,-63.5,1.9098,921.75,3
101.25,1.2452,-0.18603,-0.047893,3,-63.5,2.1016,921.25,3
101.75,1.2452,-0.18603,-0.047893,3,-64,1.6398,922.25,3
102.75,1.2218,-0.18603,-0.03649,3,-63.5,1.896,921.75,3
103.25,1.2218,-0.18603,-0.03649,2,-60,1.7871,925.75,3
103.75,1.2218,-0.18603,-0.03649,3,-63.5,2.1522,921.25,3
104.25,1.3156,-0.20899,-0.013684,3,-64,1.6506,922.25,3
105.25,1.3156,-0.20899,-0.013684,2,-59,5.415,924.75,3
105.33,1.3156,-0.20899,-0.013684,3,-64,1.8377,921.75,3
106.25,1.0225,-0.071196,-0.15052,3,-63.5,5.8,920.25,3
108.25,1.128,-0.12861,-0.093505,3,-64,5.5377,920.75,3
109.25,1.0225,-0.059712,-0.15052,3,-64,1.6506,922.25,3
109.75,1.0225,-0.059712,-0.15052,3,-64,1.3591,922.75,3
110.25,1.0225,-0.059712,-0.15052,3,-64,1.8776,921.75,3
110.75,1.0225,-0.059712,-0.15052,3,-64,5.4993,920.75,3
111.25,1.0225,-0.071196,-0.15052,3,-64,0.85136,923.75,3
111.75,1.0225,-0.071196,-0.15052,2,-59.5,5.1726,925.25,3
112.25,1.0225,-0.071196,-0.15052,3,-64,1.3698,922.75,3
113.5,1.1045,-0.11713,-0.093505,3,-64,2.1292,921.25,3
114.25,1.0928,-0.11713,-0.11631,2,-59.5,5.1618,925.25,3
114.75,1.0928,-0.11713,-0.11631,3,-65,0.17794,924.75,3
115.75,1.0928,-0.10565,-0.11631,3,-64,2.0525,921.25,3
116.5,1.128,-0.12861,-0.082102,3,-64.5,1.5999,922.25,3
119.75,1.0576,-0.082679,-0.12771,3,-64,1.8653,921.75,3
120.25,1.0576,-0.082679,-0.12771,3,-64.5,5.7816,925.75,3
121.25,1.128,-0.12861,-0.093505,2,-58.5,5.9442,923.75,3
121.5,1.128,-0.12861,-0.093505,3,-64,1.6429,922.25,3
122.75,1.1045,-0.10565,-0.10491,3,-64.5,5.803,925.75,3
123.5,1.339,-0.22048,-0.0022806,3,-64,0.82375,923.75,3
124.25,1.339,-0.22048,-0.0022806,3,-64,1.0677,923.25,3
125,1.0459,-0.071196,-0.12771,3,-64.5,5.8153,925.75,3
125.5,1.0459,-0.071196,-0.12771,3,-64,2.0923,921.25,3
125.75,1.0459,-0.071196,-0.12771,3,-63.5,5.7632,920.25,3
127,1.1397,-0.12861,-0.082102,3,-65,0.16107,924.75,3
127.5,1.1397,-0.12861,-0.082102,2,-59.5,5.6082,924.25,3
127.75,1.1397,-0.12861,-0.082102,3,-64,2.3547,920.75,3
128.25,1.1397,-0.12861,-0.082102,3,-63.5,2.6246,920.25,3
129,1.2218,-0.18603,-0.047893,3,-64.5,6.1574,925.25,3
129.5,1.2218,-0.18603,-0.047893,3,-64.5,0.17334,924.75,3
129.75,1.2218,-0.18603,-0.047893,3,-64.5,0.51695,924.25,3
130.25,1.2218,-0.18603,-0.047893,3,-63.5,2.3623,920.75,3
131,0.99901,-0.048229,-0.15052,3,-64.5,0.78847,923.75,3
131.5,0.99901,-0.048229,-0.15052,3,-64.5,1.0615,923.25,3
132,0.99901,-0.048229,-0.15052,2,-59,5.3904,924.75,3
132.25,0.99901,-0.048229,-0.15052,3,-64.5,1.873,921.75,3
133.75,1.128,-0.14009,-0.082102,3,-64.5,6.1405,925.25,3
134.25,1.128,-0.14009,-0.082102,3,-65,0.17334,924.75,3
134.75,1.128,-0.14009,-0.082102,3,-64.5,0.53076,924.25,3
135.25,1.128,-0.14009,-0.082102,3,-64.5,2.1506,921.25,3
136,1.0107,-0.059712,-0.13912,3,-64.5,1.6398,922.25,3
136.75,1.0107,-0.059712,-0.13912,3,-64.5,1.3361,922.75,3
137.75,1.2101,-0.16306,-0.03649,3,-64,2.143,921.25,3
138,1.2101,-0.16306,-0.03649,3,-63.5,5.7846,920.25,3
139,1.3273,-0.22048,-0.0022806,3,-64.5,0.16414,924.75,3
139.5,1.3273,-0.22048,-0.0022806,2,-59,5.6205,924.25,3
140.25,1.0576,-0.082679,-0.12771,3,-63.5,5.8291,920.25,3
140.75,1.0576,-0.082679,-0.12771,3,-64,1.695,922.25,3
142,1.1514,-0.12861,-0.082102,3,-64.5,0.51849,924.25,3
142.5,1.1514,-0.12861,-0.082102,3,-63.5,2.3669,920.75,3
142.75,1.1514,-0.12861,-0.082102,3,-64,5.2754,921.25,3
143.25,1.1514,-0.12861,-0.082102,3,-64,1.646,922.25,3
144.25,1.1983,-0.17454,-0.047893,2,-59,5.3751,924.75,3
144.33,1.1983,-0.17454,-0.047893,3,-64,1.8776,921.75,3
145,1.1983,-0.17454,-0.047893,3,-64,2.4283,920.75,3
145.75,1.0811,-0.094162,-0.10491,3,-64,1.6352,922.25,3
146.25,1.0811,-0.094162,-0.10491,3,-64,1.3637,922.75,3
147.5,1.1163,-0.10565,-0.093505,3,-64,2.1951,921.25,3
148.5,1.2101,-0.17454,-0.047893,3,-64.5,1.106,923.25,3
149,1.2101,-0.17454,-0.047893,3,-64.5,0.18561,924.75,3
150,1.2335,-0.18603,-0.03649,3,-64,2.1215,921.25,3
150.25,1.2335,-0.18603,-0.03649,3,-64.5,0.82835,923.75,3
151.25,1.2335,-0.17454,-0.03649,3,-64,1.3775,922.75,3
151.75,1.2335,-0.17454,-0.03649,2,-59,5.6711,924.25,3
152.5,1.0576,-0.094162,-0.11631,3,-64,5.7908,920.25,3
153,1.0576,-0.094162,-0.11631,3,-64,1.6368,922.25,3
153.5,1.0576,-0.094162,-0.11631,3,-64.5,1.0446,923.25,3
154,1.0576,-0.094162,-0.11631,3,-63.5,1.8408,921.75,3
154.75,1.1514,-0.12861,-0.070699,3,-65,2.0831,921.25,3
155.25,1.1514,-0.12861,-0.070699,3,-65,1.5846,922.25,3
156.5,1.1163,-0.12861,-0.10491,3,-65,0.65961,924.25,3
157.25,1.0225,-0.071196,-0.13912,3,-64.5,2.1062,921.25,3
157.5,1.0225,-0.071196,-0.13912,3,-64,0.75165,923.75,3
158.75,1.2921,-0.20899,-0.013684,2,-59,5.4104,924.75,3
159.25,1.2921,-0.20899,-0.013684,2,-58.5,5.665,924.25,3
159.75,1.2921,-0.20899,-0.025087,3,-63,2.3547,921.25,3
160,1.2921,-0.20899,-0.025087,3,-63,1.0707,923.75,3
160.5,1.2921,-0.20899,-0.025087,2,-59.5,2.0341,925.25,3
160.75,1.2921,-0.20899,-0.025087,3,-64.5,1.5923,922.75,3
162.25,1.1632,-0.14009,-0.070699,3,-63.5,6.0669,920.25,3
163,1.1632,-0.14009,-0.070699,2,-59,5.1925,925.25,3
163.75,1.1749,-0.14009,-0.059296,3,-64.5,5.2171,921.75,3
164.25,1.1749,-0.14009,-0.059296,3,-65,5.7693,920.75,3
165.28,1.257,-0.20899,-0.03649,3,-65,6.251,925.25,3
166.25,1.3508,-0.22048,0.0091224,3,-64.5,1.83,921.75,3
166.75,1.3508,-0.22048,0.0091224,3,-64.5,5.4564,920.75,3
168,1.0928,-0.14009,-0.10491,3,-67,1.0738,923.25,3
168.5,1.0928,-0.14009,-0.10491,3,-65,4.9502,921.75,3
170,0.99901,-0.059712,-0.13912,3,-66,1.6015,922.25,3
170.75,0.99901,-0.059712,-0.13912,3,-67.5,6.1789,924.75,3
171.5,0.99901,-0.059712,-0.13912,3,-66,2.2534,920.75,3
172,0.99901,-0.059712,-0.13912,3,-68.5,5.731,920.25,3
173.5,1.0811,-0.14009,-0.10491,3,-65.5,1.7518,921.75,3
174.75,1.2101,-0.19751,-0.059296,3,-66,0.72557,923.75,3
175.25,1.2101,-0.19751,-0.059296,3,-66.5,1.1658,923.25,3
176.5,1.2687,-0.19751,-0.025087,3,-66.5,5.2861,920.75,3
177,1.2687,-0.19751,-0.025087,3,-66,6.1574,920.25,3
178.25,1.1163,-0.12861,-0.059296,3,-66.5,0.20402,924.75,3
180,1.0107,-0.059712,-0.13912,3,-65,6.2188,925.25,3
180.5,1.0107,-0.059712,-0.13912,3,-65.5,1.4527,922.75,3
181.75,1.1163,-0.14009,-0.070699,3,-65,2.5617,920.25,3
183,1.128,-0.14009,-0.059296,2,-58.5,5.3873,924.75,3
183.5,1.128,-0.14009,-0.059296,2,-59.5,4.8735,925.75,3
184,1.128,-0.14009,-0.059296,3,-65.5,2.2872,920.75,3
184.5,1.0928,-0.094162,-0.082102,3,-65.5,1.5923,922.25,3
185.25,1.0928,-0.094162,-0.082102,3,-65,4.5513,922.75,3
186.75,1.3156,-0.22048,-0.025087,3,-65.5,2.4866,920.25,3
187.25,1.3156,-0.22048,-0.025087,3,-65.5,6.1344,925.25,3
187.75,1.3156,-0.22048,-0.025087,3,-66,1.2732,922.75,3
188.75,1.2335,-0.19751,-0.025087,3,-65.5,2.0402,921.25,3
189,1.2335,-0.19751,-0.025087,3,-65,5.6435,920.25,3
189.5,1.2335,-0.19751,-0.025087,3,-66,1.5892,922.25,3
190.75,1.2452,-0.036746,-0.047893,3,-60,0.099709,925.75,3
191,1.2452,-0.036746,-0.047893,2,-56.5,0.78847,920.75,3
191.25,1.2452,-0.036746,-0.047893,2,-56.5,1.534,921.25,3
191.75,1.2452,-0.036746,-0.047893,2,-58.5,0.50008,923.75,3
191.83,1.2452,-0.036746,-0.047893,3,-59.5,0.21016,922.25,3
192,1.2452,-0.036746,-0.047893,3,-59.5,5.4226,925.25,3
193,0.1665,0.61779,-0.8233,2,-60.5,5.4334,924.25,1
193.75,0.1665,0.61779,-0.8233,2,-61,4.6786,920.75,1
203.75,-0.30252,0.83597,-0.37858,3,-71,3.8871,920.25,1
242.5,-0.30252,0.83597,-0.37858,2,-65.5,0.7992,920.25,1
379.25,0.55344,0.90487,-0.025087,3,-61,5.688,923.75,1
379.5,0.55344,0.90487,-0.025087,1,-67.5,4.7507,922.25,1
380.58,0.48309,0.85894,-0.40139,3,-59.5,6.274,921.75,1
380.75,0.48309,0.85894,-0.40139,2,-59,5.9779,925.75,1
381.5,0.60034,0.49148,-0.76628,3,-58.5,0.91272,920.25,1
381.75,0.60034,0.49148,-0.76628,3,-61.5,1.6935,923.75,1
382.25,0.67069,0.49148,-0.78909,3,-59,0.82682,923.25,1
384.25,1.0107,0.28478,-0.50401,3,-60,0.59825,923.75,3
384.33,1.0107,0.28478,-0.50401,3,-59.5,1.8024,922.25,3
384.75,0.69414,0.36516,-0.52682,3,-63,1.6628,923.25,3
385.25,1.1632,0.12402,-0.23034,3,-60.5,0.049087,924.75,3
385.33,1.1632,0.12402,-0.23034,2,-51.5,1.5923,921.75,3
385.5,1.1632,0.12402,-0.23034,3,-59.5,1.9666,921.75,3
386.25,0.9521,0.032153,-0.10491,3,-64.5,4.8014,921.25,3
386.75,1.1749,-0.10565,-0.013684,3,-67,1.2195,922.25,3
387,1.1749,-0.10565,-0.013684,3,-67.5,5.9963,925.25,3
387.75,1.1045,-0.14009,0.043332,3,-66,4.8888,921.75,3
388.5,1.3508,-0.22048,0.031928,3,-66.5,5.2125,921.25,3
390.25,1.3156,-0.16306,0.020525,3,-66,4.9087,921.75,3
391.25,1.2335,-0.12861,-0.025087,3,-66.5,5.3352,920.25,3
391.5,1.2335,-0.12861,-0.025087,3,-69,4.4654,922.25,3
392.25,1.2335,-0.12861,-0.025087,3,-68.5,4.5866,922.75,3
393.75,0.96383,-0.01378,-0.12771,3,-68.5,5.6742,920.25,3
394.5,1.0107,-0.01378,-0.11631,3,-67.5,4.3703,923.25,3
395.5,1.3508,-0.19751,0.043332,3,-66.5,2.7673,925.75,3
396.25,0.96383,-0.025263,-0.11631,3,-67.5,4.0973,923.75,3
397.25,1.2921,-0.17454,0.031928,3,-68.5,4.6449,922.75,3
397.75,1.2921,-0.17454,0.031928,3,-67.5,3.7583,924.25,3
399.5,1.1397,-0.094162,-0.047893,3,-69.5,4.6878,922.75,3
400,1.1397,-0.094162,-0.047893,3,-69.5,5.125,921.75,3
401,1.3625,-0.18603,0.043332,3,-67,4.0804,923.75,3
401.5,1.3625,-0.18603,0.043332,3,-67,6.2126,925.25,3
402,1.3625,-0.18603,0.043332,3,-68,4.7308,922.75,3
402.75,1.1514,-0.12861,-0.025087,3,-67.5,0.66268,924.25,3
404,1.1514,-0.11713,-0.03649,3,-67,6.1957,925.25,3
405.25,1.3859,-0.19751,0.054735,2,-58.5,4.8504,925.75,3
406.75,1.0811,-0.059712,-0.082102,3,-69,4.6449,922.75,3
407.75,1.1163,-0.082679,-0.047893,2,-58.5,4.8428,925.75,3
409.25,1.128,-0.10565,-0.047893,3,-68.5,4.6219,922.75,3
410.75,0.98728,-0.025263,-0.10491,3,-68,0.92959,923.75,3
411.25,0.98728,-0.025263,-0.10491,3,-68.5,4.9256,922.25,3
415,1.2921,-0.15158,0.031928,2,-58.5,1.7411,925.75,3
416.75,1.1045,-0.082679,-0.047893,3,-68.5,4.8121,922.75,3
418.5,0.98728,-0.025263,-0.10491,3,-69.5,1.9865,922.25,3
419.5,1.128,-0.10565,-0.025087,3,-68,5.148,921.75,3
420,1.128,-0.10565,-0.025087,3,-69,5.0269,920.75,3
420.75,1.2687,-0.16306,0.020525,3,-68.5,0.78693,923.75,3
421.5,1.1163,-0.082679,-0.047893,3,-67.5,4.7615,922.75,3
423.25,1.3742,-0.20899,0.077541,3,-68.5,1.0247,923.75,3
423.5,1.3742,-0.20899,0.077541,3,-67.5,4.1924,922.25,3
424.5,1.0576,0.15847,-0.19613,2,-52,0.42951,921.75,3
424.58,1.0576,0.15847,-0.19613,3,-65,4.5206,921.75,3
425,1.0576,0.18143,-0.20754,3,-63.5,1.8208,920.75,3
425.25,1.0576,0.18143,-0.20754,2,-51.5,0.77313,921.25,3
425.35,1.0576,0.18143,-0.20754,3,-64,1.5463,921.25,3
425.38,1.0576,0.18143,-0.20754,3,-63.5,2.0479,920.25,3
425.75,1.1045,0.10105,-0.15052,3,-65.5,1.0723,922.25,3
426,1.1045,0.10105,-0.15052,3,-66,3.8426,923.25,3
426.5,1.1045,0.10105,-0.15052,3,-66,1.0232,922.75,3
427,1.0811,0.032153,-0.093505,3,-66.5,3.4192,924.25,3
427.5,1.0811,0.032153,-0.093505,3,-66.5,5.1005,920.75,3
427.75,1.2804,-0.094162,-0.013684,3,-66.5,5.78,920.25,3
428.25,1.2804,-0.094162,-0.013684,3,-66.5,4.8965,922.25,3
428.75,1.2452,-0.12861,-0.0022806,3,-66.5,4.7032,922.75,3
429.25,1.2452,-0.12861,-0.0022806,3,-67.5,5.0944,921.75,3
429.75,1.2452,-0.12861,-0.0022806,3,-66,5.8414,925.75,3
430.5,0.9521,-0.01378,-0.13912,3,-66.5,0.84522,923.75,3
431.25,1.128,-0.082679,-0.03649,3,-67.5,4.625,922.75,3
432.75,0.99901,-0.01378,-0.093505,3,-67,6.0255,920.25,3
433,0.99901,-0.01378,-0.093505,3,-66,5.1174,922.25,3
433.5,0.99901,-0.01378,-0.093505,3,-66,4.4716,923.25,3
434,1.1397,-0.094162,-0.059296,3,-67,5.3843,921.75,3
435,0.94038,-0.025263,-0.13912,3,-67,5.6374,921.25,3
435.5,1.2218,-0.15158,-0.013684,3,-65.5,1.8101,922.25,3
436.25,1.1749,-0.10565,-0.0022806,3,-65,0.78386,922.75,3
436.5,1.1749,-0.10565,-0.0022806,3,-63,1.7227,921.75,3
436.75,1.1749,-0.10565,-0.0022806,3,-64.5,0.57984,924.25,3
439.25,0.97555,0.055119,-0.11631,3,-66.5,2.8225,925.75,3
439.75,0.97555,0.055119,-0.11631,3,-62,2.3501,921.25,3
440.5,1.2101,-0.12861,-0.025087,3,-65,4.7078,922.25,3
442,1.3039,0.032153,-0.12771,3,-65,6.2586,920.75,3
442.75,0.98728,-0.036746,-0.16192,3,-62,1.4251,923.75,3
443,0.98728,-0.036746,-0.16192,3,-62.5,0.4694,925.25,3
443.5,0.98728,-0.036746,-0.16192,3,-61,1.8101,922.75,3
443.75,0.98728,-0.036746,-0.16192,3,-64,0.52922,924.75,3
444.5,1.3273,-0.19751,-0.013684,3,-63.5,0.20862,920.75,3
445,0.9521,-0.048229,-0.16192,3,-60.5,1.3821,923.75,3
445.25,0.9521,-0.048229,-0.16192,3,-61,2.3792,922.25,3
446.25,0.97555,-0.048229,-0.15052,3,-61,0.67188,924.75,3
446.5,1.2335,-0.17454,-0.013684,3,-61.5,6.2157,925.75,3
446.75,1.2335,-0.17454,-0.013684,3,-62.5,3.3579,920.75,3
447,1.2335,-0.17454,-0.013684,3,-62,6.1574,921.25,3
447.25,1.2335,-0.17454,-0.013684,3,-63,0.51849,920.25,3
448.5,1.257,-0.18603,-0.013684,3,-61,0.69796,924.75,3
449,1.0811,-0.082679,-0.093505,3,-60.5,1.0063,924.25,3
449.25,1.0811,-0.082679,-0.093505,3,-62,0.14266,920.75,3
449.75,1.0928,-0.094162,-0.10491,3,-62.5,3.5558,920.25,3
450,1.0928,-0.094162,-0.10491,3,-60.5,1.3116,923.75,3
450.08,1.0928,-0.094162,-0.10491,3,-61,5.4349,922.25,3
450.5,1.0928,-0.094162,-0.10491,3,-61,0.29299,925.25,3
450.75,1.1514,-0.12861,-0.070699,3,-60.5,2.0325,922.75,3
451,1.1514,-0.12861,-0.070699,3,-61.5,5.8138,921.75,3
451.25,1.1514,-0.12861,-0.070699,3,-60.5,1.0048,924.25,3
451.75,0.99901,-0.036746,-0.15052,3,-62,0.12579,920.75,3
452.25,0.99901,-0.025263,-0.15052,3,-60.5,1.3208,923.75,3
452.75,0.99901,-0.025263,-0.15052,3,-61,5.4502,922.25,3
453.5,1.128,-0.11713,-0.082102,3,-61.5,5.7846,921.75,3
454.25,1.0694,-0.071196,-0.11631,3,-62,0.158,920.75,3
454.5,1.0694,-0.071196,-0.11631,3,-61.5,6.1068,921.25,3
454.75,1.0694,-0.071196,-0.11631,3,-62.5,3.5895,920.25,3
454.83,1.0694,-0.071196,-0.11631,3,-60.5,1.3131,923.75,3
455.5,0.99901,-0.036746,-0.13912,3,-60.5,1.6674,923.25,3
456,1.0694,-0.071196,-0.12771,3,-61,5.7632,921.75,3
456.25,1.0694,-0.071196,-0.12771,3,-60.5,0.96641,924.25,3
457,0.92865,-0.036746,-0.15052,3,-61.5,6.1144,921.25,3
457.5,1.2921,-0.18603,0.020525,3,-61,2.3117,922.25,3
458.25,1.128,-0.094162,-0.082102,3,-60.5,0.60132,924.75,3
458.5,1.128,-0.094162,-0.082102,3,-61.5,5.7478,921.75,3
458.75,1.128,-0.094162,-0.082102,3,-60.5,0.95414,924.25,3
460,1.0811,-0.082679,-0.10491,3,-61,2.3347,922.25,3
460.75,1.1397,-0.11713,-0.070699,3,-61,2.6231,921.75,3
461.25,1.0459,-0.036746,-0.11631,3,-61,6.1559,925.75,3
461.5,1.0459,-0.036746,-0.11631,3,-62,0.11045,920.75,3
461.75,1.0459,-0.036746,-0.11631,3,-61.5,6.1022,921.25,3
462.25,1.1749,-0.12861,-0.059296,3,-61,5.4809,922.25,3
462.5,1.1749,-0.12861,-0.059296,3,-61,0.27458,925.25,3
463,0.96383,-0.036746,-0.16192,3,-61,0.60439,924.75,3
463.5,1.3156,-0.17454,-0.013684,3,-60.5,0.948,924.25,3
464,1.3156,-0.17454,-0.013684,3,-62,0.092039,920.75,3
464.5,0.99901,-0.01378,-0.12771,3,-60.5,1.3238,923.75,3
465,0.9521,-0.036746,-0.16192,3,-61,0.27151,925.25,3
466,1.2687,-0.17454,-0.025087,3,-60.5,0.97408,924.25,3
466.5,1.0342,-0.036746,-0.12771,3,-61.5,6.0715,921.25,3
466.75,1.0342,-0.036746,-0.12771,3,-62.5,3.5634,920.25,3
467.5,1.1983,-0.14009,-0.047893,3,-61,0.25157,925.25,3
468,1.2921,-0.18603,-0.013684,3,-60.5,0.62433,924.75,3
469,0.98728,-0.048229,-0.15052,3,-61.5,6.0868,921.25,3
469.5,0.94038,-0.036746,-0.15052,3,-60.5,1.2809,923.75,3
469.75,0.94038,-0.036746,-0.15052,3,-61,0.19021,925.25,3
470,0.94038,-0.036746,-0.15052,3,-60,1.6276,923.25,3
470.5,0.98728,-0.036746,-0.12771,3,-60.5,0.63814,924.75,3
470.75,0.98728,-0.036746,-0.12771,3,-61,2.6354,921.75,3
471,0.98728,-0.036746,-0.12771,3,-61,0.96334,924.25,3
471.75,1.0107,-0.036746,-0.11631,3,-60.5,1.2533,923.75,3
472,1.0107,-0.036746,-0.11631,3,-61,2.2227,922.25,3
472.5,1.1514,-0.12861,-0.059296,3,-60.5,1.9006,922.75,3
472.75,1.1514,-0.12861,-0.059296,3,-61,0.53996,924.75,3
473,1.1514,-0.12861,-0.059296,3,-61,5.7202,921.75,3
473.25,1.1514,-0.12861,-0.059296,3,-60.5,0.92039,924.25,3
473.75,1.1397,-0.12861,-0.059296,3,-62,0.049087,920.75,3
474.25,1.1514,-0.11713,-0.070699,3,-61,1.2364,923.75,3
474.5,1.1514,-0.11713,-0.070699,3,-61,0.15493,925.25,3
475.5,1.0928,-0.071196,-0.082102,3,-61.5,2.6078,921.75,3
476,1.0928,-0.071196,-0.082102,2,-57.5,5.2355,925.75,3
476.75,1.0459,-0.059712,-0.11631,3,-60,1.2701,923.75,3
476.83,1.0459,-0.059712,-0.11631,3,-60,2.0923,922.25,3
477,1.0459,-0.059712,-0.11631,3,-61,0.1626,925.25,3
477.25,1.0459,-0.059712,-0.11631,3,-60,1.491,923.25,3
478.25,1.1632,-0.14009,-0.03649,3,-62,6.231,925.75,3
478.75,1.1632,-0.14009,-0.03649,3,-62,6.047,921.25,3
479,1.1632,-0.14009,-0.03649,3,-63,0.35895,920.25,3
479.75,1.1983,-0.11713,-0.025087,3,-62,0.28685,925.25,3
480,1.1983,-0.11713,-0.025087,3,-61.5,0.68416,924.75,3
480.75,1.1749,-0.12861,-0.047893,2,-58.5,5.2784,925.75,3
481,1.1749,-0.12861,-0.047893,3,-62.5,0.092039,920.75,3
481.25,1.1749,-0.12861,-0.047893,3,-62.5,6.0117,921.25,3
481.5,1.1749,-0.12861,-0.047893,3,-61,1.3177,923.75,3
481.75,1.1749,-0.12861,-0.047893,3,-61.5,2.2626,922.25,3
482.75,1.2218,-0.14009,-0.03649,3,-62,5.734,921.75,3
483.25,1.2218,-0.14009,-0.03649,3,-62,6.2694,925.75,3
484,1.1749,-0.12861,-0.059296,3,-61,1.3162,923.75,3
484.25,1.1749,-0.12861,-0.059296,3,-61.5,5.395,922.25,3
484.75,1.1749,-0.12861,-0.059296,3,-61.5,1.5999,923.25,3
485.25,1.0811,-0.082679,-0.093505,3,-61.5,5.7294,921.75,3
485.5,1.0811,-0.082679,-0.093505,3,-62,6.2341,925.75,3
485.75,1.0811,-0.082679,-0.093505,3,-61.5,0.092039,920.75,3
486.5,1.0225,-0.036746,-0.13912,3,-61.5,2.2427,922.25,3
487,1.0225,-0.036746,-0.13912,3,-62,1.6306,923.25,3
487.5,1.0225,-0.036746,-0.13912,3,-62,0.6366,924.75,3
488,1.1397,-0.10565,-0.15052,2,-58,1.8377,925.75,3
488.5,0.94038,0.19292,-0.32157,3,-60.5,0.41878,921.25,3
488.75,0.94038,0.19292,-0.32157,3,-60,5.306,920.25,3
489,0.94038,0.19292,-0.32157,3,-60,0.49087,923.75,3
489.5,0.94038,0.21588,-0.48121,3,-62,0.8621,923.25,3
490,0.94038,0.21588,-0.48121,3,-64,0.30526,921.75,3
