0,0.38928,0.79004,-0.75488,3,-64.5,1.1934,924.75,1
1.75,0.38928,0.79004,-0.75488,2,-51.5,2.2427,921.75,1
2.25,0.42446,0.59483,-0.76628,3,-58.5,1.5309,920.75,1
2.5,0.42446,0.59483,-0.76628,2,-50,3.384,920.75,1
2.75,0.35411,0.0091865,-0.99434,2,-48,0.073631,921.25,3
2.8,0.35411,0.19292,-1.0514,3,-59,1.3208,920.25,3
2.825,0.35411,0.19292,-1.0514,2,-47,3.7659,920.25,3
2.85,0.23685,0.23885,-0.99434,3,-62,4.1755,920.25,3
4.25,0.29548,0.35368,-1.04,3,-71,5.9043,924.25,3
5,0.18995,0.36516,-1.0057,2,-51.5,2.8808,920.75,3
5.075,0.17823,0.35368,-1.0286,2,-51.5,2.5694,921.25,3
5.1,0.17823,0.35368,-1.0286,3,-65,5.0361,921.25,3
5.25,0.17823,0.35368,-1.0286,3,-65,5.7033,920.25,3
6.5,0.56517,0.2044,-0.90312,2,-52,2.1951,921.75,3
6.75,0.1665,0.37665,-1.0286,2,-52.5,2.1921,921.75,3
6.825,0.1665,0.37665,-1.0286,3,-70,6.0945,924.25,3
7.25,0.2134,0.36516,-1.0172,2,-52,5.9472,920.75,3
7.325,0.2134,0.36516,-1.0172,3,-65,5.3597,920.75,3
8,0.2134,0.36516,-1.0286,3,-68.5,0.17487,923.75,3
8.75,0.41273,0.2733,-0.93733,3,-66.5,4.0236,922.75,3
9.25,0.20168,0.37665,-1.0286,3,-69,5.9933,924.25,3
9.75,0.20168,0.37665,-1.0286,3,-64.5,2.2273,920.75,3
9.825,0.20168,0.37665,-1.0286,3,-65.5,4.9946,921.25,3
10,0.20168,0.37665,-1.0286,3,-64.5,5.7371,920.25,3
10.5,0.17823,0.37665,-1.0286,2,-52,1.9712,922.25,3
10.575,0.17823,0.37665,-1.0286,3,-65.5,4.381,922.25,3
10.75,0.17823,0.37665,-1.0286,3,-67.5,0.49394,923.25,3
11.25,0.28376,0.3422,-0.99434,3,-69.5,5.6819,924.75,3
11.75,0.18995,0.36516,-1.0286,2,-54,0.9434,924.25,3
11.825,0.18995,0.36516,-1.0286,3,-68.5,6.027,924.25,3
12.25,0.40101,0.29627,-0.96014,3,-65,1.9205,921.25,3
12.5,0.17823,0.36516,-1.0286,3,-64.5,5.7448,920.25,3
13.75,0.48309,0.23885,-0.91452,3,-65.5,1.5647,921.75,3
14.5,0.1665,0.37665,-1.0286,2,-52,6.0101,920.75,3
14.75,0.1665,0.3422,-1.0628,2,-52,5.7003,921.25,3
14.825,0.1665,0.3422,-1.0628,3,-64.5,5.0621,921.25,3
15,0.1665,0.3422,-1.0628,3,-64.5,5.8184,920.25,3
15.5,0.45964,0.26182,-0.93733,3,-65,1.3668,922.25,3
15.75,0.45964,0.26182,-0.93733,3,-66,0.61513,923.25,3
16.25,0.13132,0.35368,-1.0628,3,-64,1.6904,921.75,3
17,0.17823,0.36516,-1.0514,3,-63.5,5.5116,920.75,3
17.25,0.17823,0.36516,-1.0514,3,-64,5.1803,921.25,3
17.325,0.17823,0.36516,-1.0514,3,-63.5,2.7903,920.25,3
17.5,0.17823,0.36516,-1.0514,3,-67.5,0.43565,923.75,3
18.25,0.1665,0.35368,-1.04,2,-51.5,1.4251,923.25,3
18.325,0.1665,0.35368,-1.04,2,-51,1.6858,922.75,3
18.5,0.2134,0.3422,-1.0172,2,-51.5,1.6904,922.75,3
18.575,0.2134,0.3422,-1.0172,3,-69,5.9488,924.75,3
19.5,0.2134,0.31923,-1.0172,2,-50.5,6.0562,920.75,3
19.575,0.18995,0.3422,-1.0514,2,-50.5,2.5955,921.25,3
19.75,0.23685,0.3422,-1.0286,2,-50.5,0.12272,920.25,3
20.25,0.45964,0.23885,-0.93733,3,-64.5,4.5406,922.25,3
20.5,0.45964,0.23885,-0.93733,3,-70,2.4712,925.25,3
20.75,0.45964,0.23885,-0.93733,2,-51.5,1.4481,923.25,3
20.825,0.45964,0.23885,-0.93733,3,-66,3.8211,923.25,3
21,0.47136,0.22737,-0.92593,3,-69,5.8567,924.75,3
21.25,0.47136,0.22737,-0.92593,2,-51,2.2488,921.75,3
21.75,0.47136,0.23885,-0.92593,3,-64.5,5.5423,920.75,3
22.5,0.22513,0.33072,-1.0514,2,-52.5,1.1413,923.75,3
22.575,0.22513,0.33072,-1.0514,3,-67.5,0.27918,923.75,3
23.25,0.22513,0.3422,-1.0057,2,-52.5,1.6628,922.75,3
23.5,0.15478,0.38813,-1.04,3,-69.5,2.6783,924.75,3
24,0.47136,0.23885,-0.91452,3,-68.5,0.013806,924.25,3
24.5,0.2134,0.33072,-1.0286,2,-51,2.6001,921.25,3
25,0.2603,0.33072,-1.04,3,-68,0.28379,923.75,3
25.25,0.2603,0.33072,-1.04,2,-51.5,1.9865,922.25,3
25.325,0.2603,0.33072,-1.04,3,-65.5,4.493,922.25,3
25.75,0.61207,0.2044,-0.89172,3,-66.5,4.1724,922.75,3
26,0.61207,0.2044,-0.89172,3,-70,5.8521,924.75,3
26.25,0.24858,0.3422,-1.0286,3,-69,6.1574,924.25,3
27.25,0.2603,0.3422,-1.0286,3,-64.5,5.8644,920.25,3
27.5,0.35411,0.29627,-0.97154,3,-65,4.4992,922.25,3
28,0.34238,0.30775,-0.98294,2,-52,1.4174,923.25,3
28.05,0.34238,0.30775,-0.98294,2,-52,1.4297,923.25,3
28.5,0.28376,0.3422,-1.0057,3,-65,4.8965,921.75,3
29.25,0.28376,0.3422,-1.0057,3,-65,2.3899,920.75,3
29.325,0.28376,0.3422,-1.0057,2,-51,2.5541,921.25,3
29.5,0.22513,0.35368,-1.0172,3,-65.5,5.2247,921.25,3
29.75,0.20168,0.3422,-1.04,3,-68,0.27918,923.75,3
30,0.20168,0.3422,-1.04,2,-51,1.939,922.25,3
30.5,0.36583,0.29627,-0.97154,2,-52,1.3484,923.25,3
30.575,0.36583,0.29627,-0.97154,3,-67,0.65654,923.25,3
30.75,0.36583,0.29627,-0.97154,3,-66.5,4.2031,922.75,3
31.25,0.2603,0.3422,-1.0172,3,-69.5,0.003068,924.25,3
31.5,0.2603,0.3422,-1.0172,3,-65,5.5607,920.75,3
31.75,0.2603,0.3422,-1.0172,3,-65.5,5.2063,921.25,3
32,0.35411,0.30775,-0.98294,3,-65.5,5.8705,920.25,3
32.25,0.35411,0.30775,-0.98294,3,-69,0.32981,923.75,3
32.5,0.35411,0.30775,-0.98294,2,-50.5,1.8684,922.25,3
33,0.43619,0.25033,-0.96014,3,-66.5,4.1939,922.75,3
33.25,0.43619,0.25033,-0.96014,2,-50.5,2.2411,921.75,3
33.5,0.2134,0.33072,-1.0286,2,-50.5,2.2304,921.75,3
33.75,0.24858,0.33072,-1.0286,2,-53,0.74858,924.25,3
34,0.37756,0.28478,-0.97154,3,-64.5,5.5929,920.75,3
34.25,0.37756,0.28478,-0.97154,2,-50.5,2.5387,921.25,3
34.325,0.20168,0.33072,-1.0628,3,-64.5,5.2738,921.25,3
34.5,0.20168,0.33072,-1.0628,3,-64.5,5.9411,920.25,3
34.75,0.20168,0.33072,-1.0628,3,-67.5,0.36049,923.75,3
34.825,0.20168,0.33072,-1.0628,2,-50.5,1.9221,922.25,3
35.25,0.22513,0.35368,-1.0286,3,-67,0.69029,923.25,3
35.325,0.22513,0.35368,-1.0286,3,-66,4.2461,922.75,3
35.75,0.2603,0.36516,-1.0172,3,-69.5,5.9258,924.75,3
36,0.2603,0.36516,-1.0172,2,-50.5,2.2028,921.75,3
36.075,0.20168,0.33072,-1.0286,3,-69,0.001534,924.25,3
36.5,0.51826,0.22737,-0.92593,3,-64.5,5.6205,920.75,3
36.75,0.51826,0.22737,-0.92593,2,-50.5,2.5265,921.25,3
36.825,0.22513,0.3422,-1.04,2,-50.5,0.064427,920.25,3
37,0.20168,0.31923,-1.04,3,-68,0.41724,923.75,3
37.25,0.20168,0.31923,-1.04,3,-65.5,4.559,922.25,3
37.5,0.38928,0.28478,-0.97154,3,-67.5,0.70256,923.25,3
37.75,0.38928,0.28478,-0.97154,2,-51,1.6122,922.75,3
38,0.38928,0.28478,-0.97154,3,-66.5,4.2491,922.75,3
38.5,0.24858,0.3422,-1.0172,3,-68.5,0.033748,924.25,3
39,0.2134,0.3422,-1.04,3,-64.5,2.436,920.75,3
39.25,0.2134,0.3422,-1.04,2,-50,2.5173,921.25,3
39.5,0.23685,0.3422,-1.0172,3,-68,3.5389,923.75,3
39.75,0.23685,0.3422,-1.0172,3,-65.5,1.4281,922.25,3
40.25,0.31893,0.33072,-1.0057,2,-51.5,1.3499,923.25,3
40.3,0.27203,0.3422,-1.0286,2,-51,1.6122,922.75,3
40.5,0.27203,0.3422,-1.0286,2,-51,1.6153,922.75,3
40.55,0.20168,0.3422,-1.04,3,-70,2.8409,924.75,3
40.75,0.20168,0.3422,-1.04,2,-50.5,2.2135,921.75,3
41,0.2603,0.3422,-1.0172,3,-69,0.013806,924.25,3
41.25,0.52999,0.22737,-0.90312,2,-50.5,5.9948,920.75,3
41.5,0.38928,0.29627,-0.96014,3,-64.5,5.2309,921.25,3
41.75,0.22513,0.35368,-1.0172,3,-64.5,5.9365,920.25,3
42,0.22513,0.35368,-1.0172,2,-50.5,1.8899,922.25,3
42.5,0.31893,0.33072,-1.0057,3,-67,3.8748,923.25,3
42.75,0.2134,0.3422,-1.0286,3,-66.5,4.2184,922.75,3
43,0.2134,0.3422,-1.0286,3,-70,5.938,924.75,3
43.5,0.2603,0.3422,-1.0172,2,-52.5,0.79153,924.25,3
43.75,0.2603,0.35368,-1.0057,2,-50.5,5.9703,920.75,3
44,0.28376,0.3422,-1.0172,3,-65,5.2094,921.25,3
44.25,0.22513,0.3422,-1.0286,2,-50.5,0.024544,920.25,3
44.5,0.2134,0.35368,-1.04,3,-66,1.4435,922.25,3
44.75,0.2134,0.35368,-1.04,3,-71,5.6711,925.25,3
45,0.20168,0.35368,-1.04,3,-67.5,0.73017,923.25,3
45.25,0.20168,0.35368,-1.04,2,-51,1.5999,922.75,3
45.5,0.28376,0.35368,-1.0057,3,-65.5,1.7487,921.75,3
45.75,0.28376,0.35368,-1.0057,3,-69,6.2663,924.25,3
46.25,0.23685,0.35368,-1.0172,3,-64.5,5.5591,920.75,3
46.325,0.23685,0.35368,-1.0172,2,-50.5,2.5188,921.25,3
46.5,0.20168,0.35368,-1.04,3,-64.5,5.9396,920.25,3
47,0.33066,0.33072,-0.99434,3,-66,1.4143,922.25,3
47.25,0.33066,0.33072,-0.99434,2,-53.5,0.2439,925.25,3
47.5,0.45964,0.26182,-0.92593,3,-67,0.75012,923.25,3
47.575,0.45964,0.26182,-0.92593,3,-67,1.0907,922.75,3
48,0.45964,0.26182,-0.92593,3,-66,1.7671,921.75,3
48.25,0.30721,0.36516,-1.0057,3,-69,0.19788,924.25,3
48.5,0.30721,0.36516,-1.0057,3,-65,5.622,920.75,3
48.75,0.30721,0.36516,-1.0057,3,-65,5.5868,920.75,3
49,0.30721,0.36516,-1.0057,2,-50,2.4666,921.25,3
49.075,0.28376,0.3422,-1.0057,3,-65,5.9488,920.25,3
49.125,0.28376,0.3422,-1.0057,3,-64.5,6.0761,920.25,3
49.25,0.28376,0.3422,-1.0057,3,-68,0.474,923.75,3
49.5,0.28376,0.3422,-1.0057,2,-50.5,1.8853,922.25,3
50,0.49481,0.25033,-0.91452,2,-51,1.2901,923.25,3
50.075,0.49481,0.25033,-0.92593,2,-50.5,1.6352,922.75,3
50.125,0.49481,0.25033,-0.92593,2,-50.5,1.6506,922.75,3
50.25,0.49481,0.25033,-0.92593,3,-70,6.1758,924.75,3
51,0.54171,0.22737,-0.91452,2,-49.5,5.9979,920.75,3
51.075,0.2134,0.3422,-1.0172,2,-50,2.8762,920.75,3
51.25,0.33066,0.33072,-0.99434,2,-50,2.4866,921.25,3
51.325,0.41273,0.28478,-0.97154,3,-65,2.1568,921.25,3
51.5,0.41273,0.28478,-0.97154,3,-64,5.9426,920.25,3
51.75,0.41273,0.28478,-0.97154,3,-68,0.48781,923.75,3
52,0.41273,0.28478,-0.97154,2,-50.5,1.8791,922.25,3
52.25,0.38928,0.2733,-0.96014,2,-51.5,1.3039,923.25,3
52.325,0.38928,0.2733,-0.96014,3,-67,3.7889,923.25,3
52.5,0.38928,0.2733,-0.96014,3,-66.5,1.1213,922.75,3
53,0.23685,0.3422,-1.0172,2,-50.5,2.1598,921.75,3
53.075,0.23685,0.3422,-1.0172,3,-66,4.9394,921.75,3
53.5,0.30721,0.3422,-1.0057,3,-65.5,5.6036,920.75,3
53.75,0.2134,0.35368,-1.0286,2,-50,2.5019,921.25,3
53.825,0.20168,0.3422,-1.0286,2,-50,2.5065,921.25,3
54,0.23685,0.33072,-1.0172,3,-68.5,0.43105,923.75,3
54.25,0.23685,0.33072,-1.0172,3,-66,4.5989,922.25,3
54.75,0.24858,0.3422,-1.0172,2,-51.5,1.2671,923.25,3
54.825,0.24858,0.3422,-1.0172,3,-67.5,0.71023,923.25,3
55.25,0.22513,0.35368,-1.0286,2,-50,2.1706,921.75,3
56,0.37756,0.31923,-0.97154,2,-49.5,5.9856,920.75,3
56.25,0.48309,0.25033,-0.93733,3,-65,2.1829,921.25,3
56.325,0.48309,0.25033,-0.93733,3,-64.5,6.0301,920.25,3
56.5,0.48309,0.25033,-0.93733,3,-64.5,6.0347,920.25,3
56.75,0.48309,0.25033,-0.93733,2,-50,1.9175,922.25,3
56.825,0.2134,0.3422,-1.0286,2,-50,1.8822,922.25,3
57,0.23685,0.33072,-1.0286,2,-51,1.3438,923.25,3
57.25,0.33066,0.36516,-0.99434,2,-50.5,1.6045,922.75,3
57.325,0.33066,0.36516,-0.99434,3,-66.5,4.3964,922.75,3
57.75,0.55344,0.21588,-0.90312,2,-50,2.2289,921.75,3
57.825,0.57689,0.2044,-0.89172,2,-50,2.2258,921.75,3
58.5,0.54171,0.22737,-0.91452,2,-50,2.8639,920.75,3
58.575,0.38928,0.28478,-0.98294,3,-65,2.1767,921.25,3
58.75,0.22513,0.3422,-1.0286,3,-65,5.9518,920.25,3
59,0.24858,0.3422,-1.0172,2,-52,1.0446,923.75,3
59.075,0.24858,0.3422,-1.0172,2,-50,1.9343,922.25,3
59.25,0.24858,0.35368,-1.0057,2,-50.5,1.9159,922.25,3
59.325,0.24858,0.35368,-1.0057,3,-66,4.5789,922.25,3
59.75,0.43619,0.28478,-0.94873,2,-51.5,1.3284,923.25,3
59.825,0.34238,0.33072,-0.99434,2,-51,1.6245,922.75,3
60.25,0.22513,0.36516,-1.0172,3,-66,4.9118,921.75,3
60.75,0.52999,0.33072,-0.91452,3,-65.5,5.6404,920.75,3
60.825,0.52999,0.33072,-0.91452,3,-65.5,5.8046,920.75,3
61,0.52999,0.33072,-0.91452,2,-50,2.5495,921.25,3
61.25,0.22513,0.3422,-1.0286,3,-64.5,6.0562,920.25,3
61.5,0.22513,0.3422,-1.0286,3,-68,0.51235,923.75,3
62,0.2603,0.33072,-1.0172,3,-67.5,3.9791,923.25,3
62.25,0.2603,0.33072,-1.0172,2,-50.5,1.6122,922.75,3
62.5,0.2603,0.3422,-1.0172,3,-70,2.9529,924.75,3
62.75,0.2603,0.3422,-1.0172,2,-50,2.2151,921.75,3
62.825,0.24858,0.35368,-1.0057,3,-68.5,0.13039,924.25,3
63.25,0.49481,0.25033,-0.91452,3,-65.5,2.5142,920.75,3
63.5,0.49481,0.25033,-0.91452,2,-50,2.5418,921.25,3
63.575,0.28376,0.35368,-1.0172,2,-50,0.064427,920.25,3
63.75,0.41273,0.29627,-0.96014,3,-68.5,3.6463,923.75,3
64,0.41273,0.29627,-0.96014,2,-50.5,1.9083,922.25,3
64.075,0.2603,0.35368,-1.0172,2,-50.5,1.9098,922.25,3
64.5,0.50654,0.25033,-0.91452,2,-51.5,1.3254,923.25,3
64.575,0.56517,0.21588,-0.90312,2,-50.5,1.6045,922.75,3
64.75,0.27203,0.35368,-1.0057,2,-52.5,0.48474,924.75,3
65,0.27203,0.35368,-1.0057,2,-50,2.1875,921.75,3
65.075,0.2603,0.3422,-1.0172,2,-50,2.1951,921.75,3
65.25,0.44791,0.23885,-0.94873,2,-52.5,0.75625,924.25,3
65.325,0.44791,0.23885,-0.94873,3,-68.5,0.21783,924.25,3
65.75,0.27203,0.36516,-1.0172,3,-64,2.4559,920.75,3
65.825,0.27203,0.36516,-1.0172,2,-50,2.5127,921.25,3
66,0.2603,0.37665,-1.04,3,-65,5.4211,921.25,3
66.075,0.2603,0.37665,-1.04,3,-64.5,6.0914,920.25,3
66.25,0.2603,0.37665,-1.04,2,-52,1.0324,923.75,3
66.325,0.2603,0.37665,-1.04,3,-69,0.59058,923.75,3
66.5,0.42446,0.46851,-0.93733,3,-66,4.8121,922.25,3
66.75,0.42446,0.46851,-0.93733,3,-66.5,4.1663,923.25,3
67,0.42446,0.46851,-0.93733,2,-50.5,1.6045,922.75,3
67.25,0.37756,0.37665,-0.93733,2,-50.5,1.5739,922.75,3
67.5,0.49481,0.21588,-0.93733,2,-50,2.1675,921.75,3
67.575,0.49481,0.21588,-0.93733,2,-49.5,2.1844,921.75,3
67.6,0.49481,0.21588,-0.93733,2,-50,2.1752,921.75,3
67.65,0.31893,0.33072,-0.94873,3,-66,1.8899,921.75,3
68,0.35411,0.3422,-0.98294,3,-65,2.4866,920.75,3
68.25,0.2603,0.33072,-1.0172,3,-65,5.2278,921.25,3
68.5,0.2134,0.35368,-1.0286,3,-64,5.9089,920.25,3
68.75,0.2134,0.35368,-1.0286,3,-68,0.3881,923.75,3
69,0.2134,0.35368,-1.0286,2,-50.5,1.8638,922.25,3
69.25,0.40101,0.30775,-0.97154,3,-67.5,0.76392,923.25,3
69.5,0.40101,0.30775,-0.97154,2,-50.5,1.5846,922.75,3
70,0.65897,0.18143,-0.89172,2,-50,2.1951,921.75,3
70.075,0.65897,0.18143,-0.89172,2,-50,2.2043,921.75,3
70.25,0.24858,0.35368,-1.0172,3,-69,0.033748,924.25,3
70.5,0.24858,0.35368,-1.0172,2,-50,2.8179,920.75,3
70.575,0.24858,0.3422,-1.0172,2,-49.5,5.9687,920.75,3
70.75,0.29548,0.3422,-0.99434,2,-50,2.482,921.25,3
70.825,0.29548,0.3422,-0.99434,2,-49.5,2.4989,921.25,3
70.85,0.29548,0.3422,-0.99434,2,-50,0.026078,920.25,3
71,0.24858,0.3422,-1.0172,2,-50,0.026078,920.25,3
71.075,0.44791,0.2733,-0.94873,2,-52,0.99555,923.75,3
71.25,0.44791,0.2733,-0.94873,3,-68,0.39884,923.75,3
71.75,0.29548,0.3422,-1.0172,3,-67.5,3.9101,923.25,3
72,0.29548,0.3422,-1.0172,3,-66.5,1.0937,922.75,3
72.25,0.28376,0.33072,-0.99434,3,-65,1.7902,921.75,3
72.5,0.28376,0.33072,-0.99434,3,-69,0.18101,924.25,3
73,0.27203,0.38813,-1.0172,3,-64.5,2.5495,920.75,3
73.075,0.27203,0.38813,-1.0172,3,-64.5,2.212,921.25,3
73.25,0.27203,0.38813,-1.0172,2,-50,6.1528,920.25,3
73.5,0.2603,0.3422,-0.98294,3,-64,2.8455,920.25,3
73.6,0.2603,0.3422,-0.98294,3,-68,0.65501,923.75,3
73.75,0.2603,0.3422,-0.98294,3,-65.5,1.7349,922.25,3
74,0.34238,0.33072,-0.96014,3,-67,4.0252,923.25,3
74.25,0.34238,0.33072,-0.96014,3,-66,1.1827,922.75,3
74.75,0.58862,0.18143,-0.89172,3,-70,6.1651,924.75,3
74.825,0.58862,0.18143,-0.89172,2,-50,2.2181,921.75,3
75,0.2603,0.3422,-1.0286,2,-52.5,0.74091,924.25,3
75.075,0.2603,0.3422,-1.0286,3,-68.5,0.14726,924.25,3
75.25,0.2603,0.3422,-1.0286,3,-64,2.5725,920.75,3
75.5,0.56517,0.22737,-0.90312,2,-49.5,2.5341,921.25,3
75.75,0.37756,0.31923,-0.98294,2,-50,3.1937,920.25,3
76,0.40101,0.29627,-0.96014,2,-51.5,1.0247,923.75,3
76.075,0.40101,0.29627,-0.96014,2,-52,0.99862,923.75,3
76.125,0.22513,0.35368,-1.0286,3,-66,1.5033,922.25,3
76.25,0.22513,0.35368,-1.0286,2,-50,1.8822,922.25,3
76.5,0.35411,0.3422,-0.99434,2,-51,1.3039,923.25,3
76.575,0.35411,0.3422,-0.99434,2,-51,1.31,923.25,3
76.75,0.22513,0.3422,-1.0286,2,-50.5,1.6076,922.75,3
77,0.44791,0.25033,-0.94873,2,-50.5,1.5953,922.75,3
77.075,0.44791,0.25033,-0.94873,2,-52.5,0.48474,924.75,3
77.25,0.24858,0.33072,-1.0286,3,-65,1.8546,921.75,3
77.35,0.24858,0.33072,-1.0286,2,-52.5,0.72864,924.25,3
77.5,0.24858,0.33072,-1.0286,3,-68.5,0.14573,924.25,3
77.75,0.41273,0.30775,-0.94873,2,-49.5,5.9979,920.75,3
78,0.50654,0.25033,-0.92593,2,-49.5,2.5249,921.25,3
78.075,0.50654,0.25033,-0.92593,2,-49.5,2.5341,921.25,3
78.1,0.50654,0.25033,-0.92593,3,-65,5.3689,921.25,3
78.25,0.50654,0.25033,-0.92593,2,-49.5,0.055223,920.25,3
78.325,0.23685,0.3422,-1.0172,2,-49.5,0.073631,920.25,3
78.5,0.50654,0.25033,-0.92593,2,-51.5,1.0278,923.75,3
78.575,0.50654,0.25033,-0.92593,2,-51.5,1.0216,923.75,3
78.6,0.22513,0.3422,-1.0286,3,-65.5,4.6756,922.25,3
78.75,0.22513,0.3422,-1.0286,2,-53,0.22089,925.25,3
79,0.52999,0.23885,-0.89172,3,-67,0.84983,923.25,3
79.25,0.52999,0.23885,-0.89172,3,-66.5,1.2103,922.75,3
79.5,0.52999,0.23885,-0.89172,2,-53,0.46019,924.75,3
79.575,0.31893,0.35368,-1.0057,3,-65,4.9839,921.75,3
79.75,0.31893,0.35368,-1.0057,3,-68.5,0.19021,924.25,3
80.25,0.64724,0.2044,-0.88031,2,-49.5,6.0009,920.75,3
80.325,0.30721,0.35368,-0.99434,2,-50,2.8486,920.75,3
80.5,0.23685,0.33072,-1.0172,2,-49.5,2.5173,921.25,3
80.75,0.44791,0.2733,-0.94873,2,-49.5,0.059825,920.25,3
80.825,0.44791,0.2733,-0.94873,2,-49.5,0.064427,920.25,3
80.875,0.44791,0.2733,-0.94873,2,-49.5,0.049087,920.25,3
80.9,0.2603,0.33072,-1.0286,3,-68,0.474,923.75,3
81,0.2603,0.33072,-1.0286,2,-50,1.8853,922.25,3
81.25,0.22513,0.3422,-1.0172,3,-71,5.7678,925.25,3
81.5,0.22513,0.3422,-1.0172,3,-67,4.0052,923.25,3
81.75,0.23685,0.3422,-1.0172,2,-50.5,1.5923,922.75,3
81.825,0.23685,0.3422,-1.0172,3,-66,4.332,922.75,3
82,0.29548,0.3422,-1.0172,3,-65,1.8577,921.75,3
82.75,0.52999,0.23885,-0.91452,3,-64.5,2.5449,920.75,3
82.825,0.52999,0.23885,-0.91452,3,-64.5,5.3367,921.25,3
83,0.52999,0.23885,-0.91452,3,-64.5,2.1997,921.25,3
83.075,0.52999,0.23885,-0.91452,3,-64.5,6.0638,920.25,3
83.5,0.62379,0.19292,-0.86891,3,-65.5,4.6602,922.25,3
84,0.34238,0.3422,-0.99434,3,-68.5,3.8242,923.25,3
84.075,0.34238,0.3422,-0.99434,3,-67.5,4.2,922.75,3
84.5,0.37756,0.30775,-0.97154,2,-50.5,2.1292,921.75,3
85.25,0.23685,0.33072,-1.0286,3,-65.5,5.5822,920.75,3
85.325,0.23685,0.33072,-1.0286,2,-50.5,2.4636,921.25,3
85.75,0.24858,0.3422,-1.0172,3,-69,0.39423,923.75,3
86,0.24858,0.3422,-1.0172,3,-67,1.4419,922.25,3
86.25,0.24858,0.3422,-1.0172,2,-51.5,1.2303,923.25,3
86.5,0.2603,0.3422,-1.0172,3,-68,0.7133,923.25,3
86.575,0.2603,0.3422,-1.0172,3,-67.5,1.06,922.75,3
87,0.23685,0.3422,-1.0286,3,-66,1.7257,921.75,3
87.075,0.23685,0.3422,-1.0286,3,-69.5,0.001534,924.25,3
87.5,0.30721,0.35368,-1.0172,2,-50,2.7918,920.75,3
87.575,0.30721,0.35368,-1.0172,3,-65.5,5.5622,920.75,3
87.75,0.24858,0.3422,-1.0172,2,-50,2.4513,921.25,3
88,0.56517,0.19292,-0.90312,2,-50,0.016874,920.25,3
88.25,0.28376,0.3422,-1.0057,2,-52,0.95107,923.75,3
88.5,0.41273,0.29627,-0.96014,3,-66.5,4.5713,922.25,3
88.75,0.23685,0.3422,-1.0172,2,-51.5,1.2257,923.25,3
89,0.23685,0.3422,-1.0172,2,-51,1.5294,922.75,3
89.075,0.24858,0.3422,-1.0172,2,-51,1.5263,922.75,3
89.5,0.24858,0.33072,-1.0286,3,-66,4.8857,921.75,3
90,0.37756,0.30775,-0.97154,3,-65.5,5.619,920.75,3
90.25,0.37756,0.30775,-0.97154,2,-50,2.436,921.25,3
90.5,0.24858,0.3422,-1.0172,2,-50,0.0076699,920.25,3
90.575,0.58862,0.19292,-0.90312,2,-52,0.96641,923.75,3
90.75,0.58862,0.19292,-0.90312,2,-52,0.95107,923.75,3
90.825,0.24858,0.3422,-1.0172,2,-50.5,1.83,922.25,3
91.25,0.37756,0.31923,-0.97154,2,-51.5,1.2287,923.25,3
91.325,0.27203,0.33072,-1.0172,2,-51.5,1.2287,923.25,3
91.75,0.24858,0.33072,-1.0172,2,-50,2.1414,921.75,3
91.825,0.24858,0.33072,-1.0172,3,-66,4.9041,921.75,3
92.5,0.2603,0.33072,-1.0172,3,-65.5,5.6681,920.75,3
92.575,0.2603,0.33072,-1.0172,2,-50,2.4467,921.25,3
92.75,0.30721,0.3422,-0.99434,2,-50,6.2709,920.25,3
93,0.38928,0.30775,-0.98294,3,-65,5.9641,920.25,3
93.25,0.38928,0.30775,-0.98294,2,-52.5,0.93573,923.75,3
93.325,0.23685,0.33072,-1.0286,2,-50.5,1.8208,922.25,3
93.75,0.27203,0.3422,-1.0057,3,-67.5,0.73324,923.25,3
94,0.27203,0.3422,-1.0057,3,-67,1.0876,922.75,3
94.25,0.27203,0.33072,-1.0286,3,-65.5,4.8934,921.75,3
94.5,0.27203,0.33072,-1.0286,2,-52.5,0.68569,924.25,3
95,0.62379,0.19292,-0.89172,2,-50,2.4513,921.25,3
95.075,0.62379,0.19292,-0.89172,2,-50,5.6006,921.25,3
95.125,0.62379,0.19292,-0.89172,2,-50,2.4452,921.25,3
95.25,0.24858,0.3422,-1.0172,2,-50,6.274,920.25,3
95.325,0.45964,0.25033,-0.94873,3,-65,5.9718,920.25,3
95.75,0.23685,0.3422,-1.0172,2,-50.5,1.8254,922.25,3
96,0.2603,0.33072,-1.0286,3,-68,0.69796,923.25,3
96.25,0.2603,0.33072,-1.0286,2,-51,1.5263,922.75,3
96.325,0.23685,0.3422,-1.0286,3,-67,1.0554,922.75,3
96.5,0.23685,0.3422,-1.0286,2,-50,2.1491,921.75,3
96.75,0.2603,0.33072,-1.0172,2,-50,2.1368,921.75,3
97.25,0.47136,0.26182,-0.93733,3,-65,2.4436,920.75,3
97.5,0.47136,0.26182,-0.93733,2,-50,2.4482,921.25,3
97.75,0.36583,0.33072,-0.98294,3,-65,5.9396,920.25,3
97.825,0.36583,0.33072,-0.98294,2,-52.5,0.92959,923.75,3
98,0.36583,0.33072,-0.98294,3,-69,0.33901,923.75,3
98.25,0.42446,0.28478,-0.94873,2,-53.5,0.158,925.25,3
98.5,0.24858,0.33072,-1.0286,3,-68,0.6995,923.25,3
98.75,0.24858,0.33072,-1.0286,2,-51,1.511,922.75,3
99,0.29548,0.33072,-1.0172,2,-50.5,2.1154,921.75,3
99.25,0.22513,0.3422,-1.0286,3,-65,4.9087,921.75,3
99.5,0.22513,0.3422,-1.0286,3,-69,0.001534,924.25,3
99.75,0.2603,0.33072,-1.0172,2,-50.5,5.915,920.75,3
100,0.24858,0.31923,-1.0286,3,-64.5,6.0209,920.25,3
100.25,0.24858,0.31923,-1.0286,3,-64.5,5.9856,920.25,3
100.5,0.24858,0.31923,-1.0286,3,-68.5,0.36816,923.75,3
100.58,0.24858,0.31923,-1.0286,2,-50.5,1.8331,922.25,3
101,0.31893,0.31923,-1.0172,3,-67.5,3.8917,923.25,3
101.25,0.31893,0.31923,-1.0172,2,-51,1.5278,922.75,3
101.5,0.2603,0.3422,-1.0286,2,-50,2.143,921.75,3
101.75,0.23685,0.33072,-1.0286,2,-52.5,0.71023,924.25,3
101.83,0.23685,0.33072,-1.0286,2,-52.5,0.7133,924.25,3
102.25,0.35411,0.33072,-0.99434,3,-65,5.6159,920.75,3
102.5,0.2603,0.33072,-1.0172,3,-65,2.1108,921.25,3
102.58,0.2603,0.33072,-1.0172,2,-50,0.010738,920.25,3
102.75,0.24858,0.3422,-1.0172,2,-52,0.96027,923.75,3
102.83,0.24858,0.3422,-1.0172,3,-68.5,0.3973,923.75,3
103,0.24858,0.3422,-1.0172,3,-66,4.5437,922.25,3
103.25,0.29548,0.33072,-1.0172,3,-68,0.70717,923.25,3
103.5,0.29548,0.33072,-1.0172,2,-50.5,1.534,922.75,3
104,0.2603,0.33072,-1.0172,2,-50,2.1399,921.75,3
104.25,0.37756,0.28478,-0.98294,3,-69.5,3.2566,924.25,3
104.5,0.37756,0.28478,-0.98294,2,-49.5,2.8072,920.75,3
104.58,0.37756,0.28478,-0.98294,2,-49.5,5.9518,920.75,3
104.75,0.27203,0.33072,-1.0172,2,-49.5,2.8103,920.75,3
104.83,0.27203,0.33072,-1.0172,2,-49.5,2.4712,921.25,3
104.88,0.27203,0.33072,-1.0172,2,-50,2.436,921.25,3
105,0.2134,0.31923,-1.0514,3,-70,3.591,923.75,3
105.25,0.2134,0.31923,-1.0514,2,-50.5,1.8178,922.25,3
105.5,0.33066,0.33072,-0.99434,2,-50,1.8669,922.25,3
105.75,0.49481,0.2044,-0.92593,3,-68.5,0.75318,923.25,3
106,0.49481,0.2044,-0.92593,3,-68,3.9132,923.25,3
106.08,0.49481,0.2044,-0.92593,3,-68,1.2625,922.75,3
106.25,0.49481,0.2044,-0.92593,2,-49.5,2.1353,921.75,3
106.5,0.29548,0.33072,-1.0057,3,-66,5.0483,921.75,3
107,0.50654,0.22737,-0.91452,2,-49.5,5.9703,920.75,3
107.08,0.50654,0.22737,-0.91452,2,-49.5,5.9871,920.75,3
107.1,0.50654,0.22737,-0.91452,2,-49.5,5.9657,920.75,3
107.25,0.23685,0.33072,-1.0286,2,-49.5,2.4758,921.25,3
107.33,0.24858,0.31923,-1.04,2,-49.5,2.4758,921.25,3
107.5,0.24858,0.30775,-1.0286,3,-65.5,6.0715,920.25,3
107.75,0.24858,0.30775,-1.0286,3,-69,0.48167,923.75,3
107.83,0.24858,0.30775,-1.0286,2,-50,1.8715,922.25,3
108.25,0.69414,0.15847,-0.86891,3,-68,4.0451,923.25,3
108.5,0.69414,0.15847,-0.86891,2,-50.5,1.557,922.75,3
108.75,0.30721,0.33072,-1.0172,2,-53,0.40957,924.75,3
109,0.28376,0.33072,-1.0172,2,-49.5,2.1721,921.75,3
109.5,0.31893,0.33072,-1.0057,2,-49.5,5.9657,920.75,3
109.75,0.49481,0.22737,-0.92593,3,-65.5,5.3873,921.25,3
110,0.2603,0.33072,-1.0057,2,-49.5,0.044485,920.25,3
110.08,0.2603,0.33072,-1.0057,2,-49.5,0.041417,920.25,3
110.1,0.2603,0.33072,-1.0057,3,-69.5,0.48627,923.75,3
110.75,0.22513,0.33072,-1.0057,2,-51.5,1.2502,923.25,3
110.83,0.22513,0.33072,-1.0057,3,-68.5,0.86517,923.25,3
110.88,0.22513,0.33072,-1.0057,3,-67.5,1.2732,922.75,3
111.25,0.60034,0.2044,-0.88031,2,-49.5,2.1138,921.75,3
111.75,0.52999,0.22737,-0.92593,2,-54,6.2096,925.75,3
112,0.27203,0.3422,-1.0286,3,-65.5,5.7509,920.75,3
112.25,0.27203,0.3422,-1.0286,3,-65.5,5.4288,921.25,3
112.33,0.27203,0.3422,-1.0286,3,-65,6.1129,920.25,3
112.5,0.27203,0.3422,-1.0286,2,-52,0.97715,923.75,3
112.75,0.27203,0.3422,-1.0172,3,-67,1.6076,922.25,3
112.83,0.27203,0.3422,-1.0172,2,-50.5,1.7902,922.25,3
113,0.49481,0.25033,-0.92593,2,-51,1.2303,923.25,3
113.25,0.56517,0.22737,-0.89172,2,-50.5,1.5417,922.75,3
113.75,0.67069,0.19292,-0.88031,2,-50,2.1123,921.75,3
114,0.45964,0.2733,-0.94873,2,-52,0.69489,924.25,3
114.08,0.45964,0.2733,-0.94873,2,-52.5,0.66728,924.25,3
114.25,0.36583,0.33072,-0.99434,2,-49.5,5.9304,920.75,3
114.33,0.24858,0.33072,-1.0286,3,-65.5,2.62,920.75,3
114.5,0.24858,0.33072,-1.0286,2,-49.5,2.4666,921.25,3
114.58,0.24858,0.31923,-1.0172,3,-66,5.3919,921.25,3
114.75,0.24858,0.31923,-1.0172,3,-66,6.119,920.25,3
115,0.24858,0.31923,-1.0172,2,-51.5,0.9434,923.75,3
115.25,0.28376,0.3422,-1.0057,2,-50,1.8178,922.25,3
115.5,0.2603,0.33072,-1.0172,2,-51.5,1.2195,923.25,3
115.75,0.2603,0.33072,-1.0172,2,-51.5,1.2272,923.25,3
116,0.27203,0.33072,-1.0172,2,-52.5,0.43105,924.75,3
116.25,0.28376,0.33072,-1.0057,3,-66.5,1.9696,921.75,3
116.33,0.28376,0.33072,-1.0057,2,-52.5,0.69796,924.25,3
116.75,0.42446,0.30775,-0.96014,3,-66,5.7494,920.75,3
116.83,0.42446,0.30775,-0.96014,3,-65.5,5.8199,920.75,3
117,0.42446,0.30775,-0.96014,3,-66,5.4349,921.25,3
117.25,0.42446,0.30775,-0.96014,3,-65,6.0945,920.25,3
117.33,0.42446,0.30775,-0.96014,3,-69.5,3.7659,923.75,3
117.75,0.27203,0.33072,-1.0172,2,-50,1.8577,922.25,3
118,0.31893,0.31923,-1.0057,2,-51,1.2763,923.25,3
118.25,0.27203,0.35368,-1.0172,3,-67.5,4.4915,922.75,3
118.33,0.27203,0.35368,-1.0172,2,-53,0.43258,924.75,3
118.5,0.51826,0.22737,-0.90312,2,-49.5,2.1629,921.75,3
118.75,0.49481,0.26182,-0.94873,2,-52,0.71944,924.25,3
118.83,0.49481,0.26182,-0.94873,2,-52.5,0.69796,924.25,3
119.25,0.27203,0.30775,-1.0057,2,-49.5,2.8118,920.75,3
119.5,0.54171,0.21588,-0.92593,3,-65.5,5.4686,921.25,3
119.58,0.54171,0.21588,-0.92593,3,-65.5,6.1666,920.25,3
119.75,0.54171,0.21588,-0.92593,3,-65.5,6.1467,920.25,3
119.83,0.54171,0.21588,-0.92593,3,-68.5,0.66421,923.75,3
120,0.54171,0.21588,-0.92593,2,-50,1.8285,922.25,3
120.25,0.27203,0.33072,-1.0172,2,-51,1.2395,923.25,3
120.5,0.30721,0.33072,-0.99434,2,-51,1.2272,923.25,3
120.75,0.35411,0.30775,-0.99434,3,-68,1.2763,922.75,3
121,0.24858,0.31923,-1.0172,2,-49.5,2.1552,921.75,3
121.5,0.2603,0.33072,-1.0057,2,-49.5,5.9503,920.75,3
121.75,0.2603,0.33072,-1.0057,2,-49.5,2.8072,920.75,3
121.83,0.2603,0.33072,-1.0057,2,-49.5,5.938,920.75,3
121.85,0.24858,0.31923,-1.0172,3,-66.5,5.418,921.25,3
122,0.24858,0.31923,-1.0172,3,-66,2.3086,921.25,3
122.08,0.24858,0.31923,-1.0172,2,-49.5,6.274,920.25,3
122.25,0.24858,0.31923,-1.0172,2,-49.5,0.001534,920.25,3
122.33,0.28376,0.33072,-1.0057,3,-68.5,0.65348,923.75,3
122.5,0.28376,0.33072,-1.0057,3,-66.5,4.7737,922.25,3
123,0.45964,0.26182,-0.93733,2,-51,1.2502,923.25,3
123.25,0.54171,0.21588,-0.91452,2,-50.5,1.5493,922.75,3
123.5,0.56517,0.21588,-0.90312,2,-49.5,2.1338,921.75,3
124,0.2603,0.33072,-1.0172,2,-49.5,5.9626,920.75,3
124.25,0.29548,0.33072,-1.0057,2,-49.5,2.4712,921.25,3
124.33,0.40101,0.30775,-0.97154,2,-49.5,2.4682,921.25,3
124.5,0.48309,0.25033,-0.93733,2,-49.5,0.001534,920.25,3
124.75,0.42446,0.28478,-0.94873,2,-51.5,0.98175,923.75,3
124.83,0.28376,0.33072,-1.0057,2,-50,1.8224,922.25,3
124.85,0.28376,0.33072,-1.0057,2,-49.5,1.853,922.25,3
125.25,0.29548,0.33072,-1.0172,2,-51,1.3023,923.25,3
125.33,0.29548,0.33072,-1.0172,3,-68,0.96948,923.25,3
125.75,0.45964,0.26182,-0.94873,3,-70,6.2617,924.75,3
126,0.42446,0.28478,-0.96014,3,-66,1.9635,921.75,3
126.5,0.30721,0.3422,-1.0172,2,-49.5,2.8225,920.75,3
126.58,0.30721,0.3422,-1.0172,2,-49.5,5.9733,920.75,3
126.63,0.30721,0.3422,-1.0172,2,-49.5,5.9549,920.75,3
126.65,0.27203,0.33072,-1.0057,3,-65,5.7417,920.75,3
126.75,0.27203,0.33072,-1.0057,3,-65.5,5.3919,921.25,3
127,0.27203,0.33072,-1.0057,2,-49.5,0.026078,920.25,3
127.08,0.27203,0.33072,-1.0057,2,-49,0.033748,920.25,3
127.13,0.33066,0.31923,-1.0057,2,-51.5,1.017,923.75,3
127.15,0.33066,0.31923,-1.0057,3,-68.5,0.59672,923.75,3
127.25,0.33066,0.31923,-1.0057,2,-50,1.85,922.25,3
127.33,0.28376,0.33072,-1.0172,3,-66,4.7262,922.25,3
127.75,0.28376,0.33072,-1.0172,2,-51,1.2824,923.25,3
127.83,0.35411,0.33072,-1.0057,3,-67.5,4.0221,923.25,3
128,0.35411,0.33072,-1.0057,2,-50.5,1.5769,922.75,3
128.25,0.38928,0.31923,-0.97154,2,-50,2.0908,921.75,3
128.75,0.33066,0.33072,-0.99434,2,-54,6.254,925.75,3
128.83,0.33066,0.33072,-0.99434,2,-49.5,5.9779,920.75,3
129,0.33066,0.33072,-0.99434,2,-49.5,5.9979,920.75,3
129.08,0.2603,0.33072,-1.0172,2,-49.5,2.8333,920.75,3
129.13,0.2603,0.33072,-1.0172,2,-49.5,2.5249,921.25,3
129.25,0.50654,0.22737,-0.91452,3,-66,2.3148,921.25,3
129.5,0.50654,0.22737,-0.91452,2,-49.5,0.064427,920.25,3
129.58,0.50654,0.22737,-0.91452,2,-49.5,0.079767,920.25,3
129.63,0.29548,0.33072,-1.0172,3,-69.5,3.8211,923.75,3
129.75,0.29548,0.33072,-1.0172,3,-67,4.8244,922.25,3
130.25,0.30721,0.33072,-1.0057,3,-68,4.177,923.25,3
130.33,0.30721,0.33072,-1.0057,3,-67,4.49,922.75,3
130.75,0.58862,0.21588,-0.90312,2,-49.5,2.1399,921.75,3
131.25,0.27203,0.31923,-1.0172,2,-49.5,2.8026,920.75,3
131.5,0.28376,0.31923,-0.99434,3,-65.5,5.7724,920.75,3
131.58,0.28376,0.31923,-0.99434,3,-66,5.3797,921.25,3
131.75,0.28376,0.31923,-0.99434,3,-65,6.0301,920.25,3
131.83,0.28376,0.31923,-0.99434,3,-65,6.0761,920.25,3
132.25,0.65897,0.18143,-0.86891,2,-50,1.8454,922.25,3
132.75,0.35411,0.33072,-0.99434,3,-67.5,4.4025,922.75,3
133,0.50654,0.23885,-0.91452,3,-66,5.0514,921.75,3
133.25,0.50654,0.23885,-0.91452,2,-52.5,0.6995,924.25,3
133.75,0.28376,0.33072,-1.0057,3,-65.5,2.6154,920.75,3
134,0.28376,0.33072,-1.0057,2,-49.5,5.9549,920.75,3
134.08,0.2603,0.33072,-1.0172,2,-49.5,2.4712,921.25,3
134.25,0.47136,0.25033,-0.94873,2,-49.5,0.0061359,920.25,3
134.33,0.47136,0.25033,-0.94873,2,-49.5,0.010738,920.25,3
134.38,0.47136,0.25033,-0.94873,2,-49.5,6.2817,920.25,3
134.4,0.29548,0.33072,-1.0057,2,-49.5,0.003068,920.25,3
134.5,0.52999,0.21588,-0.91452,3,-69.5,3.7184,923.75,3
134.75,0.52999,0.21588,-0.91452,3,-67,1.6322,922.25,3
135,0.52999,0.21588,-0.91452,2,-51,1.2594,923.25,3
135.08,0.29548,0.33072,-1.0172,3,-67.5,0.94493,923.25,3
135.25,0.29548,0.33072,-1.0172,2,-50.5,1.5417,922.75,3
135.5,0.27203,0.33072,-1.0172,3,-66,5.0529,921.75,3
136,0.37756,0.33072,-0.97154,2,-52.5,0.67188,924.25,3
136.25,0.24858,0.33072,-1.0172,3,-65.5,2.5602,920.75,3
136.33,0.24858,0.33072,-1.0172,2,-49.5,2.4743,921.25,3
136.38,0.24858,0.33072,-1.0172,2,-49,2.4866,921.25,3
136.5,0.33066,0.33072,-0.99434,2,-49.5,2.4682,921.25,3
136.75,0.28376,0.33072,-1.0057,3,-65,6.1298,920.25,3
136.8,0.28376,0.33072,-1.0057,2,-51.5,0.99862,923.75,3
137,0.38928,0.33072,-0.98294,3,-66.5,4.7262,922.25,3
137.5,0.65897,0.18143,-0.86891,2,-51,1.2671,923.25,3
137.58,0.2603,0.33072,-1.0172,3,-68,4.1187,923.25,3
137.75,0.2603,0.33072,-1.0172,2,-50.5,1.5662,922.75,3
138,0.43619,0.30775,-0.96014,2,-49.5,2.1537,921.75,3
138.08,0.43619,0.30775,-0.96014,2,-49.5,2.1644,921.75,3
138.1,0.43619,0.30775,-0.96014,2,-49.5,2.1445,921.75,3
138.25,0.27203,0.33072,-1.0172,2,-49.5,2.1568,921.75,3
138.33,0.38928,0.31923,-0.98294,2,-52.5,0.70563,924.25,3
138.35,0.38928,0.31923,-0.98294,2,-53.5,6.2464,925.75,3
138.75,0.61207,0.2044,-0.89172,3,-65.5,5.7417,920.75,3
138.83,0.61207,0.2044,-0.89172,3,-65.5,5.4057,921.25,3
139,0.61207,0.2044,-0.89172,3,-65,6.0638,920.25,3
139.25,0.61207,0.2044,-0.89172,3,-65.5,6.0531,920.25,3
139.33,0.61207,0.2044,-0.89172,3,-69.5,0.55837,923.75,3
140,0.47136,0.26182,-0.93733,3,-69,4.0773,923.25,3
140.08,0.47136,0.26182,-0.93733,3,-68.5,4.5099,922.75,3
140.5,0.36583,0.31923,-0.99434,2,-49.5,2.12,921.75,3
140.58,0.31893,0.31923,-0.99434,2,-52,0.73324,924.25,3
141,0.29548,0.31923,-1.0172,2,-49.5,2.8057,920.75,3
141.25,0.30721,0.33072,-0.99434,3,-65,5.7079,920.75,3
141.33,0.30721,0.33072,-0.99434,3,-65.5,5.3643,921.25,3
141.5,0.30721,0.33072,-0.99434,3,-65,6.1037,920.25,3
141.75,0.30721,0.33072,-0.99434,2,-52,0.95874,923.75,3
141.83,0.41273,0.31923,-0.97154,2,-50.5,1.8178,922.25,3
142.25,0.40101,0.33072,-0.96014,3,-69.5,3.8626,923.25,3
142.5,0.40101,0.33072,-0.96014,2,-51.5,1.3913,922.75,3
143,0.35411,0.35368,-0.99434,2,-50,1.9942,921.75,3
143.5,0.28376,0.33072,-1.0172,3,-66,5.573,920.75,3
143.75,0.28376,0.33072,-1.0172,2,-50,2.2657,921.25,3
143.83,0.27203,0.35368,-0.92593,3,-66.5,5.8982,920.25,3
144,0.27203,0.35368,-0.92593,2,-49.5,6.1329,920.25,3
144.25,0.22513,0.33072,-1.0628,2,-50.5,1.6904,922.25,3
144.5,0.18995,0.29627,-1.0742,2,-50.5,1.7181,922.25,3
145,0.28376,0.33072,-0.99434,3,-69,4.2323,922.75,3
145.25,0.24858,0.31923,-0.99434,2,-50,2.008,921.75,3
145.5,0.23685,0.29627,-1.0514,2,-52.5,0.63507,924.25,3
146,0.28376,0.31923,-1.0172,3,-66.5,5.6435,920.75,3
146.25,0.28376,0.31923,-1.0172,2,-50,2.4206,921.25,3
146.33,0.28376,0.31923,-1.0172,2,-49.5,2.439,921.25,3
146.38,0.30721,0.30775,-1.0172,2,-49.5,6.2433,920.25,3
146.5,0.47136,0.23885,-0.94873,2,-52,0.90351,923.75,3
146.75,0.44791,0.26182,-0.94873,2,-50,1.7656,922.25,3
147,0.48309,0.23885,-0.93733,2,-51.5,1.1275,923.25,3
147.25,0.44791,0.2733,-0.96014,3,-68.5,4.1571,922.75,3
147.75,0.44791,0.2733,-0.96014,2,-50,1.988,921.75,3
147.83,0.28376,0.3422,-1.0172,2,-50.5,1.9896,921.75,3
148.5,0.31893,0.35368,-1.0057,2,-50,2.6124,920.75,3
148.75,0.29548,0.33072,-1.0057,2,-50,2.2626,921.25,3
148.83,0.41273,0.30775,-0.97154,2,-50,6.0485,920.25,3
149.25,0.27203,0.3422,-1.0057,3,-68,4.5544,922.25,3
149.5,0.27203,0.3422,-1.0057,3,-70,0.72097,923.25,3
150,0.35411,0.3422,-0.99434,3,-68.5,4.2706,922.75,3
150.25,0.35411,0.3422,-0.99434,2,-50,1.9528,921.75,3
150.5,0.30721,0.3422,-1.0172,2,-53,0.57678,924.25,3
150.75,0.62379,0.21588,-0.89172,2,-49.5,2.5602,920.75,3
150.83,0.62379,0.21588,-0.89172,2,-49.5,2.5725,920.75,3
150.88,0.62379,0.21588,-0.89172,2,-50,2.5541,920.75,3
151,0.29548,0.3422,-0.99434,3,-66.5,5.5239,920.75,3
151.08,0.29548,0.3422,-0.99434,2,-50,2.2457,921.25,3
151.25,0.28376,0.3422,-1.0057,2,-50,6.0393,920.25,3
151.75,0.42446,0.30775,-0.96014,2,-50.5,1.6705,922.25,3
152,0.34238,0.33072,-1.0057,2,-51.5,1.129,923.25,3
152.08,0.34238,0.33072,-1.0057,3,-69.5,0.73324,923.25,3
152.5,0.38928,0.33072,-0.98294,2,-50.5,1.9497,921.75,3
153.25,0.30721,0.33072,-1.0057,2,-49.5,2.5633,920.75,3
153.5,0.55344,0.23885,-0.90312,3,-66,5.1036,921.25,3
153.75,0.27203,0.35368,-0.99434,3,-65.5,5.8169,920.25,3
154,0.36583,0.35368,-0.99434,2,-50.5,1.6552,922.25,3
154.08,0.36583,0.35368,-0.99434,3,-67.5,4.5084,922.25,3
154.5,0.37756,0.3422,-0.99434,3,-69.5,0.72711,923.25,3
154.75,0.37756,0.3422,-0.99434,2,-51,1.3698,922.75,3
155,0.34238,0.33072,-0.99434,2,-50,1.9466,921.75,3
155.25,0.34238,0.33072,-0.99434,3,-67,4.8412,921.75,3
155.75,0.42446,0.29627,-0.94873,3,-66.5,2.3209,920.75,3
155.83,0.42446,0.29627,-0.94873,2,-49.5,2.5541,920.75,3
155.88,0.28376,0.35368,-0.99434,3,-66.5,1.985,921.25,3
156,0.28376,0.35368,-0.99434,2,-50,2.887,920.25,3
156.25,0.28376,0.33072,-1.0172,2,-50,6.0285,920.25,3
156.5,0.47136,0.28478,-0.96014,2,-51.5,1.4297,922.25,3
156.55,0.45964,0.39961,-0.97154,2,-49,1.7181,922.25,3
156.75,0.2134,0.35368,-1.0628,3,-65.5,0.70256,925.25,3
157,0.2134,0.35368,-1.0628,3,-61.5,1.7211,923.25,3
157.08,0.2134,0.35368,-1.0628,3,-61.5,1.8377,923.25,3
157.25,0.1196,0.2733,-1.0628,3,-61,2.0877,922.75,3
157.5,0.34238,0.15847,-0.99434,2,-51,0.78386,924.75,3
157.58,0.34238,0.15847,-0.99434,2,-47,2.6246,921.75,3
157.6,-0.068007,0.38813,-1.0742,2,-47,2.6154,921.75,3
157.65,-0.079733,0.37665,-1.0742,2,-48,2.8731,921.75,3
159,0.084423,1.1231,-0.32157,3,-60,5.9764,922.25,1
159.58,0.084423,1.1231,-0.32157,1,-68.5,4.4731,922.75,1
159.75,0.084423,1.1231,-0.32157,3,-59.5,3.9715,924.75,1
160,0.48309,0.87042,0.043332,2,-62.5,3.6478,924.25,1
160.75,0.48309,0.87042,0.043332,1,-66,0.44332,921.25,1
162,0.29548,0.92784,-0.03649,1,-68.5,6.2817,922.75,4
163.25,0.63552,0.97377,-0.41279,2,-66.5,5.5285,921.25,4
164,0.88175,0.61779,0.020525,1,-64,0.1626,925.25,4
166.5,0.91693,0.87042,0.11175,1,-53,0.23317,923.25,4
166.75,0.91693,0.87042,0.11175,1,-51.5,0.01534,923.25,4
167,0.58862,0.85894,-0.047893,1,-50,5.0744,922.75,4
167.25,0.1665,0.92784,-0.025087,1,-50.5,2.2795,921.75,4
168,0.2134,0.98526,0.10035,1,-60,0.087437,921.25,4
441.25,0.54171,0.72114,-0.66366,3,-59.5,4.2813,923.75,1
441.75,0.65897,0.16995,-0.99434,3,-59.5,0.7179,925.25,3
442,0.65897,0.16995,-0.99434,3,-59.5,1.1397,922.75,3
443,0.65897,0.16995,-0.99434,3,-59,0.86517,920.75,3
443.5,0.51826,0.21588,-0.99434,3,-60.5,1.2395,920.25,3
443.58,0.51826,0.21588,-0.99434,3,-68,4.8167,923.75,3
444.25,0.15478,0.3422,-1.0286,3,-69,0.57217,923.25,3
444.5,0.15478,0.3422,-1.0286,3,-67.5,4.2092,922.75,3
444.75,0.15478,0.3422,-1.0286,2,-51.5,2.0387,921.75,3
445.03,0.18995,0.28478,-1.0286,2,-53,0.7808,924.25,3
445.08,0.18995,0.28478,-1.0286,3,-68,0.34515,924.25,3
445.75,0.34238,0.2733,-1.0057,2,-51,5.5699,921.25,3
445.83,0.34238,0.2733,-1.0057,3,-63.5,2.2764,921.25,3
446,0.1665,0.29627,-1.0628,2,-51,6.1789,920.25,3
446.08,0.1665,0.29627,-1.0742,3,-63.5,6.0592,920.25,3
446.25,0.1665,0.29627,-1.0742,2,-51.5,1.827,922.25,3
446.5,0.33066,0.28478,-0.99434,3,-69.5,2.729,925.25,3
447.25,0.27203,0.29627,-1.04,2,-51.5,2.0509,921.75,3
447.5,0.38928,0.22737,-0.98294,3,-69.5,0.10738,924.25,3
448,0.34238,0.25033,-1.0057,2,-51.5,2.6523,920.75,3
448.25,0.18995,0.28478,-1.0628,3,-64.5,5.3413,921.25,3
448.5,0.18995,0.28478,-1.0628,3,-64,5.9979,920.25,3
448.75,0.20168,0.30775,-1.0514,3,-65,4.7645,922.25,3
449.25,0.20168,0.30775,-1.0514,3,-67,4.1525,923.25,3
449.75,0.17823,0.29627,-1.0514,2,-51.5,2.0479,921.75,3
450,0.17823,0.28478,-1.0514,3,-68.5,0.39577,924.25,3
450.5,0.45964,0.18143,-0.94873,2,-51,5.7938,920.75,3
450.75,0.22513,0.29627,-1.0514,3,-64.5,6.1421,920.25,3
451.25,0.29548,0.2733,-1.0172,2,-51.5,1.804,922.25,3
451.33,0.29548,0.2733,-1.0172,3,-65.5,4.7737,922.25,3
451.5,0.29548,0.2733,-1.0172,2,-52,1.241,923.25,3
451.75,0.22513,0.29627,-1.04,2,-52,1.491,922.75,3
451.83,0.22513,0.29627,-1.04,3,-66,1.3039,922.75,3
452.25,0.51826,0.16995,-0.92593,2,-51.5,2.0571,921.75,3
452.33,0.51826,0.16995,-0.92593,2,-51.5,2.0525,921.75,3
452.5,0.17823,0.29627,-1.04,2,-53,0.69029,924.25,3
452.75,0.54171,0.14698,-0.91452,2,-51,5.8169,920.75,3
453.25,0.31893,0.25033,-1.0286,3,-64,6.1574,920.25,3
453.5,0.31893,0.25033,-1.0286,3,-67.5,0.61666,923.75,3
454,0.20168,0.28478,-1.0514,3,-66.5,4.1494,923.25,3
454.25,0.45964,0.19292,-0.96014,3,-69.5,0.032214,924.75,3
454.5,0.45964,0.19292,-0.96014,2,-51,2.0586,921.75,3
455.25,0.18995,0.28478,-1.0628,2,-51,5.846,920.75,3
455.33,0.18995,0.28478,-1.0628,2,-51,2.4022,921.25,3
455.5,0.27203,0.28478,-1.04,3,-64.5,6.1635,920.25,3
455.75,0.27203,0.28478,-1.04,2,-52.5,0.99249,923.75,3
456,0.37756,0.21588,-0.96014,2,-51.5,1.7779,922.25,3
456.08,0.37756,0.21588,-0.96014,3,-65.5,1.6199,922.25,3
456.5,0.35411,0.23885,-1.0057,3,-66.5,0.96794,923.25,3
456.75,0.35411,0.23885,-1.0057,3,-66,1.333,922.75,3
457,0.33066,0.26182,-1.0172,3,-64.5,1.9957,921.75,3
457.5,0.38928,0.22737,-0.97154,3,-65,5.8199,920.75,3
458,0.17823,0.28478,-1.0628,2,-51,6.1574,920.25,3
458.25,0.18995,0.28478,-1.0514,2,-51,6.162,920.25,3
458.5,0.23685,0.28478,-1.04,2,-51.5,1.7825,922.25,3
458.58,0.23685,0.28478,-1.04,3,-65,4.8382,922.25,3
459,0.18995,0.28478,-1.0514,3,-66.5,4.1878,923.25,3
459.25,0.18995,0.28478,-1.0514,3,-65.5,4.5007,922.75,3
459.5,0.22513,0.28478,-1.04,3,-65,2.0295,921.75,3
460,0.22513,0.28478,-1.04,3,-64.5,5.8445,920.75,3
460.25,0.18995,0.28478,-1.0628,2,-51,2.4022,921.25,3
460.5,0.20168,0.28478,-1.0514,2,-51,6.1727,920.25,3
460.6,0.20168,0.28478,-1.0514,3,-64,6.231,920.25,3
461.5,0.33066,0.25033,-1.0057,3,-65.5,4.4976,922.75,3
462,0.49481,0.15847,-0.94873,3,-64.5,2.0172,921.75,3
462.5,0.45964,0.18143,-0.96014,3,-64,2.7121,920.75,3
462.75,0.45964,0.18143,-0.96014,2,-51.5,2.3746,921.25,3
463,0.2603,0.28478,-1.0286,3,-64,6.2264,920.25,3
463.25,0.2603,0.28478,-1.0286,3,-65,1.6828,922.25,3
463.5,0.2603,0.28478,-1.0286,3,-65,4.8443,922.25,3
463.75,0.2134,0.29627,-1.04,3,-65.5,1.356,922.75,3
464.5,0.23685,0.28478,-1.0286,3,-68,0.34975,924.25,3
465,0.22513,0.28478,-1.0514,3,-64,5.846,920.75,3
465.25,0.22513,0.28478,-1.0514,3,-64,5.4886,921.25,3
465.5,0.22513,0.28478,-1.0514,3,-64,6.2157,920.25,3
465.75,0.49481,0.18143,-0.94873,2,-51.5,1.8193,922.25,3
465.85,0.49481,0.18143,-0.94873,2,-52,1.7978,922.25,3
466.25,0.18995,0.28478,-1.0514,2,-52,1.5463,922.75,3
466.33,0.18995,0.28478,-1.0514,3,-65.5,4.4976,922.75,3
466.5,0.18995,0.28478,-1.0514,3,-69.5,0.079767,924.75,3
466.75,0.18995,0.28478,-1.0514,2,-51.5,2.0862,921.75,3
467.25,0.2134,0.28478,-1.04,2,-51,5.8015,920.75,3
467.5,0.23685,0.2733,-1.0514,3,-63.5,5.8429,920.75,3
467.75,0.2603,0.28478,-1.0286,3,-63.5,6.2142,920.25,3
468,0.2603,0.28478,-1.0286,3,-67,3.835,923.75,3
468.25,0.2603,0.28478,-1.0286,2,-51.5,1.8224,922.25,3
468.33,0.2603,0.28478,-1.0286,3,-64.5,1.7089,922.25,3
468.75,0.27203,0.28478,-1.0286,3,-66,4.1908,923.25,3
469,0.27203,0.28478,-1.0286,3,-65.5,4.5176,922.75,3
469.25,0.2134,0.2733,-1.04,3,-64,2.0402,921.75,3
469.5,0.2134,0.2733,-1.04,2,-53,0.7225,924.25,3
469.75,0.56517,0.1355,-0.91452,2,-51,5.8092,920.75,3
470.5,0.24858,0.28478,-1.04,2,-52.5,0.98635,923.75,3
470.58,0.35411,0.22737,-1.0057,3,-64.5,1.6935,922.25,3
470.75,0.35411,0.22737,-1.0057,3,-70,2.9345,925.25,3
471,0.35411,0.22737,-1.0057,3,-66.5,1.0723,923.25,3
471.5,0.40101,0.2044,-0.97154,3,-69.5,0.079767,924.75,3
471.75,0.40101,0.2044,-0.97154,2,-51.5,2.0739,921.75,3
472.25,0.27203,0.28478,-1.04,2,-51,2.686,920.75,3
472.33,0.27203,0.28478,-1.04,2,-51,5.8215,920.75,3
472.5,0.37756,0.22737,-0.99434,2,-51,6.1421,920.25,3
472.75,0.17823,0.28478,-1.0628,3,-63.5,6.2188,920.25,3
473,0.17823,0.28478,-1.0628,3,-67.5,0.67649,923.75,3
473.5,0.43619,0.18143,-0.96014,2,-52.5,1.2425,923.25,3
473.58,0.24858,0.28478,-1.04,3,-65.5,1.3622,922.75,3
474.03,0.51826,0.15847,-0.92593,3,-64.5,5.1649,921.75,3
475,0.28376,0.26182,-1.04,3,-64,5.4963,921.25,3
475.08,0.28376,0.26182,-1.04,2,-51,6.1574,920.25,3
475.25,0.22513,0.29627,-1.04,3,-67.5,0.65961,923.75,3
475.5,0.22513,0.29627,-1.04,3,-64.5,1.6628,922.25,3
475.75,0.31893,0.25033,-1.0057,3,-66,4.1602,923.25,3
476,0.31893,0.25033,-1.0057,2,-51.5,1.5386,922.75,3
476.25,0.24858,0.28478,-1.04,3,-69.5,0.095107,924.75,3
476.75,0.38928,0.21588,-0.98294,3,-68.5,0.39117,924.25,3
477.25,0.20168,0.28478,-1.0514,2,-51,2.6737,920.75,3
477.5,0.22513,0.26182,-1.0628,2,-51,6.1528,920.25,3
477.58,0.22513,0.26182,-1.0628,3,-63.5,6.2126,920.25,3
478,0.35411,0.21588,-1.0057,2,-51.5,1.7994,922.25,3
478.08,0.35411,0.21588,-1.0057,3,-70.5,6.1605,925.25,3
478.5,0.56517,0.1355,-0.91452,2,-51.5,1.5263,922.75,3
478.6,0.56517,0.1355,-0.91452,3,-65,1.3606,922.75,3
479.25,0.37756,0.21588,-0.99434,3,-68.5,0.42798,924.25,3
479.5,0.37756,0.21588,-0.99434,2,-51,5.8061,920.75,3
479.75,0.20168,0.2733,-1.0628,2,-51,5.8169,920.75,3
479.83,0.35411,0.22737,-1.0057,2,-51,2.3501,921.25,3
480,0.35411,0.22737,-1.0057,2,-51,6.1528,920.25,3
480.25,0.33066,0.2733,-1.0172,3,-67,3.858,923.75,3
480.5,0.33066,0.2733,-1.0172,3,-64.5,4.8504,922.25,3
480.58,0.33066,0.2733,-1.0172,3,-69.5,6.0792,925.25,3
481,0.17823,0.28478,-1.0628,2,-51.5,1.5232,922.75,3
481.08,0.17823,0.28478,-1.0628,3,-65,4.4792,922.75,3
481.5,0.31893,0.25033,-1.0172,3,-64,5.1818,921.75,3
481.58,0.31893,0.25033,-1.0172,3,-67.5,0.33441,924.25,3
482,0.17823,0.28478,-1.0628,2,-51,5.8337,920.75,3
482.25,0.34238,0.21588,-1.0057,3,-63.5,6.2356,920.25,3
483,0.38928,0.22737,-0.98294,2,-51.5,1.807,922.25,3
483.08,0.38928,0.22737,-0.98294,3,-70,6.1175,925.25,3
483.5,0.24858,0.28478,-1.04,2,-51.5,1.5294,922.75,3
483.58,0.24858,0.28478,-1.04,3,-65,1.3744,922.75,3
483.75,0.20168,0.2733,-1.0514,3,-64,2.0402,921.75,3
484,0.20168,0.2733,-1.0514,3,-68,0.35282,924.25,3
484.5,0.20168,0.28478,-1.04,3,-63.5,2.7688,920.75,3
484.58,0.20168,0.28478,-1.04,2,-51,2.3547,921.25,3
484.75,0.20168,0.28478,-1.0514,2,-51,2.9974,920.25,3
485,0.18995,0.26182,-1.0628,3,-63.5,6.254,920.25,3
485.25,0.34238,0.25033,-1.0172,2,-51.5,1.7794,922.25,3
485.5,0.34238,0.25033,-1.0172,3,-69.5,6.0684,925.25,3
485.75,0.34238,0.25033,-1.0172,2,-52.5,1.221,923.25,3
485.83,0.20168,0.2733,-1.0628,3,-65,4.5298,922.75,3
486,0.20168,0.2733,-1.0628,3,-69.5,0.065961,924.75,3
486.25,0.20168,0.2733,-1.0628,3,-64,2.0356,921.75,3
486.5,0.20168,0.2733,-1.0628,2,-53.5,0.66728,924.25,3
487,0.30721,0.25033,-1.04,3,-63.5,2.3746,921.25,3
487.25,0.30721,0.25033,-1.04,2,-51,6.1375,920.25,3
487.75,0.17823,0.28478,-1.0628,2,-51.5,1.8178,922.25,3
487.83,0.17823,0.28478,-1.0628,3,-64.5,1.7242,922.25,3
488,0.17823,0.28478,-1.0628,3,-69.5,6.0761,925.25,3
488.25,0.23685,0.28478,-1.04,3,-65,4.5206,922.75,3
488.5,0.23685,0.28478,-1.04,3,-69,0.073631,924.75,3
488.75,0.23685,0.28478,-1.04,3,-64,2.0325,921.75,3
489,0.23685,0.28478,-1.04,2,-53,0.7179,924.25,3
489.25,0.27203,0.2733,-1.0286,3,-63.5,5.8521,920.75,3
489.5,0.27203,0.2733,-1.0286,2,-51,2.3853,921.25,3
489.58,0.27203,0.2733,-1.0286,3,-63.5,2.3777,921.25,3
490,0.33066,0.23885,-1.0286,3,-67,3.8135,923.75,3
490.08,0.33066,0.23885,-1.0286,3,-64,4.8397,922.25,3
490.25,0.33066,0.23885,-1.0286,3,-69.5,6.1068,925.25,3
490.5,0.33066,0.23885,-1.0286,3,-66,4.1985,923.25,3
490.75,0.33066,0.23885,-1.0286,3,-65,4.516,922.75,3
491.25,0.36583,0.22737,-0.98294,3,-68,0.38043,924.25,3
491.75,0.36583,0.22737,-0.98294,3,-63.5,5.889,920.75,3
492,0.23685,0.28478,-1.04,3,-64,5.5039,921.25,3
492.08,0.23685,0.28478,-1.04,2,-51,6.1175,920.25,3
492.25,0.36583,0.23885,-0.99434,2,-52.5,0.97101,923.75,3
492.33,0.36583,0.23885,-0.99434,3,-67,3.835,923.75,3
492.5,0.36583,0.23885,-0.99434,3,-64.5,1.7211,922.25,3
493,0.31893,0.25033,-1.0172,2,-52,1.2502,923.25,3
493.08,0.31893,0.25033,-1.0172,3,-66,4.1862,923.25,3
493.25,0.31893,0.25033,-1.0172,2,-52,1.4803,922.75,3
493.33,0.22513,0.28478,-1.04,3,-68.5,3.2704,924.75,3
493.5,0.22513,0.28478,-1.04,2,-51,2.0417,921.75,3
493.75,0.31893,0.25033,-1.0057,3,-67.5,0.3835,924.25,3
494.25,0.18995,0.2733,-1.0514,3,-63.5,5.8844,920.75,3
494.5,0.20168,0.28478,-1.0514,2,-51,6.1237,920.25,3
494.55,0.20168,0.28478,-1.0514,3,-63.5,6.2157,920.25,3
495,0.38928,0.21588,-0.97154,2,-51.5,1.784,922.25,3
495.08,0.38928,0.21588,-0.97154,3,-64.5,1.7211,922.25,3
495.25,0.29548,0.2733,-1.0286,2,-52.5,1.2134,923.25,3
495.5,0.29548,0.2733,-1.0286,2,-52,1.2349,923.25,3
495.75,0.23685,0.28478,-1.0286,2,-51.5,1.4987,922.75,3
495.85,0.23685,0.28478,-1.0286,3,-69,0.099709,924.75,3
496,0.23685,0.28478,-1.0286,2,-51.5,2.0402,921.75,3
496.08,0.18995,0.28478,-1.0514,2,-51.5,2.0417,921.75,3
496.5,0.52999,0.12402,-0.92593,3,-70.5,2.7136,925.75,3
496.75,0.52999,0.12402,-0.92593,3,-63.5,2.7136,920.75,3
496.83,0.52999,0.12402,-0.92593,2,-51,2.3347,921.25,3
497,0.18995,0.28478,-1.0628,2,-51,6.1022,920.25,3
497.08,0.2603,0.26182,-1.0628,3,-66.5,0.72557,923.75,3
497.25,0.2603,0.26182,-1.0628,3,-63.5,4.9133,922.25,3
498,0.45964,0.21588,-0.94873,3,-68,1.1781,922.75,3
498.5,0.084423,0.26182,-1.0856,3,-65.5,4.8106,921.75,3
499.25,0.34238,0.12402,-0.96014,3,-65,1.8147,921.25,3
499.75,0.084423,0.2733,-1.0514,3,-65.5,0.92806,922.25,3
500.75,0.17823,0.26182,-1.0286,3,-70,6.0838,924.75,3
501,0.17823,0.26182,-1.0286,2,-52,1.6904,921.75,3
501.1,0.10787,0.35368,-1.0742,3,-68,0.50775,924.25,3
501.5,0.10787,0.35368,-1.0742,2,-50.5,2.2887,920.75,3
501.58,0.1196,0.33072,-1.0742,3,-63,2.5894,920.75,3
501.75,0.1196,0.33072,-1.0742,3,-63.5,2.2335,921.25,3
501.85,0.1196,0.33072,-1.0742,3,-63,6.1221,920.25,3
502,0.1196,0.33072,-1.0742,3,-63,6.1329,920.25,3
502.25,0.1196,0.33072,-1.0742,3,-64,4.7937,922.25,3
502.5,0.20168,0.3422,-1.0286,2,-53,0.90812,923.25,3
502.75,0.15478,0.33072,-1.04,2,-52.5,1.172,922.75,3
503,0.15478,0.33072,-1.04,2,-52.5,1.1674,922.75,3
503.25,0.14305,0.33072,-1.04,2,-51.5,1.6736,921.75,3
503.33,0.14305,0.33072,-1.04,2,-52,1.6506,921.75,3
503.5,0.13132,0.33072,-1.0628,3,-69,0.41417,924.25,3
504,0.14305,0.33072,-1.0628,2,-51,2.1936,920.75,3
504.1,0.14305,0.33072,-1.0628,2,-51.5,1.9175,921.25,3
504.25,0.31893,0.26182,-0.99434,3,-63,6.1528,920.25,3
504.5,0.31893,0.26182,-0.99434,3,-67.5,3.8518,923.75,3
504.75,0.31893,0.26182,-0.99434,2,-52,1.3852,922.25,3
504.83,0.31893,0.26182,-0.99434,3,-64.5,1.6598,922.25,3
505.25,0.29548,0.29627,-1.0057,3,-66.5,4.1356,923.25,3
505.33,0.29548,0.29627,-1.0057,2,-52.5,1.0891,922.75,3
505.75,0.13132,0.33072,-1.0628,2,-51.5,1.6245,921.75,3
506,0.49481,0.19292,-0.92593,3,-68.5,0.42798,924.25,3
506.25,0.49481,0.19292,-0.92593,2,-51,2.2135,920.75,3
506.5,0.37756,0.25033,-0.97154,2,-51,1.9359,921.25,3
506.58,0.37756,0.25033,-0.97154,2,-51.5,1.9405,921.25,3
506.75,0.13132,0.31923,-1.0628,2,-50.5,2.5249,920.25,3
507,0.2134,0.33072,-1.0286,3,-67.5,0.68722,923.75,3
507.25,0.2134,0.33072,-1.0286,3,-65,4.7937,922.25,3
507.75,0.23685,0.33072,-1.0286,3,-66,1.3806,922.75,3
508,0.23685,0.33072,-1.0286,3,-69.5,0.17641,924.75,3
508.25,0.28376,0.30775,-0.99434,3,-68.5,3.6693,924.25,3
508.75,0.28376,0.30775,-0.99434,3,-63.5,5.777,920.75,3
509,0.28376,0.30775,-0.99434,2,-51.5,1.9297,921.25,3
509.08,0.13132,0.31923,-1.0514,2,-51.5,1.9343,921.25,3
509.25,0.23685,0.33072,-1.0172,3,-64,6.1681,920.25,3
510,0.41273,0.22737,-0.96014,3,-66.5,4.3151,923.25,3
510.08,0.41273,0.22737,-0.96014,2,-53,1.0999,922.75,3
511.25,0.51826,0.19292,-0.91452,3,-64.5,5.8138,920.75,3
511.33,0.51826,0.19292,-0.91452,2,-51,1.9359,921.25,3
511.5,0.18995,0.33072,-1.04,3,-64.5,5.4579,921.25,3
511.75,0.18995,0.33072,-1.04,2,-50.5,2.5556,920.25,3
511.83,0.1665,0.33072,-1.04,3,-68,3.8211,923.75,3
512,0.1665,0.33072,-1.04,2,-52,1.4067,922.25,3
512.25,0.34238,0.2733,-0.98294,3,-67,1.0707,923.25,3
512.5,0.34238,0.2733,-0.98294,3,-65.5,4.5697,922.75,3
513,0.22513,0.33072,-1.0286,2,-51.5,1.6659,921.75,3
513.1,0.22513,0.33072,-1.0286,2,-51.5,1.6552,921.75,3
513.25,0.1196,0.33072,-1.0514,3,-68.5,0.46326,924.25,3
513.5,0.1196,0.33072,-1.0514,2,-50.5,2.278,920.75,3
513.75,0.15478,0.33072,-1.0514,2,-50.5,2.2657,920.75,3
514,0.15478,0.33072,-1.0514,2,-51,1.9712,921.25,3
514.08,0.15478,0.33072,-1.0514,2,-50.5,2.5848,920.25,3
514.25,0.1665,0.30775,-1.0628,3,-68,0.8621,923.75,3
514.5,0.1665,0.30775,-1.0628,2,-52,1.4051,922.25,3
514.75,0.40101,0.22737,-0.94873,3,-66.5,4.2568,923.25,3
515.5,0.43619,0.21588,-0.92593,2,-51.5,1.6659,921.75,3
515.75,0.28376,0.30775,-1.0057,3,-69,0.45252,924.25,3
516.25,0.36583,0.25033,-0.97154,2,-51,1.985,921.25,3
516.75,0.15478,0.30775,-1.0628,3,-68,0.72097,923.75,3
517.25,0.50654,0.19292,-0.92593,3,-66.5,1.083,923.25,3
517.5,0.50654,0.19292,-0.92593,3,-66,1.4726,922.75,3
518,0.31893,0.28478,-0.99434,3,-68.5,3.7,924.25,3
518.5,0.18995,0.33072,-1.04,2,-50.5,2.2657,920.75,3
518.58,0.18995,0.33072,-1.04,3,-64,2.7167,920.75,3
519,0.18995,0.33072,-1.04,2,-50.5,2.5571,920.25,3
519.08,0.29548,0.2733,-0.99434,3,-67.5,0.78693,923.75,3
519.25,0.29548,0.2733,-0.99434,2,-52,1.4159,922.25,3
519.75,0.54171,0.16995,-0.91452,3,-65.5,1.4511,922.75,3
520.25,0.23685,0.33072,-1.0286,2,-51.5,1.6766,921.75,3
520.5,0.23685,0.33072,-1.0286,2,-51.5,1.6782,921.75,3
521,0.15478,0.33072,-1.0514,2,-51.5,1.9758,921.25,3
521.25,0.51826,0.15847,-0.93733,2,-50.5,5.7356,920.25,3
521.5,0.54171,0.16995,-0.92593,2,-54,0.63967,923.75,3
521.58,0.54171,0.16995,-0.92593,3,-67.5,3.996,923.75,3
521.75,0.54171,0.16995,-0.92593,3,-65,1.7641,922.25,3
522.25,0.24858,0.33072,-1.0286,3,-66,1.468,922.75,3
522.5,0.24858,0.33072,-1.0286,3,-69.5,0.23777,924.75,3
522.75,0.24858,0.33072,-1.0286,2,-51.5,1.6751,921.75,3
523,0.17823,0.33072,-1.04,3,-68.5,0.52462,924.25,3
523.25,0.17823,0.33072,-1.04,2,-50.5,2.2764,920.75,3
523.33,0.15478,0.33072,-1.0514,3,-64,2.7596,920.75,3
523.5,0.15478,0.33072,-1.0514,2,-51,1.9819,921.25,3
523.75,0.2603,0.30775,-1.0172,3,-63.5,6.2556,920.25,3
523.8,0.2603,0.30775,-1.0172,3,-63.5,3.1048,920.25,3
524,0.2603,0.30775,-1.0172,3,-68,0.82221,923.75,3
524.5,0.2134,0.33072,-1.04,2,-53,0.9434,923.25,3
525,0.15478,0.33072,-1.0514,2,-52.5,1.1858,922.75,3
525.08,0.15478,0.33072,-1.0514,3,-70,0.28379,924.75,3
525.25,0.17823,0.33072,-1.04,2,-51.5,1.6981,921.75,3
525.33,0.17823,0.33072,-1.04,3,-68.5,0.52002,924.25,3
525.75,0.31893,0.2733,-1.0057,2,-51,2.281,920.75,3
525.83,0.31893,0.2733,-1.0057,3,-63.5,5.8905,920.75,3
526.25,0.15478,0.33072,-1.0628,2,-51,5.7279,920.25,3
526.5,0.31893,0.26182,-0.99434,3,-67.5,4.0037,923.75,3
527.5,0.1665,0.31923,-1.04,3,-70,3.4085,924.75,3
528.25,0.28376,0.29627,-1.0057,3,-64,2.7596,920.75,3
528.33,0.28376,0.29627,-1.0057,3,-64,2.7642,920.75,3
528.75,0.33066,0.26182,-0.99434,2,-51,2.5848,920.25,3
529,0.41273,0.21588,-0.97154,3,-65.5,1.7671,922.25,3
529.5,0.41273,0.21588,-0.97154,2,-53.5,0.89431,923.25,3
530,0.43619,0.19292,-0.94873,3,-65,2.0831,921.75,3
530.5,0.20168,0.33072,-1.04,2,-51,2.2856,920.75,3
530.75,0.18995,0.33072,-1.0514,2,-51,2.2642,920.75,3
531.25,0.17823,0.31923,-1.04,3,-67.5,0.86823,923.75,3
532,0.20168,0.33072,-1.04,2,-53,0.94493,923.25,3
532.08,0.20168,0.33072,-1.04,3,-65.5,1.468,922.75,3
532.75,0.17823,0.33072,-1.04,3,-69,3.7429,924.25,3
533,0.17823,0.33072,-1.04,3,-64,2.7642,920.75,3
533.25,0.14305,0.33072,-1.0514,3,-64,2.4145,921.25,3
533.5,0.14305,0.33072,-1.0514,3,-63.5,6.2694,920.25,3
533.75,0.17823,0.33072,-1.04,3,-65,1.784,922.25,3
534,0.17823,0.33072,-1.04,3,-71,6.2586,925.25,3
534.25,0.17823,0.33072,-1.04,3,-67,1.1566,923.25,3
534.75,0.41273,0.21588,-0.94873,3,-69.5,0.23623,924.75,3
535,0.41273,0.21588,-0.94873,3,-64.5,2.097,921.75,3
535.5,0.40101,0.22737,-0.94873,3,-64,2.755,920.75,3
535.58,0.40101,0.22737,-0.94873,2,-50.5,2.2856,920.75,3
535.75,0.40101,0.22737,-0.94873,2,-51,1.9926,921.25,3
535.83,0.40101,0.22737,-0.94873,3,-64,5.5576,921.25,3
536,0.29548,0.28478,-0.99434,3,-63.5,6.274,920.25,3
536.5,0.44791,0.21588,-0.93733,3,-65,1.7748,922.25,3
536.75,0.44791,0.21588,-0.93733,3,-67,1.1781,923.25,3
537,0.44791,0.21588,-0.93733,3,-66,1.4803,922.75,3
537.25,0.23685,0.30775,-1.0286,2,-51.5,1.7135,921.75,3
537.5,0.23685,0.30775,-1.0286,3,-64.5,2.0985,921.75,3
538,0.24858,0.30775,-1.0172,3,-64,5.9074,920.75,3
538.08,0.24858,0.30775,-1.0172,2,-51,2.278,920.75,3
538.25,0.14305,0.33072,-1.04,2,-51,1.9604,921.25,3
538.5,0.29548,0.28478,-0.99434,3,-63.5,6.251,920.25,3
538.75,0.35411,0.26182,-0.97154,3,-65,1.7441,922.25,3
539,0.35411,0.26182,-0.97154,2,-53,0.91579,923.25,3
539.75,0.49481,0.18143,-0.92593,2,-51.5,1.7073,921.75,3
539.83,0.49481,0.18143,-0.92593,3,-64.5,2.0923,921.75,3
540.25,0.29548,0.28478,-0.99434,3,-64,5.8797,920.75,3
540.5,0.29548,0.28478,-0.99434,2,-51,2.0126,921.25,3
540.58,0.29548,0.28478,-0.99434,3,-64,2.4053,921.25,3
540.75,0.1665,0.33072,-1.0514,2,-50.5,5.7448,920.25,3
541.25,0.52999,0.16995,-0.91452,3,-65,1.7334,922.25,3
541.75,0.52999,0.16995,-0.91452,2,-53,0.88971,923.25,3
541.85,0.15478,0.33072,-1.0514,3,-66.5,1.4634,922.75,3
542.25,0.15478,0.33072,-1.0514,3,-65.5,5.1895,921.75,3
542.75,0.23685,0.33072,-1.0286,2,-50.5,2.2887,920.75,3
543,0.42446,0.2044,-0.96014,3,-64.5,5.5622,921.25,3
543.25,0.42446,0.2044,-0.96014,2,-50.5,5.7478,920.25,3
543.5,0.20168,0.33072,-1.0514,3,-68,0.85136,923.75,3
543.75,0.20168,0.33072,-1.0514,2,-52,1.4373,922.25,3
543.83,0.20168,0.33072,-1.0514,3,-65,4.944,922.25,3
544,0.28376,0.29627,-0.99434,3,-66.5,4.3105,923.25,3
544.25,0.28376,0.29627,-0.99434,2,-52.5,1.1904,922.75,3
544.5,0.33066,0.2733,-0.98294,2,-51.5,1.7242,921.75,3
545,0.51826,0.16995,-0.92593,3,-68.5,0.53076,924.25,3
545.25,0.51826,0.16995,-0.92593,2,-50.5,2.304,920.75,3
545.5,0.14305,0.31923,-1.0628,2,-51,1.9957,921.25,3
545.75,0.40101,0.22737,-0.96014,2,-50.5,2.6078,920.25,3
546,0.38928,0.22737,-0.94873,2,-52,1.4343,922.25,3
546.08,0.38928,0.22737,-0.94873,3,-65,1.7794,922.25,3
546.5,0.2134,0.33072,-1.0286,2,-53,0.88971,923.25,3
547,0.37756,0.23885,-0.97154,3,-69.5,0.26691,924.75,3
547.25,0.37756,0.23885,-0.97154,2,-51.5,1.7104,921.75,3
547.33,0.14305,0.33072,-1.0514,3,-69,0.53229,924.25,3
547.75,0.1196,0.31923,-1.0628,3,-64,5.892,920.75,3
548,0.14305,0.33072,-1.0514,2,-51,2.0034,921.25,3
548.25,0.20168,0.30775,-1.04,2,-50.5,2.6154,920.25,3
548.5,0.23685,0.31923,-1.04,2,-52,1.4297,922.25,3
549,0.2134,0.33072,-1.04,3,-66.5,4.289,923.25,3
549.25,0.2134,0.33072,-1.04,2,-52.5,1.1474,922.75,3
549.35,0.2134,0.33072,-1.04,3,-65.5,1.4757,922.75,3
549.5,0.1665,0.33072,-1.04,2,-51.5,1.6935,921.75,3
549.58,0.1665,0.33072,-1.04,3,-64.5,2.1184,921.75,3
550,0.36583,0.25033,-0.96014,3,-64,5.9641,920.75,3
550.25,0.36583,0.25033,-0.96014,2,-51,2.0018,921.25,3
550.75,0.15478,0.33072,-1.0514,3,-68,0.83449,923.75,3
551.25,0.35411,0.2733,-0.97154,3,-67,1.1321,923.25,3
551.5,0.35411,0.2733,-0.97154,2,-52,1.175,922.75,3
551.75,0.15478,0.31923,-1.0628,3,-69.5,0.27918,924.75,3
552,0.15478,0.31923,-1.0628,2,-51.5,1.7012,921.75,3
552.5,0.18995,0.33072,-1.04,2,-50.5,2.2964,920.75,3
552.75,0.15478,0.33072,-1.0628,3,-64,5.9626,920.75,3
552.85,0.15478,0.33072,-1.0628,2,-51,1.9988,921.25,3
553,0.17823,0.33072,-1.0514,2,-50.5,2.6001,920.25,3
553.27,0.28376,0.28478,-1.0057,3,-67.5,0.82528,923.75,3
553.5,0.28376,0.28478,-1.0057,3,-65,1.7871,922.25,3
553.75,0.22513,0.31923,-1.0172,3,-66.5,1.152,923.25,3
554,0.22513,0.31923,-1.0172,3,-65.5,4.5667,922.75,3
554.5,0.2603,0.31923,-1.0286,2,-51.5,1.7012,921.75,3
555,0.31893,0.28478,-0.99434,2,-51,2.2657,920.75,3
555.25,0.30721,0.28478,-0.99434,3,-64,2.4682,921.25,3
555.33,0.30721,0.28478,-0.99434,2,-50.5,2.6016,920.25,3
555.75,0.15478,0.33072,-1.0514,2,-51.5,1.4557,922.25,3
555.83,0.15478,0.33072,-1.0514,3,-65,1.761,922.25,3
556.25,0.33066,0.26182,-0.98294,3,-66.5,4.2967,923.25,3
556.5,0.37756,0.23885,-0.96014,3,-70,0.27151,924.75,3
556.75,0.37756,0.23885,-0.96014,2,-51.5,1.7012,921.75,3
557.5,0.2603,0.31923,-1.0172,3,-63.5,2.755,920.75,3
557.58,0.2603,0.31923,-1.0172,3,-64,2.4375,921.25,3
557.75,0.15478,0.33072,-1.0628,2,-50.5,2.5955,920.25,3
558.25,0.41273,0.21588,-0.94873,3,-65,1.8132,922.25,3
558.5,0.41273,0.21588,-0.94873,3,-70,0.052155,925.25,3
559,0.20168,0.31923,-1.04,3,-69,0.26998,924.75,3
559.25,0.20168,0.31923,-1.04,2,-51.5,1.7273,921.75,3
559.5,0.15478,0.33072,-1.0628,3,-69,0.52002,924.25,3
560,0.41273,0.2044,-0.96014,3,-63.5,5.912,920.75,3
560.08,0.41273,0.2044,-0.96014,3,-63.5,2.436,921.25,3
560.25,0.41273,0.2044,-0.96014,2,-50,2.5955,920.25,3
560.33,0.15478,0.33072,-1.0514,3,-63.5,6.254,920.25,3
560.5,0.15478,0.33072,-1.0514,3,-67.5,4.019,923.75,3
560.75,0.15478,0.33072,-1.0514,3,-65,1.7303,922.25,3
561,0.15478,0.33072,-1.0514,2,-53,0.87284,923.25,3
561.25,0.1665,0.31923,-1.0514,2,-52.5,1.1305,922.75,3
561.33,0.1665,0.31923,-1.0514,3,-65.5,1.4972,922.75,3
561.5,0.1665,0.31923,-1.0514,2,-55,0.10738,924.75,3
561.75,0.35411,0.26182,-0.97154,2,-51.5,1.6858,921.75,3
562.25,0.42446,0.2044,-0.92593,3,-63.5,5.8844,920.75,3
562.5,0.15478,0.31923,-1.0628,2,-51,1.9727,921.25,3
562.58,0.15478,0.31923,-1.0628,2,-51,1.9712,921.25,3
562.75,0.14305,0.31923,-1.0628,3,-63,6.2234,920.25,3
562.83,0.14305,0.31923,-1.0628,3,-63.5,6.208,920.25,3
563,0.14305,0.31923,-1.0628,2,-52,1.4051,922.25,3
563.25,0.22513,0.33072,-1.04,3,-65,1.8024,922.25,3
563.5,0.22513,0.33072,-1.04,2,-53,0.8667,923.25,3
563.75,0.14305,0.33072,-1.0628,2,-52.5,1.1397,922.75,3
563.83,0.14305,0.33072,-1.0628,3,-65.5,1.4511,922.75,3
564,0.24858,0.30775,-1.0172,3,-64.5,2.0678,921.75,3
564.75,0.51826,0.16995,-0.91452,2,-50.5,2.2657,920.75,3
564.85,0.18995,0.33072,-1.0286,2,-51,2.2718,920.75,3
564.88,0.18995,0.33072,-1.0286,2,-51,2.0003,921.25,3
565,0.18995,0.33072,-1.0286,3,-64,5.5545,921.25,3
565.08,0.18995,0.33072,-1.0286,2,-50.5,2.5924,920.25,3
565.25,0.14305,0.31923,-1.0514,3,-63.5,6.2234,920.25,3
565.5,0.23685,0.31923,-1.0286,2,-52,1.4097,922.25,3
565.6,0.23685,0.31923,-1.0286,3,-65,1.784,922.25,3
566,0.40101,0.22737,-0.96014,2,-53,0.8667,923.25,3
566.08,0.40101,0.22737,-0.96014,2,-52.5,1.1428,922.75,3
566.25,0.18995,0.33072,-1.04,3,-66,1.4711,922.75,3
566.5,0.18995,0.33072,-1.04,2,-51.5,1.6858,921.75,3
566.75,0.17823,0.31923,-1.04,3,-68.5,3.7337,924.25,3
567,0.17823,0.31923,-1.04,2,-50.5,2.2841,920.75,3
567.25,0.1665,0.33072,-1.0514,2,-50.5,2.2918,920.75,3
567.5,0.1665,0.31923,-1.0514,2,-51,1.9758,921.25,3
567.58,0.1665,0.31923,-1.0514,2,-50.5,2.6078,920.25,3
567.63,0.14305,0.30775,-1.0628,2,-50.5,2.5878,920.25,3
567.75,0.1665,0.30775,-1.0628,3,-67.5,0.8621,923.75,3
568.5,0.2134,0.33072,-1.04,2,-53,0.87744,923.25,3
568.6,0.2134,0.33072,-1.04,3,-65.5,1.4864,922.75,3
569,0.48309,0.19292,-0.93733,2,-51,1.7012,921.75,3
569.25,0.38928,0.23885,-0.94873,2,-54,0.3835,924.25,3
569.5,0.33066,0.26182,-0.98294,3,-63.5,2.7366,920.75,3
570,0.14305,0.33072,-1.0514,3,-64,2.416,921.25,3
570.08,0.14305,0.33072,-1.0514,3,-63.5,6.2418,920.25,3
570.25,0.14305,0.33072,-1.0514,3,-67.5,0.84676,923.75,3
570.75,0.49481,0.18143,-0.92593,2,-53.5,0.89891,923.25,3
571,0.22513,0.33072,-1.0286,3,-66,1.468,922.75,3
571.25,0.22513,0.33072,-1.0286,3,-69,0.24544,924.75,3
571.5,0.37756,0.25033,-0.96014,3,-68.5,0.58291,924.25,3
572,0.37756,0.25033,-0.96014,2,-50.5,2.2734,920.75,3
572.08,0.15478,0.31923,-1.0628,3,-64,5.9764,920.75,3
572.25,0.15478,0.31923,-1.0628,2,-51,1.9696,921.25,3
572.5,0.28376,0.29627,-1.0057,3,-63.5,6.2817,920.25,3
572.58,0.28376,0.29627,-1.0057,3,-63.5,0.0061359,920.25,3
573,0.15478,0.33072,-1.0514,2,-52,1.4619,922.25,3
573.1,0.15478,0.33072,-1.0514,2,-52,1.4573,922.25,3
573.25,0.57689,0.15847,-0.91452,2,-53,0.90812,923.25,3
573.33,0.57689,0.15847,-0.91452,3,-66.5,1.2134,923.25,3
574.25,0.35411,0.25033,-0.97154,3,-68.5,0.6366,924.25,3
574.5,0.35411,0.25033,-0.97154,2,-51,2.2657,920.75,3
574.6,0.14305,0.33072,-1.0514,3,-63.5,5.9503,920.75,3
574.75,0.14305,0.33072,-1.0514,2,-51,1.9788,921.25,3
575,0.27203,0.29627,-1.0057,3,-63.5,0.032214,920.25,3
575.08,0.27203,0.29627,-1.0057,3,-67,4.0528,923.75,3
575.25,0.27203,0.29627,-1.0057,2,-52,1.4251,922.25,3
575.5,0.2603,0.31923,-1.0172,3,-69.5,0.11965,925.25,3
576,0.37756,0.22737,-0.97154,3,-65,1.6245,922.75,3
576.25,0.37756,0.22737,-0.97154,3,-68.5,0.44179,924.75,3
576.5,0.37756,0.22737,-0.97154,2,-51.5,1.6981,921.75,3
576.58,0.37756,0.22737,-0.97154,3,-64.5,2.2335,921.75,3
577,0.22513,0.33072,-1.04,2,-51,1.962,921.25,3
577.1,0.22513,0.33072,-1.04,2,-51,1.9512,921.25,3
577.25,0.20168,0.30775,-1.0514,2,-50.5,2.5694,920.25,3
577.5,0.15478,0.29627,-1.0742,3,-67,0.99555,923.75,3
578,0.34238,0.26182,-0.98294,3,-66.5,1.3039,923.25,3
578.25,0.34238,0.26182,-0.98294,3,-65.5,1.5892,922.75,3
578.75,0.30721,0.28478,-0.99434,3,-64.5,2.1829,921.75,3
579.25,0.58862,0.16995,-0.90312,2,-50.5,2.2672,920.75,3
579.5,0.15478,0.33072,-1.0628,3,-63.5,5.9779,920.75,3
579.75,0.15478,0.31923,-1.0514,3,-63.5,0.053689,920.25,3
580.25,0.28376,0.29627,-1.0057,2,-52,1.4281,922.25,3
580.33,0.28376,0.29627,-1.0057,2,-52,1.4128,922.25,3
580.5,0.18995,0.31923,-1.04,3,-66,1.3131,923.25,3
580.75,0.18995,0.31923,-1.04,2,-53,1.1628,922.75,3
580.83,0.15478,0.33072,-1.0628,2,-53,1.1689,922.75,3
581,0.15478,0.33072,-1.0628,3,-69,3.5389,924.75,3
581.25,0.15478,0.33072,-1.0628,2,-51.5,1.6935,921.75,3
581.75,0.1665,0.31923,-1.04,3,-63.5,2.8839,920.75,3
582,0.1665,0.31923,-1.04,3,-64,5.6957,921.25,3
582.08,0.1665,0.31923,-1.04,3,-64,2.5065,921.25,3
582.25,0.1665,0.31923,-1.04,3,-64,0.087437,920.25,3
582.75,0.38928,0.22737,-0.97154,3,-70,3.3119,925.25,3
583.25,0.38928,0.22737,-0.97154,2,-52.5,1.195,922.75,3
583.5,0.1665,0.30775,-1.0628,2,-51.5,1.6874,921.75,3
583.75,0.1665,0.30775,-1.0628,2,-51.5,1.7012,921.75,3
583.83,0.20168,0.30775,-1.04,3,-68,3.8902,924.25,3
584.25,0.20168,0.30775,-1.04,3,-63.5,2.8992,920.75,3
584.33,0.20168,0.30775,-1.04,3,-64,2.9069,920.75,3
584.5,0.20168,0.30775,-1.04,2,-51,1.9512,921.25,3
584.58,0.18995,0.31923,-1.04,2,-50.5,2.5372,920.25,3
585,0.15478,0.31923,-1.04,2,-52,1.4373,922.25,3
585.25,0.18995,0.31923,-1.04,2,-53,0.88971,923.25,3
585.5,0.18995,0.31923,-1.04,3,-66,1.2349,923.25,3
585.75,0.18995,0.31923,-1.04,2,-52.5,1.1735,922.75,3
586,0.33066,0.26182,-0.99434,3,-63.5,2.12,921.75,3
586.5,0.2134,0.30775,-1.04,2,-50.5,2.2657,920.75,3
587,0.31893,0.26182,-1.0057,3,-63,6.2433,920.25,3
587.25,0.31893,0.26182,-1.0057,3,-67,0.97715,923.75,3
587.5,0.31893,0.26182,-1.0057,3,-64.5,1.8208,922.25,3
588.5,0.27203,0.29627,-1.04,2,-51.5,1.6782,921.75,3
589,0.14305,0.25033,-1.04,3,-61.5,0.36816,920.75,3
589.25,0.14305,0.25033,-1.04,2,-49,2.6078,921.25,3
589.33,0.14305,0.25033,-1.04,2,-49,2.6538,921.25,3
589.38,0.14305,0.0091865,-1.0286,2,-48.5,5.938,921.25,3
589.5,0.14305,0.0091865,-1.0286,2,-47.5,3.5051,920.25,3
589.6,0.29548,-0.036746,-1.0286,2,-48,3.5527,920.25,3
589.63,0.23685,-0.01378,-1.04,3,-58.5,0.78847,920.25,3
589.75,0.23685,-0.01378,-1.04,3,-60,5.1327,923.75,3
589.83,0.23685,-0.01378,-1.04,3,-59,6.0899,922.25,3
590,0.23685,-0.01378,-1.04,2,-46.5,2.4099,922.25,3
590.08,0.072698,0.15847,-1.154,3,-59.5,5.915,922.25,3
590.25,0.1196,0.12402,-0.99434,2,-51,5.3321,923.25,3
591.5,-0.12663,0.42258,-1.0742,2,-51.5,4.2859,920.75,3
594.5,0.69414,0.76708,-0.15052,2,-59.5,5.2708,923.75,1
594.75,0.69414,0.76708,-0.15052,2,-59,5.418,923.75,1
594.83,0.69414,0.76708,-0.15052,2,-59,0.26384,922.25,1
595.33,0.67069,0.79004,-0.12771,2,-59.5,6.2663,922.75,1
595.5,0.67069,0.79004,-0.12771,3,-60,4.9517,924.75,1
595.75,0.67069,0.79004,-0.12771,2,-62.5,4.9179,924.75,1
596.75,0.83485,0.76708,-0.013684,2,-59.5,1.0907,920.25,1
597,0.83485,0.76708,-0.013684,2,-59.5,5.0223,923.75,1
597.75,0.92865,0.68669,0.020525,3,-59,1.8684,922.75,1
598,0.92865,0.68669,0.020525,1,-69,4.8412,924.75,1
599.25,0.42446,0.75559,-0.15052,1,-62,0.26231,920.25,4
600.75,0.96383,0.64076,0.24859,3,-59.5,0.57831,921.75,4
602.5,0.68242,0.76708,-0.23034,1,-52.5,1.8699,922.75,4
