0,0.35411,0.95081,0.0091224,2,-65,5.6941,923.75,4
0.75,0.35411,0.95081,0.0091224,2,-66,5.7524,922.75,4
1.25,0.35411,0.95081,0.0091224,3,-59,5.7248,921.75,4
4.75,-0.0093803,0.90487,0.25999,1,-62,4.8627,920.25,1
5,0.48309,0.88191,-0.20754,3,-58.5,0.36816,922.25,1
5.5,0.45964,0.87042,-0.40139,3,-59.5,1.1029,922.75,1
6.25,0.67069,0.67521,-0.60664,2,-53.5,0.84676,924.25,1
6.5,0.70587,0.46851,-0.69787,3,-59,1.6306,925.75,1
6.75,0.43619,0.39961,-0.89172,2,-50.5,1.9988,921.25,1
7,0.42446,0.35368,-1.0172,2,-51,5.5852,920.25,3
7.5,0.69414,0.33072,-0.8119,2,-51.5,0.57524,922.25,3
8.25,0.63552,0.26182,-0.78909,3,-59,6.0792,924.75,3
8.75,0.63552,0.26182,-0.78909,3,-58,5.1296,924.25,3
9.25,0.9521,0.15847,-0.48121,3,-61,0.046019,921.25,3
9.5,0.78795,0.33072,-0.447,3,-66.5,4.513,920.25,3
10,0.78795,0.33072,-0.447,3,-65,0.49854,925.25,3
10.5,0.78795,0.33072,-0.447,3,-61,2.1598,922.75,3
12.25,1.2335,-0.20899,-0.26455,2,-61.5,4.9164,922.25,3
13.25,1.2335,-0.20899,-0.26455,2,-58.5,5.1941,921.75,3
14,1.2335,-0.20899,-0.26455,3,-67.5,0.9434,920.75,3
14.5,1.2335,-0.20899,-0.26455,2,-58.5,1.0845,923.75,3
14.75,1.2335,-0.20899,-0.26455,3,-64,0.2347,922.25,3
15.75,1.2101,-0.17454,0.020525,3,-66,0.22396,921.75,3
16.5,1.2101,-0.17454,0.020525,2,-56.5,5.6911,920.75,3
16.75,1.2101,-0.17454,0.020525,3,-66.5,0.53229,921.25,3
17.75,1.0576,-0.094162,-0.0022806,3,-65.5,5.8445,922.75,3
18.25,1.0576,-0.094162,-0.0022806,3,-66,0.23163,921.75,3
18.75,1.0576,-0.094162,-0.0022806,3,-67,0.83142,920.75,3
20,1.3039,-0.22048,0.088944,2,-57.5,4.2476,923.25,3
20.5,1.3039,-0.22048,0.088944,3,-63.5,1.2118,924.75,3
20.75,1.3039,-0.22048,0.088944,2,-58.5,0.52769,924.25,3
21.5,1.3039,-0.22048,0.088944,2,-56.5,5.5116,921.25,3
21.75,1.3039,-0.22048,0.088944,3,-66,1.1443,920.25,3
22.75,1.1045,-0.11713,0.0091224,2,-57.5,1.4021,922.75,3
23,1.1045,-0.11713,0.0091224,2,-56.5,5.122,921.75,3
23.25,1.1045,-0.11713,0.0091224,3,-63.5,1.6398,924.25,3
23.75,1.1045,-0.11713,0.0091224,3,-65.5,0.632,921.25,3
24.25,1.1045,-0.11713,0.0091224,2,-58,0.8621,923.75,3
25,1.2218,-0.17454,0.043332,3,-64,5.7984,922.75,3
25.75,1.2218,-0.17454,0.043332,3,-63.5,1.6352,924.25,3
27,1.1983,-0.16306,0.043332,3,-64.5,6.2203,922.25,3
27.75,1.1983,-0.16306,0.043332,3,-63.5,5.8491,922.75,3
28,1.1983,-0.16306,0.043332,2,-58.5,0.51082,924.25,3
29.25,1.1866,-0.17454,0.054735,3,-63,2.0356,923.75,3
29.75,1.1866,-0.17454,0.054735,3,-63,5.4963,923.25,3
30.25,1.1866,-0.17454,0.054735,2,-58.5,0.18101,924.75,3
31,1.1163,-0.11713,0.020525,3,-65.5,4.177,920.75,3
31.5,1.1163,-0.11713,0.020525,3,-66,1.2701,920.25,3
32,1.1163,-0.11713,0.020525,3,-64,6.2817,922.25,3
32.25,1.1163,-0.11713,0.020525,2,-57,1.4082,922.75,3
32.75,1.1163,-0.11713,0.020525,3,-62.5,1.3023,924.75,3
33.75,1.1045,-0.12861,0.020525,3,-65,0.97408,921.25,3
34.5,1.339,-0.24344,0.077541,3,-62,2.6078,923.25,3
35,1.339,-0.24344,0.077541,3,-61.5,1.511,924.75,3
36.75,1.0342,-0.048229,-0.10491,3,-62,1.1351,925.25,3
37.75,1.0928,-0.094162,-0.025087,3,-63,3.6064,921.75,3
38,1.0928,-0.094162,-0.025087,2,-58.5,6.0439,925.75,3
38.5,1.0928,-0.094162,-0.025087,3,-63.5,3.9684,921.25,3
39,1.1514,-0.11713,-0.0022806,3,-62.5,0.13499,922.25,3
39.75,1.1514,-0.11713,-0.0022806,3,-62.5,6.0945,922.75,3
40,1.1514,-0.11713,-0.0022806,3,-62,1.4956,924.75,3
41,1.1514,-0.12861,0.0091224,3,-63,3.907,921.25,3
41.5,1.2452,-0.15158,0.043332,3,-62.5,3.2444,922.25,3
42.5,1.2921,-0.20899,0.066138,3,-63,0.46173,921.75,3
43,1.2921,-0.20899,0.066138,3,-62.5,0.73017,925.75,3
43.25,1.2921,-0.20899,0.066138,3,-63,3.9178,921.25,3
43.5,1.2921,-0.20899,0.066138,3,-63.5,1.3944,920.25,3
44.5,1.0811,-0.094162,-0.03649,3,-62,6.0776,922.75,3
45.25,1.0576,-0.094162,-0.047893,2,-57.5,0.632,924.25,3
46,1.0694,-0.071196,-0.047893,3,-63.5,4.5314,920.25,3
47,1.1749,-0.14009,0.020525,3,-62,6.0838,922.75,3
47.25,1.1749,-0.14009,0.020525,3,-61.5,1.4527,924.75,3
48,1.1045,-0.10565,-0.025087,3,-63,4.2415,920.75,3
48.5,1.1045,-0.10565,-0.025087,3,-63,1.4113,920.25,3
48.75,1.1045,-0.10565,-0.025087,3,-62.5,0.081301,922.25,3
49.25,1.1045,-0.10565,-0.025087,3,-61.5,5.6849,923.25,3
49.5,1.1045,-0.10565,-0.025087,3,-62,6.0592,922.75,3
50.25,1.0225,-0.059712,-0.059296,3,-62.5,0.6995,925.75,3
50.5,1.0225,-0.059712,-0.059296,3,-63,3.8794,921.25,3
51.25,1.1045,-0.094162,-0.025087,3,-62.5,0.17027,922.25,3
52.25,1.339,-0.20899,0.066138,3,-62.5,0.46019,921.75,3
52.75,1.339,-0.20899,0.066138,2,-58.5,5.9534,925.75,3
53,1.339,-0.20899,0.066138,3,-63,4.2123,920.75,3
53.75,1.2687,-0.16306,0.066138,3,-62,0.14266,922.25,3
54,1.2687,-0.16306,0.066138,3,-61.5,2.5571,923.25,3
54.5,1.2687,-0.16306,0.066138,3,-62,1.4266,924.75,3
55.25,1.2218,-0.16306,0.031928,2,-58.5,5.9488,925.75,3
55.5,1.2218,-0.16306,0.031928,3,-63,3.8794,921.25,3
56.25,1.2101,-0.16306,0.020525,3,-62.5,0.14573,922.25,3
56.5,1.2101,-0.16306,0.020525,3,-61.5,2.5341,923.25,3
57.25,1.3273,-0.19751,0.077541,3,-62.5,3.5558,921.75,3
57.75,1.3273,-0.19751,0.077541,3,-62.5,0.6366,925.75,3
58,1.3273,-0.19751,0.077541,3,-63,0.7133,921.25,3
58.25,1.3273,-0.19751,0.077541,3,-61.5,2.1644,923.75,3
59,1.0928,-0.10565,-0.025087,3,-61.5,2.5295,923.25,3
59.25,1.0928,-0.10565,-0.025087,3,-61.5,1.4113,924.75,3
59.75,1.0928,-0.10565,-0.025087,3,-63,0.39884,921.75,3
60.5,1.3156,-0.17454,0.066138,3,-63,3.9377,921.25,3
60.75,1.3156,-0.17454,0.066138,3,-61.5,2.1875,923.75,3
61,1.3156,-0.17454,0.066138,2,-58.5,0.018408,925.25,3
61.75,1.3508,-0.20899,0.066138,3,-61.5,1.4327,924.75,3
62.25,1.3508,-0.20899,0.066138,2,-58.5,5.9595,925.75,3
63,1.2335,-0.15158,0.043332,3,-63,3.9301,921.25,3
63.25,1.2335,-0.15158,0.043332,3,-61.5,2.1798,923.75,3
63.75,1.2335,-0.15158,0.043332,3,-62,1.0953,925.25,3
64.5,1.1045,-0.10565,-0.013684,3,-63,0.40804,921.75,3
64.75,1.1045,-0.10565,-0.013684,3,-62.5,0.65961,925.75,3
65.75,1.2921,-0.18603,0.054735,3,-62.5,0.11198,922.25,3
66.5,1.1514,-0.11713,0.0091224,3,-61.5,1.3975,924.75,3
67,1.1514,-0.11713,0.0091224,3,-61.5,1.7503,924.25,3
67.75,1.2452,-0.14009,0.031928,3,-62.5,3.9423,921.25,3
68.75,1.1632,-0.12861,0.0091224,3,-61.5,2.4789,923.25,3
69,1.1632,-0.12861,0.0091224,2,-58,0.26845,924.75,3
69.75,1.2218,-0.14009,0.043332,2,-58.5,5.9518,925.75,3
70,1.2218,-0.14009,0.043332,3,-63,4.2154,920.75,3
70.75,0.97555,-0.048229,-0.070699,3,-62,0.11045,922.25,3
71.25,0.97555,-0.048229,-0.070699,3,-61.5,2.482,923.25,3
72,1.1045,-0.10565,-0.013684,3,-62,1.7441,924.25,3
72.75,1.1045,-0.082679,-0.013684,3,-63.5,1.4573,920.25,3
73,1.1045,-0.082679,-0.013684,3,-62.5,0.10738,922.25,3
73.5,1.1045,-0.082679,-0.013684,3,-61.5,5.6236,923.25,3
73.75,1.1045,-0.082679,-0.013684,3,-62,2.8532,922.75,3
74.5,1.0694,-0.071196,-0.047893,3,-62.5,0.63967,925.75,3
75.5,1.1163,-0.10565,-0.013684,3,-61.5,2.1338,923.75,3
75.75,1.1163,-0.10565,-0.013684,3,-62,1.1167,925.25,3
76,1.1163,-0.10565,-0.013684,3,-61.5,5.6895,923.25,3
76.25,1.1163,-0.10565,-0.013684,3,-62,1.4573,924.75,3
77,1.1163,-0.10565,-0.0022806,3,-62.5,0.69489,925.75,3
77.5,1.1163,-0.10565,-0.0022806,3,-63,0.71944,921.25,3
78.25,1.339,-0.19751,0.066138,3,-62,1.0523,925.25,3
78.5,1.339,-0.19751,0.066138,3,-62,6.0117,922.75,3
79,1.339,-0.19751,0.066138,3,-61.5,1.4588,924.75,3
79.25,1.339,-0.19751,0.066138,3,-61.5,1.7917,924.25,3
79.75,1.0459,-0.048229,-0.03649,3,-63,3.8871,921.25,3
80.25,1.0459,-0.048229,-0.03649,3,-61.5,2.0632,923.75,3
80.75,1.0459,-0.048229,-0.03649,3,-62,1.0477,925.25,3
81.25,1.0928,-0.071196,-0.025087,3,-62,2.8962,922.75,3
81.5,1.0928,-0.071196,-0.025087,3,-63,0.50468,921.75,3
82.5,1.3508,-0.20899,0.077541,3,-64,4.5897,920.25,3
83.25,1.2218,-0.15158,0.043332,3,-61.5,5.7049,923.25,3
83.5,1.2218,-0.15158,0.043332,3,-62,2.9713,922.75,3
84,1.2218,-0.15158,0.043332,3,-62.5,3.677,921.75,3
84.25,1.2218,-0.15158,0.043332,2,-58.5,5.9657,925.75,3
85.25,1.1866,-0.14009,0.031928,3,-61.5,2.1476,923.75,3
86,1.128,-0.10565,-0.0022806,3,-62,6.0792,922.75,3
86.75,1.0928,-0.094162,-0.025087,3,-61.5,1.781,924.25,3
87.25,1.0928,-0.094162,-0.025087,3,-63.5,3.9607,921.25,3
87.75,1.0928,-0.059712,-0.047893,3,-62.5,0.15186,922.25,3
89.5,1.1632,-0.12861,-0.0022806,3,-63,0.76085,921.25,3
90.25,1.2218,-0.14009,0.031928,3,-62,1.017,925.25,3
91,1.0694,-0.059712,-0.03649,3,-61.5,1.4082,924.75,3
91.5,1.0694,-0.059712,-0.03649,3,-61.5,1.7733,924.25,3
92,1.1163,-0.10565,-0.013684,3,-63,3.8595,921.25,3
92.5,1.1163,-0.10565,-0.013684,3,-61.5,2.0678,923.75,3
93.5,1.2101,-0.15158,0.043332,3,-61.5,1.4266,924.75,3
94,1.2101,-0.15158,0.043332,3,-61.5,1.7411,924.25,3
94.75,1.1514,-0.10565,-0.0022806,3,-63,1.333,920.25,3
95,1.1514,-0.10565,-0.0022806,3,-62,0.003068,922.25,3
95.5,1.1514,-0.10565,-0.0022806,3,-61.5,2.4467,923.25,3
96,1.2687,-0.17454,0.043332,3,-62.5,3.5711,921.75,3
96.5,1.2687,-0.17454,0.043332,2,-58.5,5.9795,925.75,3
97.25,1.0694,-0.071196,-0.025087,3,-63,4.4286,920.25,3
97.5,1.0694,-0.071196,-0.025087,3,-62,6.2632,922.25,3
99,1.3508,-0.20899,0.077541,3,-62.5,0.68262,925.75,3
99.25,1.3508,-0.20899,0.077541,3,-63,3.8396,921.25,3
99.75,1.3508,-0.20899,0.077541,3,-61.5,5.2033,923.75,3
100.5,1.0811,-0.071196,-0.03649,3,-62,5.9703,922.75,3
101.25,1.1045,-0.094162,-0.0022806,3,-62.5,0.68262,925.75,3
101.75,1.1045,-0.094162,-0.0022806,3,-63,0.71944,921.25,3
102.5,1.1514,-0.10565,0.0091224,3,-62,0.99709,925.25,3
103.25,1.0811,-0.059712,-0.03649,3,-63,0.40497,921.75,3
103.78,1.0811,-0.059712,-0.03649,3,-62.5,0.67955,925.75,3
104.5,1.1163,-0.082679,-0.0022806,3,-61.5,2.0939,923.75,3
105.25,1.3156,-0.17454,0.066138,3,-61.5,5.6128,923.25,3
105.5,1.3156,-0.17454,0.066138,3,-61.5,1.4235,924.75,3
106,1.3156,-0.17454,0.066138,3,-62.5,0.40957,921.75,3
106.25,1.3156,-0.17454,0.066138,3,-62.5,0.66882,925.75,3
107,1.2921,-0.17454,0.066138,3,-61.5,2.0709,923.75,3
107.25,1.2921,-0.17454,0.066138,3,-62.5,6.274,922.25,3
108,1.1632,-0.12861,0.0091224,3,-62,1.4251,924.75,3
108.5,1.1632,-0.12861,0.0091224,2,-58.5,6.0071,925.75,3
109.25,1.2804,-0.17454,0.077541,3,-63.5,1.4251,920.25,3
109.75,1.2804,-0.17454,0.077541,3,-62.5,3.2091,922.25,3
110.25,1.1163,-0.094162,-0.013684,3,-62,2.8854,922.75,3
110.75,1.1163,-0.094162,-0.013684,3,-63,0.50928,921.75,3
111,1.1163,-0.094162,-0.013684,3,-62.5,0.72097,925.75,3
111.5,1.1163,-0.094162,-0.013684,3,-63,3.9454,921.25,3
112,1.1749,-0.12861,0.020525,3,-61.5,2.1215,923.75,3
112.5,1.1749,-0.12861,0.020525,2,-58.5,6.2264,925.25,3
112.75,1.1749,-0.12861,0.020525,3,-62,2.8639,922.75,3
113.25,1.0225,-0.048229,-0.047893,3,-61.5,1.8147,924.25,3
114.25,1.2218,-0.15158,0.043332,3,-61.5,2.1138,923.75,3
115,1.3039,-0.17454,0.066138,3,-61.5,2.4866,923.25,3
115.25,1.3039,-0.17454,0.066138,2,-57.5,0.31293,924.75,3
115.5,1.3039,-0.17454,0.066138,3,-63,0.41878,921.75,3
117,1.339,-0.18603,0.066138,3,-62.5,0.0061359,922.25,3
118,1.1045,-0.082679,-0.013684,3,-63,0.41571,921.75,3
118.25,1.1045,-0.082679,-0.013684,3,-62.5,0.67495,925.75,3
119.25,1.3977,-0.22048,0.088944,3,-61.5,2.0632,923.75,3
119.5,1.3977,-0.22048,0.088944,3,-62.5,6.2694,922.25,3
120.5,1.1749,-0.10565,0.020525,3,-63,3.545,921.75,3
120.75,1.1749,-0.10565,0.020525,2,-58.5,5.9657,925.75,3
121.5,1.0928,-0.094162,-0.025087,3,-63.5,4.493,920.25,3
122,1.0928,-0.094162,-0.025087,3,-62.5,0.0092039,922.25,3
122.5,1.3156,-0.18603,0.066138,3,-62,1.422,924.75,3
123,1.3156,-0.18603,0.066138,3,-63,0.37276,921.75,3
123.75,1.2335,-0.14009,0.031928,3,-63,0.63967,921.25,3
124.25,1.2335,-0.14009,0.031928,3,-62.5,0.0061359,922.25,3
125,1.0811,-0.071196,-0.025087,3,-62,5.9979,922.75,3
126,1.1045,-0.082679,-0.013684,3,-63,0.68722,921.25,3
126.75,1.128,-0.094162,-0.0022806,3,-62.5,6.2694,922.25,3
127,1.128,-0.094162,-0.0022806,3,-62,5.5944,923.25,3
127.5,1.128,-0.094162,-0.0022806,3,-62,5.9779,922.75,3
128.25,1.1045,-0.082679,-0.025087,3,-62.5,0.7179,925.75,3
129,1.3039,-0.17454,0.066138,3,-62,2.0693,923.75,3
129.25,1.3039,-0.17454,0.066138,3,-62.5,1.0446,925.25,3
129.5,1.3039,-0.17454,0.066138,3,-61.5,2.4636,923.25,3
130,1.3039,-0.17454,0.066138,3,-62,1.4082,924.75,3
130.75,1.3039,-0.18603,0.054735,2,-58.5,5.9089,925.75,3
131,1.3039,-0.18603,0.054735,3,-63,3.8595,921.25,3
131.5,1.2921,-0.15158,0.054735,3,-62.5,0.036816,922.25,3
132.5,1.128,-0.094162,-0.013684,3,-62.5,0.42338,921.75,3
133,1.128,-0.094162,-0.013684,2,-58.5,5.9104,925.75,3
133.25,1.128,-0.094162,-0.013684,3,-63,4.2829,920.75,3
133.5,1.128,-0.094162,-0.013684,3,-63,3.8365,921.25,3
134,1.1045,-0.10565,-0.013684,3,-63,0.11658,922.25,3
135.5,1.3273,-0.18603,0.077541,3,-64,0.61359,925.75,3
136.75,1.0811,-0.082679,-0.013684,3,-64.5,1.0155,925.25,3
137,1.0811,-0.082679,-0.013684,3,-63.5,5.9426,922.75,3
137.5,1.0811,-0.082679,-0.013684,3,-64.5,0.30219,921.75,3
138,1.0811,-0.082679,-0.013684,3,-64.5,0.63507,925.75,3
138.25,1.0811,-0.082679,-0.013684,3,-65,0.66882,921.25,3
139.5,1.0694,-0.059712,-0.03649,3,-63.5,2.3945,923.25,3
139.75,1.0694,-0.059712,-0.03649,3,-63.5,1.4143,924.75,3
140.75,1.1983,-0.12861,0.031928,3,-65.5,0.78693,921.25,3
141,1.1983,-0.12861,0.031928,3,-63,2.1737,923.75,3
142,1.3039,-0.18603,0.054735,3,-62.5,2.4682,922.75,3
142.75,1.1163,-0.082679,-0.025087,3,-64.5,0.55837,925.75,3
143.5,1.128,-0.10565,0.0091224,3,-63.5,1.8484,923.75,3
143.75,1.128,-0.10565,0.0091224,3,-64,5.9626,922.25,3
144.75,1.3273,-0.18603,0.077541,3,-64.5,0.059825,921.75,3
145.25,1.3273,-0.18603,0.077541,2,-58,5.9135,925.75,3
145.75,0.98728,-0.025263,-0.059296,3,-65,0.98175,920.25,3
147.5,1.0694,-0.082679,-0.03649,3,-63.5,1.6091,924.25,3
148.5,1.2452,-0.17454,0.054735,3,-63,1.8392,923.75,3
149.5,1.2687,-0.17454,0.066138,3,-64,1.3361,924.75,3
149.75,1.2687,-0.17454,0.066138,3,-63.5,1.7104,924.25,3
150.25,1.2687,-0.17454,0.066138,3,-64.5,0.7179,920.75,3
150.5,1.2687,-0.17454,0.066138,3,-65.5,1.014,920.25,3
152.75,1.1045,-0.082679,-0.013684,3,-65,0.53536,920.75,3
153.5,1.0459,-0.036746,-0.047893,3,-64,5.9749,922.25,3
154.5,1.0576,-0.059712,-0.025087,3,-64.5,0.22703,921.75,3
155,1.0576,-0.059712,-0.025087,3,-64.5,0.57371,925.75,3
155.5,1.1045,-0.071196,-0.013684,3,-62.5,4.2415,920.25,3
156,1.1045,-0.071196,-0.013684,3,-63.5,0.003068,922.25,3
157.5,1.128,-0.082679,-0.0022806,3,-63.5,0.8621,920.75,3
158.5,1.339,-0.19751,0.077541,3,-63,6.1727,922.25,3
158.75,1.339,-0.19751,0.077541,3,-62,5.4917,923.25,3
159.25,1.339,-0.19751,0.077541,3,-62.5,1.2993,924.75,3
160,1.0811,-0.059712,-0.025087,3,-64,0.86977,920.75,3
161,1.1163,-0.094162,-0.013684,3,-63.5,6.1819,922.25,3
161.75,1.1983,-0.10565,0.020525,3,-63.5,0.21629,921.75,3
162.25,1.1983,-0.10565,0.020525,2,-58.5,5.9626,925.75,3
162.5,1.1983,-0.10565,0.020525,3,-64,0.84983,920.75,3
163.25,0.97555,-0.025263,-0.070699,3,-63,6.185,922.25,3
163.75,0.97555,-0.025263,-0.070699,3,-62,2.3777,923.25,3
164,0.97555,-0.025263,-0.070699,3,-62.5,1.333,924.75,3
164.75,1.0811,-0.082679,-0.013684,2,-58.5,6.0055,925.75,3
165,1.0811,-0.082679,-0.013684,3,-63,0.60746,921.25,3
165.25,1.0811,-0.082679,-0.013684,3,-63.5,1.2257,920.25,3
166,1.3742,-0.19751,0.088944,3,-62.5,5.438,923.25,3
166.25,1.3742,-0.19751,0.088944,3,-62.5,2.6354,922.75,3
166.75,1.3742,-0.19751,0.088944,3,-62.5,1.6076,924.25,3
168,1.0928,-0.082679,-0.03649,3,-63,6.1773,922.25,3
168.5,1.0928,-0.082679,-0.03649,3,-62.5,2.3516,923.25,3
169.25,1.1749,-0.12861,0.031928,3,-63.5,0.3114,921.75,3
169.75,1.1749,-0.12861,0.031928,3,-64,4.0344,920.75,3
170,1.1749,-0.12861,0.031928,3,-63.5,1.1858,920.25,3
170.75,1.0694,-0.059712,-0.025087,2,-58,0.033748,925.25,3
173.25,1.2335,-0.14009,0.043332,3,-63,0.98635,925.25,3
173.5,1.2335,-0.14009,0.043332,3,-62.5,2.7489,922.75,3
173.75,1.2335,-0.14009,0.043332,3,-62.5,1.3468,924.75,3
174.5,1.2335,-0.14009,0.043332,2,-58.5,5.9672,925.75,3
174.75,1.0576,-0.048229,-0.047893,3,-64,3.7859,921.25,3
175.5,1.0576,-0.048229,-0.047893,3,-63,2.7903,922.25,3
176.25,1.3859,-0.20899,0.088944,3,-63.5,1.3208,924.75,3
177,1.0928,-0.082679,-0.0022806,3,-65,0.80227,920.75,3
177.75,0.96383,-0.025263,-0.070699,3,-62.5,2.0678,923.75,3
178.5,1.1632,-0.11713,0.020525,3,-63,5.9503,922.75,3
179.5,1.0928,-0.082679,-0.025087,3,-62.5,4.1479,920.75,3
179.75,1.0928,-0.082679,-0.025087,3,-63,3.8948,921.25,3
180.5,1.339,-0.19751,0.077541,3,-62.5,1.0538,925.25,3
181,1.339,-0.19751,0.077541,3,-62.5,2.7642,922.75,3
181.75,1.0928,-0.082679,-0.013684,2,-58,6.0485,925.75,3
182.25,1.0107,-0.036746,-0.059296,3,-63,4.513,920.25,3
183.25,1.1045,-0.082679,-0.013684,3,-62,2.7872,922.75,3
183.75,1.1045,-0.082679,-0.013684,3,-63,0.37429,921.75,3
184,1.1045,-0.082679,-0.013684,2,-58,6.0408,925.75,3
186,1.2452,-0.15158,0.043332,3,-62.5,1.3898,924.75,3
186.25,1.2452,-0.15158,0.043332,3,-62.5,1.7748,924.25,3
186.75,1.2452,-0.15158,0.043332,3,-63.5,4.2323,920.75,3
187,1.2452,-0.15158,0.043332,3,-63,3.993,921.25,3
187.25,1.2452,-0.15158,0.043332,3,-61.5,2.2181,923.75,3
188.25,1.339,-0.20899,0.10035,3,-62.5,0.0061359,922.75,3
188.75,1.2804,-0.22048,0.088944,3,-62,2.031,924.25,3
189.25,1.2804,-0.22048,0.088944,3,-64,1.2824,920.75,3
190,1.0225,-0.059712,-0.047893,3,-63,0.25924,922.25,3
190.5,1.0225,-0.059712,-0.047893,3,-62.5,5.8107,923.25,3
190.75,1.0225,-0.059712,-0.047893,3,-62.5,1.646,924.75,3
191.5,1.2218,-0.16306,0.054735,3,-63,4.424,920.75,3
192.5,1.2452,-0.16306,0.066138,3,-63,0.22703,922.25,3
193,1.2452,-0.16306,0.066138,3,-62,2.6354,923.25,3
193.25,1.2452,-0.16306,0.066138,3,-62,1.5785,924.75,3
194.25,1.1163,-0.10565,-0.0022806,3,-63,4.2752,920.75,3
194.5,1.1163,-0.10565,-0.0022806,3,-63.5,4.5682,920.25,3
194.75,1.1163,-0.10565,-0.0022806,3,-62.5,0.1626,922.25,3
195.5,1.3273,-0.18603,0.077541,3,-62.5,6.0715,922.75,3
196,1.3273,-0.18603,0.077541,3,-62.5,3.5895,921.75,3
196.25,1.3273,-0.18603,0.077541,2,-58.5,6.0454,925.75,3
196.5,1.3273,-0.18603,0.077541,3,-63.5,4.2537,920.75,3
197.25,1.3273,-0.19751,0.077541,3,-63.5,0.25157,922.25,3
197.5,1.3273,-0.19751,0.077541,3,-60,5.6972,925.25,3
198.25,0.8583,0.078086,-0.52682,2,-51.5,4.6924,924.75,3
198.33,0.8583,0.078086,-0.52682,2,-47.5,0.78693,921.75,3
198.5,0.77622,0.18143,-0.51542,2,-48,1.5186,921.75,3
198.75,0.8114,0.26182,-0.53822,3,-59,5.3996,925.75,3
199.75,0.97555,0.57186,-0.34437,2,-64,4.6786,925.25,1
200.25,0.62379,0.81301,-0.31016,1,-64,0.65501,922.75,1
200.75,0.75277,0.80152,-0.18473,1,-65.5,4.5084,921.75,1
201.25,0.75277,0.80152,-0.18473,3,-59.5,1.4941,925.75,1
201.33,0.75277,0.80152,-0.18473,1,-65.5,5.665,920.75,1
201.5,0.58862,0.88191,-0.12771,1,-66,5.4932,921.25,1
202.25,0.44791,1.0197,-0.32157,3,-58.5,0.74858,922.25,1
202.5,0.44791,1.0197,-0.32157,3,-58.5,0.29759,923.25,1
202.58,0.44791,1.0197,-0.32157,3,-59,0.41264,923.25,1
202.75,0.44791,1.0197,-0.32157,3,-58.5,0.92039,922.75,1
203.25,0.44791,0.89339,-0.19613,3,-58.5,5.0575,921.75,1
205.75,0.47136,0.93932,0.054735,1,-67.5,0.45406,921.75,1
207.75,0.35411,0.96229,0.14596,3,-59,1.6552,924.75,4
209.25,0.23685,0.97377,0.11175,3,-60,5.9779,923.75,4
218,0.27203,0.83597,0.36262,1,-59,1.9543,921.75,2
442,-0.22044,0.85894,0.35121,2,-60.5,1.2793,921.75,1
442.25,-0.22044,0.85894,0.35121,2,-62.5,5.9626,925.75,1
442.75,-0.22044,0.85894,0.35121,2,-58.5,5.0391,921.25,1
443,0.37756,1.0082,-0.26455,1,-65.5,1.3898,920.25,1
443.25,0.37756,1.0082,-0.26455,1,-65.5,1.1996,923.75,1
443.5,0.47136,0.88191,-0.32157,3,-62.5,0.58445,923.25,1
444,0.47136,0.88191,-0.32157,3,-59.5,5.2048,922.75,1
444.75,0.77622,0.52593,-0.53822,3,-58.5,5.7125,920.75,1
446.5,1.0459,0.10105,-0.33297,3,-59,0.85289,924.75,3
446.75,1.0459,0.10105,-0.33297,3,-60,0.13499,921.75,3
447,1.1632,-0.071196,-0.28736,3,-59.5,1.2548,924.25,3
447.75,1.1514,-0.10565,-0.17333,3,-58.5,0.50928,920.25,3
448,1.1514,-0.10565,-0.17333,3,-58.5,1.5064,923.75,3
448.08,1.1514,-0.10565,-0.17333,3,-59,5.6895,922.25,3
448.5,1.2921,-0.23196,-0.12771,3,-59,4.7492,923.25,3
448.75,1.2921,-0.23196,-0.12771,3,-59,1.8929,922.75,3
449.25,1.2335,-0.15158,-0.03649,3,-60,0.99709,924.25,3
450.25,1.1163,-0.082679,-0.059296,3,-60,0.27458,920.25,3
450.75,1.1163,-0.071196,-0.070699,3,-61.5,0.50621,925.25,3
451.75,1.1397,-0.094162,-0.10491,3,-63.5,0.25924,921.75,3
452.25,1.2804,-0.18603,-0.013684,3,-61.5,4.2338,920.75,3
452.75,1.2804,-0.18603,-0.013684,3,-62,1.3023,920.25,3
453.5,1.2804,-0.20899,-0.013684,3,-59.5,5.3214,923.25,3
492.75,1.1045,-0.071196,-0.047893,3,-63.5,0.28225,924.75,3
493.25,1.1045,-0.071196,-0.047893,3,-63.5,0.52002,924.25,3
493.5,1.1045,-0.071196,-0.047893,3,-62,6.0209,920.75,3
498,1.1045,-0.071196,-0.047893,3,-61.5,2.2964,921.75,3
499,1.1163,-0.059712,-0.059296,3,-62,0.013806,920.25,3
499.75,1.1163,-0.059712,-0.059296,3,-63,0.049087,925.25,3
500.25,1.1163,-0.059712,-0.059296,3,-63.5,0.47247,924.75,3
501.5,1.3156,-0.15158,0.020525,3,-62.5,6.1329,920.25,3
501.75,1.3156,-0.15158,0.020525,3,-62,1.8653,922.25,3
503.25,1.3742,-0.19751,0.066138,2,-59.5,6.0224,924.25,3
503.75,1.3742,-0.19751,0.066138,3,-62,5.688,921.25,3
504.75,1.1632,-0.094162,-0.013684,3,-62,1.3852,923.25,3
505.5,1.1632,-0.094162,-0.013684,3,-62.5,0.76085,924.25,3
506.5,1.0928,-0.048229,-0.03649,3,-62.5,1.0891,923.75,3
507.25,1.1632,-0.10565,-0.025087,3,-62,1.6782,922.75,3
508,1.1632,-0.10565,-0.025087,3,-63,6.0147,925.75,3
508.75,1.0694,-0.036746,-0.070699,3,-62,0.056757,920.25,3
509.25,1.0694,-0.036746,-0.070699,3,-63.5,0.069029,925.25,3
510.25,1.1163,-0.059712,-0.03649,3,-61.5,2.255,921.75,3
510.75,1.1163,-0.059712,-0.03649,3,-62,2.7949,920.75,3
511.75,1.1983,-0.10565,0.0091224,3,-63.5,0.15033,925.25,3
512.25,1.1983,-0.10565,0.0091224,3,-62,1.7779,922.75,3
512.75,1.1983,-0.10565,0.0091224,3,-62,2.3163,921.75,3
513.25,1.1983,-0.10565,0.0091224,3,-62.5,5.9749,920.75,3
514.25,1.0576,-0.025263,-0.059296,3,-63.5,0.070563,925.25,3
514.75,1.0576,-0.025263,-0.059296,3,-62.5,4.8075,922.75,3
515.75,1.0928,-0.059712,-0.03649,3,-62.5,5.734,921.25,3
516.25,1.0928,-0.059712,-0.03649,3,-62.5,0.029146,920.25,3
517.25,1.0928,-0.059712,-0.03649,2,-59,5.7877,924.75,3
517.5,1.0928,-0.059712,-0.03649,3,-62.5,0.72557,924.25,3
519,1.1632,-0.094162,-0.025087,3,-62.5,0.049087,925.25,3
519.75,1.1632,-0.094162,-0.025087,3,-63,0.36816,924.75,3
520,1.1632,-0.094162,-0.025087,3,-62.5,0.69029,924.25,3
521,1.0928,-0.048229,-0.047893,3,-61.5,6.2326,920.25,3
521.5,1.0928,-0.048229,-0.047893,3,-61.5,1.9175,922.25,3
522.5,1.1045,-0.071196,-0.03649,3,-61.5,5.3367,921.75,3
523,1.1045,-0.071196,-0.03649,3,-61.5,5.9549,920.75,3
523.75,1.0811,-0.048229,-0.047893,3,-62.5,1.0983,923.75,3
524.25,1.0811,-0.048229,-0.047893,3,-62,1.379,923.25,3
524.5,1.0811,-0.048229,-0.047893,3,-63,0.3881,924.75,3
525.5,1.1514,-0.071196,-0.0022806,3,-61.5,5.9764,920.75,3
525.75,1.1514,-0.071196,-0.0022806,3,-62,0.059825,920.25,3
527,1.1045,-0.071196,-0.03649,2,-59.5,5.7892,924.75,3
527.25,1.1045,-0.071196,-0.03649,3,-62,5.4533,921.75,3
528.25,1.0811,-0.048229,-0.059296,3,-62.5,6.1375,920.25,3
528.75,1.0811,-0.048229,-0.059296,3,-63,1.804,922.25,3
529.75,1.1163,-0.048229,-0.03649,3,-62.5,5.5193,921.75,3
530.25,1.1163,-0.048229,-0.03649,3,-61.5,6.1712,920.75,3
530.5,1.1163,-0.048229,-0.03649,3,-62,5.7064,921.25,3
531.5,1.128,-0.082679,-0.047893,3,-63,1.2839,923.25,3
532,1.128,-0.082679,-0.047893,2,-59,5.7033,924.75,3
532.25,1.128,-0.082679,-0.047893,3,-63.5,0.76085,924.25,3
533.25,1.0576,-0.01378,-0.059296,3,-62.5,6.1421,920.25,3
533.75,1.0576,-0.01378,-0.059296,3,-63,0.1672,925.25,3
534.25,1.0576,-0.01378,-0.059296,3,-62,1.804,922.75,3
535.25,1.339,-0.16306,0.054735,3,-62,6.0439,920.75,3
535.5,1.339,-0.16306,0.054735,3,-62,0.10738,920.25,3
536.5,1.0928,-0.036746,-0.047893,3,-62,1.4788,923.25,3
537,1.0928,-0.036746,-0.047893,3,-62.5,0.49701,924.75,3
537.25,1.0928,-0.036746,-0.047893,2,-59.5,6.0393,924.25,3
537.75,1.0928,-0.036746,-0.047893,3,-62,6.047,920.75,3
538,1.0928,-0.036746,-0.047893,3,-62,0.092039,920.25,3
538.75,1.1632,-0.094162,-0.013684,2,-60,5.5484,925.25,3
539.25,1.1632,-0.094162,-0.013684,3,-62.5,0.45252,924.75,3
539.5,1.1632,-0.094162,-0.013684,3,-62.5,0.82528,924.25,3
541,1.1045,-0.048229,-0.03649,3,-62.5,0.16567,925.25,3
541.5,1.1045,-0.048229,-0.03649,3,-62.5,0.50468,924.75,3
542,1.1045,-0.048229,-0.03649,3,-61.5,2.3286,921.75,3
542.75,1.1632,-0.082679,-0.013684,3,-62,5.8015,921.25,3
543,1.1632,-0.082679,-0.013684,2,-59,0.064427,923.75,3
543.25,1.1632,-0.082679,-0.013684,3,-62,5.1741,922.25,3
544,1.1632,-0.082679,-0.013684,3,-62.5,0.4694,924.75,3
545,1.0928,-0.036746,-0.070699,3,-61.5,6.0546,920.75,3
545.25,1.0928,-0.036746,-0.070699,3,-61.5,5.7816,921.25,3
545.5,1.0928,-0.036746,-0.070699,3,-61.5,0.11351,920.25,3
545.75,1.0928,-0.036746,-0.070699,3,-61.5,5.2002,922.25,3
546.25,1.0928,-0.036746,-0.070699,3,-61.5,1.4404,923.25,3
546.5,1.0928,-0.036746,-0.070699,2,-59.5,5.7555,924.75,3
547.25,1.128,-0.059712,-0.03649,3,-62,6.0807,920.75,3
548.25,1.2452,-0.12861,0.020525,3,-61.5,2.0172,922.25,3
549.25,1.2452,-0.12861,0.020525,3,-61.5,5.461,921.75,3
550.5,1.0459,-0.025263,-0.070699,3,-62,1.149,923.75,3
551,1.0459,-0.025263,-0.070699,3,-63,0.15186,925.25,3
551.25,1.0459,-0.025263,-0.070699,3,-61.5,4.8412,922.75,3
552.25,1.128,-0.071196,-0.03649,3,-61.5,6.0746,920.75,3
553.25,1.1163,-0.059712,-0.03649,3,-62.5,0.11505,925.25,3
553.75,1.1163,-0.059712,-0.03649,3,-61.5,4.8612,922.75,3
554.75,1.128,-0.059712,-0.03649,3,-61.5,6.05,920.75,3
555,1.128,-0.059712,-0.03649,3,-61.5,0.076699,920.25,3
556,1.2335,-0.094162,0.020525,3,-61.5,1.4527,923.25,3
556.5,1.2335,-0.094162,0.020525,3,-62,5.4303,921.75,3
557,1.2335,-0.094162,0.020525,3,-62.5,6.0654,925.75,3
557.25,1.2335,-0.094162,0.020525,3,-61.5,5.7217,921.25,3
558.25,1.1163,-0.036746,-0.03649,2,-59.5,5.5576,925.25,3
558.5,1.1163,-0.036746,-0.03649,3,-61.5,1.7518,922.75,3
558.75,1.1163,-0.036746,-0.03649,3,-61.5,5.4456,921.75,3
559.25,1.1163,-0.036746,-0.03649,2,-59,6.0454,924.25,3
560.5,1.1163,-0.071196,-0.03649,3,-62.5,0.12272,925.25,3
561,1.1163,-0.071196,-0.03649,3,-61.5,1.7303,922.75,3
561.5,1.1163,-0.071196,-0.03649,3,-61.5,5.4456,921.75,3
562.25,1.0694,-0.036746,-0.070699,3,-61.5,5.7678,921.25,3
562.5,1.0694,-0.036746,-0.070699,3,-61.5,0.11965,920.25,3
562.75,1.0694,-0.036746,-0.070699,3,-61.5,2.0402,922.25,3
563.25,1.0694,-0.036746,-0.070699,3,-62,4.5529,923.25,3
564.25,1.2335,-0.11713,0.020525,2,-60.5,5.283,925.75,3
564.5,1.2335,-0.11713,0.020525,3,-61.5,6.096,920.75,3
565,1.2335,-0.11713,0.020525,3,-61.5,0.076699,920.25,3
566,1.128,-0.059712,-0.03649,2,-59.5,5.8199,924.75,3
566.25,1.128,-0.059712,-0.03649,3,-61.5,5.4656,921.75,3
566.75,1.128,-0.059712,-0.03649,3,-61.5,6.0638,920.75,3
567.25,1.0928,-0.036746,-0.047893,3,-61.5,0.058291,920.25,3
567.75,1.0928,-0.036746,-0.047893,3,-62.5,0.16107,925.25,3
568.75,1.1514,-0.082679,-0.013684,3,-61,2.324,921.75,3
569.25,1.1514,-0.082679,-0.013684,3,-61.5,6.0362,920.75,3
570,1.0576,-0.01378,-0.070699,2,-58.5,0.064427,923.75,3
571,1.1514,-0.082679,-0.013684,3,-61.5,5.4334,921.75,3
571.75,1.1514,-0.082679,-0.013684,3,-61,6.0393,920.75,3
572.25,1.2921,-0.14009,0.043332,3,-62.5,4.2507,923.75,3
572.75,1.2921,-0.14009,0.043332,3,-63,0.16107,925.25,3
573.25,1.2921,-0.14009,0.043332,3,-61.5,1.7334,922.75,3
573.5,1.2921,-0.14009,0.043332,3,-61.5,2.2979,921.75,3
574.5,1.1632,-0.071196,-0.013684,3,-61.5,5.7463,921.25,3
575.75,1.128,-0.048229,-0.03649,2,-59.5,5.777,924.75,3
576,1.128,-0.048229,-0.03649,3,-61.5,5.4456,921.75,3
577,1.0694,-0.036746,-0.070699,3,-61.5,0.13192,920.25,3
578,1.1163,-0.048229,-0.025087,3,-61.5,1.7012,922.75,3
578.5,1.1163,-0.048229,-0.025087,3,-61.5,5.4456,921.75,3
579.75,1.2921,-0.14009,0.020525,3,-61.5,2.0249,922.25,3
580.25,1.2921,-0.14009,0.020525,3,-61.5,4.536,923.25,3
580.75,1.2921,-0.14009,0.020525,3,-62,0.50008,924.75,3
581.5,1.1866,-0.094162,-0.0022806,3,-61.5,5.7816,921.25,3
582.75,1.1045,-0.036746,-0.025087,3,-61.5,1.4327,923.25,3
583,1.1045,-0.036746,-0.025087,3,-62,0.48167,924.75,3
583.25,1.1045,-0.036746,-0.025087,3,-61,5.4963,921.75,3
583.75,1.1045,-0.036746,-0.025087,3,-61.5,6.0592,920.75,3
584.5,1.2921,-0.12861,0.031928,3,-61.5,1.1167,923.75,3
584.75,1.2921,-0.12861,0.031928,3,-62.5,0.13039,925.25,3
585.25,1.2921,-0.12861,0.031928,3,-61.5,4.8811,922.75,3
586,1.257,-0.12861,0.020525,3,-62.5,6.1206,925.75,3
586.5,1.257,-0.12861,0.020525,3,-61.5,5.7187,921.25,3
587,1.0928,-0.036746,-0.047893,3,-61,2.0249,922.25,3
587.5,1.0928,-0.036746,-0.047893,3,-61.5,1.4726,923.25,3
588,1.0928,-0.036746,-0.047893,3,-62.5,0.48934,924.75,3
588.25,1.0928,-0.036746,-0.047893,2,-59.5,6.0485,924.25,3
589,1.2101,-0.10565,-0.0022806,3,-61.5,5.754,921.25,3
589.25,1.2101,-0.10565,-0.0022806,3,-61.5,0.069029,920.25,3
589.5,1.2101,-0.10565,-0.0022806,3,-61.5,5.1618,922.25,3
590.25,1.1045,-0.036746,-0.03649,3,-62,0.46633,924.75,3
590.75,1.1045,-0.036746,-0.03649,2,-59.5,6.0178,924.25,3
591.25,1.1045,-0.036746,-0.03649,3,-61.5,6.0669,920.75,3
591.75,1.2804,-0.12861,0.031928,3,-61.5,1.1167,923.75,3
592.25,1.2804,-0.12861,0.031928,3,-61.5,1.4481,923.25,3
592.75,1.2804,-0.12861,0.031928,3,-61.5,1.7181,922.75,3
593,1.2804,-0.12861,0.031928,3,-61.5,5.4533,921.75,3
593.5,1.2804,-0.12861,0.031928,3,-61,6.0899,920.75,3
594,1.0694,-0.036746,-0.059296,3,-61.5,0.11351,920.25,3
595.25,1.1045,-0.036746,-0.047893,2,-59.5,5.7647,924.75,3
595.5,1.1045,-0.036746,-0.047893,3,-61,5.4502,921.75,3
596,1.1045,-0.036746,-0.047893,3,-61.5,6.1022,920.75,3
596.25,1.1045,-0.036746,-0.047893,3,-61.5,5.7601,921.25,3
596.5,1.1045,-0.036746,-0.047893,3,-61.5,0.13499,920.25,3
597,1.128,-0.059712,-0.03649,3,-62.5,0.1626,925.25,3
597.5,1.128,-0.059712,-0.03649,3,-61.5,4.8382,922.75,3
598,1.128,-0.059712,-0.03649,3,-61,5.4656,921.75,3
598.75,1.0928,-0.036746,-0.059296,3,-61.5,5.7555,921.25,3
599,1.0928,-0.036746,-0.059296,3,-61,0.099709,920.25,3
599.25,1.0928,-0.036746,-0.059296,3,-61,5.148,922.25,3
600.25,1.1749,-0.082679,-0.013684,3,-61,5.484,921.75,3
600.75,1.1749,-0.082679,-0.013684,3,-62.5,6.1175,925.75,3
601,1.1749,-0.082679,-0.013684,3,-61.5,6.0884,920.75,3
601.25,1.1749,-0.082679,-0.013684,3,-61,0.12272,920.25,3
601.5,1.1749,-0.082679,-0.013684,3,-61.5,1.1045,923.75,3
602.25,1.2921,-0.14009,0.031928,3,-61.5,1.7487,922.75,3
602.75,1.2921,-0.14009,0.031928,3,-61,5.461,921.75,3
603.25,1.2921,-0.14009,0.031928,3,-61.5,6.1221,920.75,3
603.75,1.0694,-0.036746,-0.093505,3,-61.5,0.11812,920.25,3
604.5,1.0694,-0.036746,-0.093505,3,-62.5,0.16107,925.25,3
605.25,1.128,-0.059712,-0.047893,3,-61.5,5.4702,921.75,3
605.75,1.128,-0.059712,-0.047893,3,-61,6.0792,920.75,3
606.5,1.0342,0.0091865,-0.082102,3,-61.5,1.1305,923.75,3
606.75,1.0342,0.0091865,-0.082102,3,-62.5,0.13192,925.25,3
607.25,1.0342,0.0091865,-0.082102,3,-61.5,4.8827,922.75,3
608,1.1514,-0.071196,-0.025087,3,-62.5,6.0945,925.75,3
608.75,1.1749,-0.094162,-0.013684,3,-61.5,1.1167,923.75,3
609.25,1.1749,-0.094162,-0.013684,3,-62.5,0.18254,925.25,3
609.5,1.1749,-0.094162,-0.013684,3,-61,1.7825,922.75,3
610,1.1749,-0.094162,-0.013684,3,-61,5.4809,921.75,3
610.5,1.1749,-0.094162,-0.013684,3,-62.5,6.0899,925.75,3
611,1.1514,-0.082679,-0.013684,3,-61.5,0.19788,920.25,3
611.25,1.1514,-0.082679,-0.013684,3,-61.5,1.1152,923.75,3
611.75,1.1514,-0.082679,-0.013684,2,-60,5.5392,925.25,3
612.75,1.1749,-0.082679,-0.013684,3,-62.5,0.76392,924.25,3
613.25,1.1749,-0.082679,-0.013684,3,-62.5,5.7125,921.25,3
614,1.1514,-0.094162,-0.013684,3,-61.5,5.1296,922.25,3
614.5,1.1514,-0.094162,-0.013684,3,-62,1.7012,922.75,3
615,1.1514,-0.094162,-0.013684,3,-61.5,2.281,921.75,3
615.5,1.1514,-0.094162,-0.013684,3,-62.5,5.9841,920.75,3
616.25,1.128,-0.059712,-0.03649,2,-59,0.044485,923.75,3
616.33,1.128,-0.059712,-0.03649,3,-62,5.2125,922.25,3
617,1.128,-0.059712,-0.03649,3,-62,1.8883,922.75,3
617.5,0.9521,0.15847,-0.26455,3,-59.5,4.8781,924.25,3
617.75,0.9521,0.15847,-0.26455,2,-59,0.12885,925.75,3
618,0.9521,0.15847,-0.26455,3,-58.5,1.2701,920.75,3
618.75,0.82312,0.26182,-0.52682,2,-52,5.1925,922.25,3
619,1.0811,0.29627,-0.40139,3,-61.5,0.63507,925.25,3
621,1.0811,0.29627,-0.40139,2,-63.5,5.915,920.25,3
