0,-0.091458,0.97377,0.20297,3,-61,0.87744,922.75,4
0.75,0.48309,0.84746,-0.41279,3,-58.5,0.96641,924.75,1
1.75,0.9521,0.42258,-0.35577,2,-51.5,6.0362,920.25,3
2.25,0.97555,0.37665,-0.41279,3,-62,1.1674,921.75,3
3,0.94038,0.1355,-0.42419,3,-68.5,5.5791,920.75,3
4.75,1.0576,-0.036746,-0.24174,2,-59.5,1.4419,921.75,3
7.25,1.1514,-0.071196,-0.11631,2,-58.5,1.1382,921.75,3
9,1.2335,-0.094162,-0.11631,3,-69.5,1.0201,921.25,3
10,1.2335,-0.094162,-0.11631,2,-59.5,0.36816,923.25,3
10.75,1.2335,-0.094162,-0.11631,2,-60,0.072097,923.75,3
11.5,1.2335,-0.094162,-0.11631,3,-68.5,1.3975,920.25,3
17.5,1.1397,-0.036746,-0.13912,2,-60,0.6412,922.75,3
23.75,1.1045,-0.036746,-0.16192,2,-58.5,1.514,921.25,3
24.75,1.1045,-0.036746,-0.16192,2,-60,0.76546,922.75,3
31,1.1397,-0.036746,-0.13912,3,-68.5,1.3545,920.25,3
34,1.1514,-0.071196,-0.13912,2,-62.5,5.3643,925.75,3
36.25,1.1514,-0.059712,-0.13912,2,-59.5,0.99402,922.25,3
37.5,1.1514,-0.059712,-0.13912,2,-61,0.27918,923.75,3
40.5,1.128,-0.036746,-0.16192,3,-69.5,1.5693,920.25,3
41.5,1.128,-0.036746,-0.16192,2,-60.5,0.33441,923.25,3
44.25,1.1163,-0.036746,-0.17333,2,-60,0.6228,922.75,3
45.75,1.1163,-0.036746,-0.17333,2,-58.5,4.5437,921.25,3
48.25,1.3508,-0.12861,-0.093505,2,-59.5,4.0144,922.25,3
49,1.3508,-0.12861,-0.093505,2,-59.5,0.64427,922.75,3
50.25,1.3508,-0.12861,-0.093505,2,-61,6.0991,924.25,3
59.5,1.0928,-0.036746,-0.16192,2,-62.5,5.7294,925.25,3
62.75,1.128,-0.025263,-0.16192,3,-69.5,0.61359,921.25,3
65.25,1.1514,-0.036746,-0.13912,2,-60,0.8575,922.25,3
68.75,1.128,-0.036746,-0.15052,3,-71,1.221,920.75,3
70.25,1.128,-0.036746,-0.15052,2,-60,0.84522,922.25,3
73.5,1.3039,-0.11713,-0.093505,2,-60.5,0.59365,922.75,3
74.75,1.3039,-0.11713,-0.093505,3,-69.5,1.5263,920.25,3
77.25,1.1514,-0.048229,-0.12771,2,-58.5,4.5283,921.25,3
77.75,1.1514,-0.048229,-0.12771,2,-59.5,4.2,921.75,3
79.5,1.1514,-0.048229,-0.12771,3,-70.5,1.5539,920.25,3
82.25,1.2687,-0.10565,-0.093505,2,-59,4.5007,921.25,3
83,1.2687,-0.10565,-0.093505,3,-72,5.9104,922.75,3
84.5,1.2687,-0.10565,-0.093505,3,-69.5,1.2379,920.25,3
87.25,1.3625,-0.15158,-0.070699,2,-59.5,0.86056,922.25,3
88,1.3625,-0.15158,-0.070699,2,-60.5,0.59058,922.75,3
92.5,1.128,-0.036746,-0.17333,2,-60.5,5.372,925.75,3
100.5,1.0928,-0.036746,-0.17333,3,-70,0.85443,920.75,3
109,1.339,-0.15158,-0.013684,2,-60,1.1229,921.25,3
111.5,1.339,-0.15158,-0.013684,3,-71,5.9979,922.25,3
114.25,1.339,-0.15158,-0.013684,3,-70.5,0.049087,921.75,3
120,1.339,-0.15158,-0.013684,2,-60,4.4531,920.75,3
134.25,1.1749,-0.048229,-0.093505,3,-66,6.251,922.75,3
134.5,1.1749,-0.048229,-0.093505,2,-52,0.74091,920.75,3
135,0.45964,0.56038,-0.75488,3,-59,4.6526,923.75,1
135.08,0.45964,0.56038,-0.75488,3,-61,1.4051,925.25,1
135.25,0.45964,0.56038,-0.75488,3,-60.5,0.48167,924.25,1
135.5,0.45964,0.56038,-0.75488,3,-59,4.0773,920.25,1
135.58,0.45964,0.56038,-0.75488,3,-58.5,5.5745,920.25,1
135.75,0.43619,0.79004,-0.50401,3,-58.5,5.9595,921.25,1
136,0.43619,0.79004,-0.50401,3,-60.5,0.16107,922.25,1
136.75,0.072698,0.87042,-0.33297,3,-70.5,0.48167,922.75,4
137.25,0.072698,0.87042,-0.33297,3,-68.5,2.301,924.75,4
138,0.23685,1.0312,-0.0022806,1,-65.5,5.4732,921.25,4
149,0.049247,0.90487,0.054735,1,-58.5,1.8147,920.75,2
150.5,0.049247,0.90487,0.054735,1,-59,0.83142,922.25,2
151.5,0.049247,0.90487,0.054735,1,-58.5,5.1572,920.75,2
154,0.049247,0.90487,0.054735,1,-59.5,1.8132,920.75,2
206.5,0.8114,0.73263,-0.025087,1,-61,0.37429,922.25,2
213.75,0.8114,0.73263,-0.025087,1,-59.5,0.65348,922.25,2
229.5,1.0928,0.59483,0.043332,1,-59.5,1.6506,920.75,2
232,1.0928,0.59483,0.043332,1,-63.5,1.8193,924.75,2
414.25,0.47136,0.85894,-0.36718,2,-52.5,4.941,920.75,1
414.58,0.47136,0.85894,-0.36718,2,-52.5,3.8288,920.75,1
415,0.94038,0.4111,-0.447,3,-61.5,6.1543,925.25,1
415.75,0.94038,0.4111,-0.447,3,-64.5,1.014,922.25,1
416.5,0.94038,0.4111,-0.447,2,-59,0.77619,923.25,1
417.75,1.1163,-0.059712,-0.19613,3,-67.5,4.9624,920.25,3
418.5,1.1163,-0.059712,-0.19613,3,-68,0.7133,921.75,3
419.25,1.1163,-0.059712,-0.19613,3,-67,1.4711,920.75,3
420.25,1.1163,-0.059712,-0.19613,3,-67.5,4.8949,920.25,3
421.75,1.3742,-0.17454,-0.03649,3,-67.5,1.356,920.75,3
422.75,1.3742,-0.17454,-0.03649,3,-68,1.7717,920.25,3
423.25,1.3742,-0.17454,-0.03649,3,-69.5,0.70256,921.75,3
424.25,1.3742,-0.17454,-0.03649,3,-67.5,1.7365,920.75,3
426.5,1.1163,-0.082679,-0.12771,2,-58,5.0575,920.75,3
427.75,1.1163,-0.082679,-0.12771,3,-69,1.2594,921.25,3
432.75,1.3039,-0.16306,-0.047893,2,-58,1.6199,921.25,3
433,1.3039,-0.16306,-0.047893,2,-58.5,1.3361,921.75,3
434.25,1.3039,-0.16306,-0.047893,2,-60.5,0.25311,923.75,3
435.25,1.3039,-0.16306,-0.047893,2,-59,1.0615,922.25,3
436,1.3039,-0.16306,-0.047893,2,-59.5,0.78847,922.75,3
438,1.2218,-0.12861,-0.082102,3,-70,0.94493,921.75,3
442.75,1.3508,-0.18603,-0.03649,2,-59,1.037,922.25,3
444.75,1.128,-0.082679,-0.11631,3,-69,1.9451,920.25,3
445.75,1.128,-0.082679,-0.11631,3,-70.5,0.11965,922.75,3
447.25,1.128,-0.082679,-0.11631,3,-69,2.0126,920.25,3
449.75,1.0928,-0.059712,-0.13912,2,-58,4.6848,921.25,3
450,1.0928,-0.059712,-0.13912,3,-69.5,0.95107,921.75,3
452,1.0928,-0.059712,-0.13912,3,-69,1.9758,920.25,3
452.75,1.0928,-0.059712,-0.13912,3,-69.5,0.88817,921.75,3
455,1.1045,-0.059712,-0.13912,3,-69.5,0.92652,921.75,3
456.75,1.1045,-0.059712,-0.13912,3,-68.5,1.9865,920.25,3
457.5,1.1045,-0.059712,-0.13912,2,-58.5,1.2609,921.75,3
460.5,1.1749,-0.094162,-0.10491,2,-60,0.73784,922.75,3
461.75,1.1749,-0.094162,-0.10491,3,-69,1.985,920.25,3
462.25,1.1749,-0.094162,-0.10491,3,-69.5,0.95414,921.75,3
466.75,1.128,-0.082679,-0.12771,2,-58.5,1.511,921.25,3
467.25,1.128,-0.082679,-0.12771,3,-70.5,0.78847,921.75,3
469,1.128,-0.082679,-0.12771,2,-58,5.1849,920.25,3
471.5,1.1045,-0.082679,-0.12771,3,-69.5,1.7779,920.25,3
472.75,1.1045,-0.082679,-0.12771,2,-58.5,4.8796,920.75,3
474.25,1.1045,-0.082679,-0.12771,2,-58.5,1.4864,921.25,3
475,1.1045,-0.082679,-0.12771,2,-60,0.69336,922.75,3
482.75,1.1045,-0.059712,-0.15052,2,-58.5,4.8458,920.75,3
488.75,1.1514,-0.094162,-0.11631,2,-58.5,4.605,921.25,3
489.5,1.1514,-0.094162,-0.11631,2,-60.5,0.66421,922.75,3
491.25,1.1514,-0.094162,-0.11631,2,-58.5,1.4864,921.25,3
493.5,1.1514,-0.082679,-0.11631,2,-58.5,4.6204,921.25,3
496,1.1514,-0.082679,-0.11631,2,-59.5,0.948,922.25,3
505.75,1.3859,-0.17454,-0.03649,2,-58.5,1.4603,921.25,3
506.75,1.3859,-0.17454,-0.03649,2,-60.5,0.64427,922.75,3
508,1.3859,-0.17454,-0.03649,2,-58.5,1.4696,921.25,3
517.25,1.3273,-0.17454,-0.047893,2,-64,2.4912,925.25,3
519,1.3273,-0.17454,-0.047893,2,-60.5,0.69796,922.75,3
522.5,1.1163,-0.071196,-0.12771,2,-57.5,5.1895,920.25,3
523,1.1163,-0.071196,-0.12771,3,-71.5,0.48167,922.25,3
532.75,1.1397,-0.094162,-0.11631,2,-59,1.1888,921.75,3
535,1.1397,-0.094162,-0.11631,2,-58.5,1.4481,921.25,3
540.25,1.3508,-0.17454,-0.047893,2,-59,1.1658,921.75,3
542,1.3508,-0.17454,-0.047893,2,-58,5.1511,920.25,3
544.5,1.2335,-0.14009,-0.082102,2,-58.5,1.4481,921.25,3
547.25,1.3977,-0.18603,-0.013684,2,-58.5,1.4435,921.25,3
557.25,1.339,-0.17454,-0.03649,2,-59,1.1858,921.75,3
560.25,1.3508,-0.17454,-0.047893,2,-60,0.70256,922.75,3
561.75,1.3508,-0.17454,-0.047893,2,-58.5,4.5605,921.25,3
562.75,1.3508,-0.17454,-0.047893,2,-59.5,0.632,922.75,3
564.5,1.2335,-0.14009,-0.10491,3,-66.5,1.129,922.25,3
565.25,1.2335,-0.14009,-0.10491,2,-59,0.02301,922.75,3
565.75,1.2335,-0.14009,-0.10491,3,-65.5,4.2905,923.75,3
566.5,1.0811,0.21588,-0.60664,2,-49,2.5955,920.25,3
566.58,1.0811,0.21588,-0.60664,2,-48.5,2.64,920.25,3
566.75,0.48309,0.60631,-0.85751,2,-54,2.3531,922.25,1
567.25,0.47136,0.53741,-0.65225,3,-59,4.8903,923.25,1
567.75,0.31893,0.91636,-0.37858,3,-58.5,5.3567,920.75,4
567.83,0.31893,0.91636,-0.37858,2,-62,1.31,920.75,4
