0,0.43619,0.90487,-0.35577,3,-59,2.2841,921.25,1
0.25,0.43619,0.90487,-0.35577,3,-58,5.2094,920.25,1
0.5,0.52999,0.70966,-0.64085,3,-58,1.3453,923.75,1
1,0.83485,0.51445,-0.61804,3,-62,2.1108,925.25,1
2,0.67069,0.3422,-0.8119,2,-59.5,6.231,925.75,3
2.5,0.9052,0.22737,-0.4356,3,-59.5,6.0868,921.25,3
2.55,0.9052,0.22737,-0.4356,3,-60,5.5898,921.25,3
3,1.1397,-0.059712,-0.24174,3,-64,5.7294,922.25,3
3.5,1.1397,-0.059712,-0.24174,3,-66,5.5898,923.25,3
4.25,1.4094,-0.059712,-0.082102,3,-65.5,1.1996,924.25,3
4.75,1.4094,-0.059712,-0.082102,3,-63.5,0.3068,920.75,3
5.25,1.2921,-0.094162,-0.025087,3,-63,3.9991,920.25,3
5.75,1.0342,0.043636,-0.093505,3,-63.5,5.191,923.25,3
6.25,1.0342,0.043636,-0.093505,3,-63.5,2.2534,922.75,3
7,1.1514,-0.048229,-0.025087,3,-64,0.40037,925.75,3
8,1.1045,-0.059712,-0.025087,3,-62.5,6.116,922.25,3
8.5,0.99901,-0.025263,-0.10491,3,-62.5,2.7673,922.75,3
9,0.99901,-0.025263,-0.10491,3,-63.5,3.361,921.75,3
9.5,0.99901,-0.025263,-0.10491,3,-64.5,0.67342,925.75,3
10,1.2101,-0.12861,0.0091224,3,-64,4.1939,920.25,3
10.25,1.2101,-0.12861,0.0091224,3,-63.5,2.8532,922.25,3
10.75,1.2101,-0.12861,0.0091224,3,-63.5,2.1982,923.25,3
11.25,1.2101,-0.12861,0.0091224,2,-58.5,0.66421,924.75,3
11.5,1.2101,-0.12861,0.0091224,3,-65,0.29299,921.75,3
12.75,1.1514,-0.071196,0.0091224,3,-63.5,2.008,923.75,3
13.25,1.1514,-0.071196,0.0091224,3,-63.5,2.3853,923.25,3
13.5,1.1514,-0.071196,0.0091224,3,-63.5,5.9181,922.75,3
14.25,1.0107,-0.025263,-0.070699,2,-58.5,6.2418,925.75,3
15,1.0225,-0.01378,-0.082102,3,-63.5,2.011,923.75,3
15.75,1.1514,-0.059712,-0.0022806,3,-63.5,5.8,922.75,3
18.5,1.0811,-0.036746,-0.03649,3,-63.5,1.3698,924.75,3
18.75,1.0811,-0.036746,-0.03649,3,-63,1.7365,924.25,3
19.25,1.0811,-0.036746,-0.03649,3,-65,0.83909,920.75,3
19.5,1.0811,-0.036746,-0.03649,3,-64.5,0.48934,921.25,3
20.25,1.1749,-0.082679,0.0091224,3,-64,6.0945,922.25,3
20.75,1.1749,-0.082679,0.0091224,3,-64,2.643,922.75,3
21,1.1749,-0.082679,0.0091224,3,-64.5,0.28685,921.75,3
22.5,1.128,-0.059712,-0.013684,3,-64,6.0884,922.25,3
23,1.128,-0.059712,-0.013684,2,-58.5,0.10738,925.25,3
23.75,1.1397,-0.071196,-0.0022806,3,-64.5,0.28072,921.75,3
24,1.1397,-0.071196,-0.0022806,2,-58.5,6.1973,925.75,3
25,1.2101,-0.10565,0.0091224,3,-64.5,6.0914,922.25,3
26.5,1.1866,-0.094162,0.020525,3,-64.5,0.66728,925.75,3
26.75,1.1866,-0.094162,0.020525,3,-64.5,0.52769,921.25,3
27.5,1.0694,-0.036746,-0.03649,3,-64.5,6.0792,922.25,3
29.5,1.0459,-0.0022966,-0.047893,3,-65,1.0692,920.25,3
30,1.0459,-0.0022966,-0.047893,3,-64,6.0592,922.25,3
32,1.0342,-0.01378,-0.059296,3,-65.5,1.0462,920.25,3
32.25,1.0342,-0.01378,-0.059296,3,-64.5,2.9084,922.25,3
32.75,1.0342,-0.01378,-0.059296,3,-63.5,2.258,923.25,3
33.5,1.257,-0.10565,0.054735,3,-63.5,1.6981,924.25,3
34.75,1.1866,-0.071196,0.0091224,3,-64.5,6.0408,922.25,3
35.75,1.1514,-0.059712,0.0091224,3,-64.5,0.13806,921.75,3
36.25,1.1514,-0.059712,0.0091224,3,-64.5,0.62126,925.75,3
37.25,1.1163,-0.036746,-0.013684,2,-59,0.033748,925.25,3
37.75,1.1163,-0.036746,-0.013684,3,-63.5,5.7294,922.75,3
38.75,1.3625,-0.15158,0.077541,2,-58.5,6.1237,925.75,3
38.825,1.3625,-0.15158,0.077541,3,-65,0.74858,920.75,3
40.5,1.2921,-0.12861,0.054735,3,-63.5,1.3146,924.75,3
40.75,1.2921,-0.12861,0.054735,3,-63.5,1.6582,924.25,3
41.25,1.2921,-0.12861,0.054735,3,-65,0.71023,920.75,3
42.5,1.2452,-0.10565,0.043332,3,-63.5,2.2611,923.25,3
42.75,1.2452,-0.10565,0.043332,3,-63.5,1.2793,924.75,3
43.25,1.2452,-0.10565,0.043332,3,-65,0.18101,921.75,3
44,1.0107,-0.0022966,-0.059296,3,-65.5,0.55837,921.25,3
44.75,1.1632,-0.10565,0.020525,3,-63.5,5.5239,923.25,3
45.75,1.257,-0.12861,0.054735,3,-64,1.6598,924.25,3
47.25,1.1163,-0.059712,-0.03649,3,-64,0.99402,925.25,3
48,1.2452,-0.12861,0.031928,3,-64.5,0.19635,921.75,3
48.25,1.2452,-0.12861,0.031928,2,-59,6.1313,925.75,3
50,1.339,-0.15158,0.077541,3,-64,5.8061,922.75,3
50.25,1.339,-0.15158,0.077541,3,-65,0.158,921.75,3
50.75,1.339,-0.15158,0.077541,2,-58.5,6.1221,925.75,3
52,1.0928,-0.025263,-0.025087,3,-64,0.96641,925.25,3
52.5,1.1397,-0.071196,-0.013684,3,-63.5,1.3254,924.75,3
53.25,1.1397,-0.071196,-0.013684,2,-58.5,6.1129,925.75,3
54.75,1.1632,-0.082679,0.0091224,3,-64,5.8015,922.75,3
55.25,1.1632,-0.082679,0.0091224,3,-65,0.14573,921.75,3
56,1.1397,-0.048229,-0.013684,3,-65,0.41264,921.25,3
56.5,1.1397,-0.048229,-0.013684,3,-63.5,1.9359,923.75,3
57,1.1397,-0.059712,-0.013684,3,-63.5,5.4809,923.25,3
57.5,1.1397,-0.059712,-0.013684,3,-63.5,1.3499,924.75,3
58.775,1.1045,-0.036746,-0.047893,3,-65.5,4.2077,920.25,3
60,1.0694,-0.025263,-0.03649,3,-63.5,1.307,924.75,3
61.25,1.0459,0.0091865,-0.070699,3,-65,1.0446,920.25,3
62,1.0459,-0.025263,-0.047893,3,-63.5,2.3286,923.25,3
62.25,1.0459,-0.025263,-0.047893,3,-63.5,4.4577,924.75,3
62.75,1.0459,-0.025263,-0.047893,3,-63.5,4.7569,924.25,3
64,1.0107,-0.0022966,-0.059296,3,-64,6.1052,922.25,3
64.5,1.0107,-0.0022966,-0.059296,3,-63.5,2.3286,923.25,3
65,1.1514,-0.082679,-0.0022806,3,-65,0.13346,921.75,3
65.5,1.1514,-0.082679,-0.0022806,2,-59,6.0792,925.75,3
66.5,1.0811,-0.01378,-0.025087,3,-64,6.1068,922.25,3
66.75,1.0811,-0.01378,-0.025087,3,-63.5,2.3224,923.25,3
67,1.0811,-0.01378,-0.025087,3,-64,2.6584,922.75,3
68,1.1163,-0.048229,-0.013684,3,-65,0.54763,925.75,3
68.5,0.97555,0.02067,-0.082102,3,-65.5,1.017,920.25,3
69.5,1.0928,-0.059712,-0.025087,3,-64,5.7877,922.75,3
70,1.0928,-0.059712,-0.025087,3,-64,4.7538,924.25,3
70.75,1.3508,-0.15158,0.077541,3,-65,0.40497,921.25,3
71,1.3508,-0.15158,0.077541,3,-63.5,1.9635,923.75,3
71.5,1.3508,-0.15158,0.077541,3,-64,4.1801,925.25,3
71.75,1.3508,-0.15158,0.077541,3,-62.5,5.4456,922.75,3
72.5,1.2101,-0.025263,-0.093505,3,-66.5,1.4358,924.25,3
73,1.2101,-0.025263,-0.093505,3,-67.5,0.061359,920.75,3
73.25,1.3039,0.055119,-0.013684,3,-66.5,0.52922,920.25,3
74.5,1.0694,0.1355,-0.10491,3,-66,1.2103,924.75,3
74.75,1.0694,0.1355,-0.10491,3,-66,1.5064,924.25,3
75.5,1.1514,0.089569,-0.059296,2,-53.5,2.0095,921.25,3
76,0.91693,0.15847,-0.17333,3,-65.5,1.8024,923.75,3
76.75,1.2921,0.0091865,-0.025087,3,-65.5,5.4963,922.75,3
77,1.2921,0.0091865,-0.025087,3,-65,1.3238,924.75,3
79,1.1163,-0.036746,-0.03649,3,-64,5.645,923.25,3
79.75,1.2101,-0.10565,-0.0022806,3,-63.5,1.781,924.25,3
80.5,1.2101,-0.10565,-0.0022806,3,-66,0.65194,921.25,3
81,1.1163,-0.059712,-0.059296,3,-65,0.044485,922.25,3
81.5,1.1163,-0.059712,-0.059296,3,-64,5.6174,923.25,3
82.25,1.1163,-0.059712,-0.03649,3,-63.5,1.7349,924.25,3
82.75,1.1163,-0.059712,-0.03649,3,-66,0.91885,920.75,3
83.25,1.1749,-0.071196,-0.013684,3,-63.5,5.2155,923.75,3
83.75,1.1749,-0.071196,-0.013684,3,-64,1.106,925.25,3
85.25,0.96383,-0.0022966,-0.16192,3,-65,3.8089,921.25,3
85.75,0.96383,-0.0022966,-0.16192,3,-63.5,2.1414,923.75,3
87.25,1.1163,-0.094162,-0.047893,3,-63,2.0126,924.25,3
87.5,1.1163,-0.094162,-0.047893,3,-65.5,1.2901,920.75,3
87.75,1.1163,-0.094162,-0.047893,3,-66,1.6045,920.25,3
88.25,1.1163,-0.094162,-0.047893,3,-63,5.507,923.75,3
88.75,1.1163,-0.094162,-0.025087,3,-63.5,2.62,923.25,3
89,1.1163,-0.094162,-0.025087,3,-64,6.0914,922.75,3
89.25,1.1163,-0.094162,-0.025087,3,-65,0.50161,921.75,3
89.5,1.1163,-0.094162,-0.025087,3,-63.5,1.8807,924.25,3
90.5,0.97555,0.0091865,-0.093505,3,-63.5,5.3091,923.75,3
91.25,1.1163,-0.048229,-0.025087,3,-64,5.6435,923.25,3
91.5,1.1163,-0.048229,-0.025087,3,-64,1.511,924.75,3
92.25,1.1397,-0.094162,-0.013684,3,-66,1.0247,920.75,3
92.5,1.1397,-0.094162,-0.013684,3,-66,0.64734,921.25,3
93,1.1397,-0.094162,-0.013684,3,-64,5.2309,923.75,3
93.75,1.2921,-0.14009,0.043332,3,-64.5,2.752,922.75,3
94.5,1.0811,-0.048229,-0.03649,2,-58.5,6.231,925.75,3
94.75,1.0811,-0.048229,-0.03649,3,-66,0.84369,920.75,3
96,1.1514,-0.071196,-0.013684,3,-64,2.3654,923.25,3
96.5,1.1514,-0.071196,-0.013684,3,-64,1.4159,924.75,3
97.25,1.128,-0.071196,-0.025087,3,-66,0.81915,920.75,3
97.5,1.128,-0.071196,-0.025087,3,-65.5,1.0983,920.25,3
98.25,1.1514,-0.059712,-0.025087,3,-64.5,1.0262,925.25,3
99,1.0576,-0.01378,-0.070699,3,-65,0.2255,921.75,3
99.25,1.0576,-0.01378,-0.070699,3,-64,1.6874,924.25,3
100.25,1.1045,-0.025263,-0.03649,3,-65.5,1.0753,920.25,3
101.5,1.3625,-0.16306,0.043332,3,-64.5,0.27612,921.75,3
102.5,1.0342,-0.0022966,-0.12771,3,-65,4.2016,920.25,3
103,1.0459,-0.0022966,-0.12771,3,-63.5,0.99709,925.25,3
103.5,1.1983,-0.059712,-0.059296,3,-64,2.5495,922.75,3
104.5,1.0342,0.02067,-0.15052,3,-65,3.7813,920.75,3
105,0.99901,0.032153,-0.16192,3,-63,1.9896,923.75,3
106.25,1.0342,0.032153,-0.15052,3,-65,0.018408,921.75,3
107,1.339,-0.12861,-0.013684,3,-65,0.7087,920.75,3
107.5,0.94038,0.032153,-0.17333,3,-65,4.1924,920.25,3
107.75,0.94038,0.032153,-0.17333,3,-64,6.1144,922.25,3
108.5,1.0811,-0.0022966,-0.11631,3,-63.5,2.5909,922.75,3
109.25,0.98728,0.043636,-0.17333,3,-64,0.57064,925.75,3
109.5,0.98728,0.043636,-0.17333,3,-65,0.7179,920.75,3
110,1.128,-0.025263,-0.070699,3,-63,1.9804,923.75,3
110.25,1.128,-0.025263,-0.070699,3,-64.5,6.1375,922.25,3
110.75,1.128,-0.025263,-0.070699,3,-63.5,5.415,923.25,3
111.75,1.0576,0.02067,-0.13912,3,-64.5,0.58905,925.75,3
112,1.0576,0.02067,-0.13912,2,-54,5.5346,921.25,3
112.08,1.0576,0.02067,-0.13912,3,-65,3.6018,921.25,3
112.5,1.0342,0.032153,-0.11631,3,-64.5,2.9897,922.25,3
113.25,1.3625,-0.12861,-0.0022806,2,-56.5,0.41571,924.75,3
114.25,1.1045,-0.01378,-0.10491,3,-65,0.66728,920.75,3
115.75,1.1514,-0.059712,-0.082102,3,-63.5,1.307,924.75,3
117.25,1.128,-0.01378,-0.10491,3,-63,5.0867,923.75,3
118.5,1.1163,-0.048229,-0.082102,3,-63.5,1.3254,924.75,3
119.25,1.1045,-0.0022966,-0.093505,3,-65,0.7225,920.75,3
119.5,1.1045,-0.0022966,-0.093505,3,-65,0.38196,921.25,3
120.25,1.0928,-0.01378,-0.10491,3,-63.5,5.4579,923.25,3
122,1.1514,-0.048229,-0.070699,3,-65,0.40804,921.25,3
122.25,1.1514,-0.048229,-0.070699,3,-63.5,1.9313,923.75,3
122.75,1.3508,-0.12861,0.0091224,3,-63.5,0.96641,925.25,3
123.75,1.1045,-0.025263,-0.093505,3,-63,1.6782,924.25,3
125.5,1.339,-0.11713,-0.0022806,3,-63,1.2579,924.75,3
125.75,1.339,-0.11713,-0.0022806,3,-64,0.092039,921.75,3
126.25,1.339,-0.11713,-0.0022806,3,-63,1.5769,924.25,3
126.5,1.339,-0.11713,-0.0022806,3,-64,3.8043,920.75,3
127,0.98728,0.032153,-0.15052,2,-53.5,6.1267,920.25,3
127.1,0.98728,0.032153,-0.15052,3,-63,1.8577,923.75,3
127.5,1.257,-0.082679,-0.03649,3,-62.5,2.1813,923.25,3
128.75,1.0107,0.02067,-0.13912,3,-63.5,0.58751,925.75,3
129,1.0107,0.02067,-0.13912,3,-64.5,0.76085,920.75,3
129.25,0.98728,0.043636,-0.12771,3,-64.5,1.0538,920.25,3
130.25,1.339,-0.12861,0.0091224,3,-63,2.2457,923.25,3
130.78,1.0576,0.0091865,-0.12771,3,-63.5,0.046019,921.75,3
131.5,1.0928,-0.0022966,-0.093505,3,-64.5,0.37429,921.25,3
132.25,1.0811,-0.0022966,-0.10491,3,-63,0.92039,925.25,3
132.5,1.0811,-0.0022966,-0.10491,3,-63,2.2335,923.25,3
133.5,1.1983,-0.059712,-0.047893,3,-62.5,1.5585,924.25,3
134,1.0342,0.032153,-0.12771,3,-64,0.36969,921.25,3
134.25,1.0342,0.032153,-0.12771,3,-64.5,1.0293,920.25,3
135,1.3039,-0.11713,-0.013684,3,-62.5,5.4303,923.25,3
135.25,1.0107,0.043636,-0.12771,3,-63,1.2441,924.75,3
135.75,1.0107,0.043636,-0.12771,3,-63.5,0.064427,921.75,3
136,1.0107,0.043636,-0.12771,3,-63.5,0.52309,925.75,3
136.5,1.128,-0.025263,-0.093505,3,-64,0.33748,921.25,3
136.75,1.128,-0.025263,-0.093505,3,-64,4.1341,920.25,3
137.25,1.339,-0.12861,0.0091224,3,-63.5,2.2028,923.25,3
138.25,1.1983,0.0091865,-0.11631,3,-61,5.2155,924.25,3
138.75,1.0107,0.21588,-0.38998,3,-56.5,5.4917,920.75,3
140.5,0.65897,0.57186,-0.59524,1,-70,2.1138,921.75,1
141.25,0.65897,0.57186,-0.59524,3,-62,0.39423,921.25,1
141.5,0.65897,0.57186,-0.59524,3,-60.5,1.0017,920.25,1
142.5,0.41273,0.95081,0.020525,3,-62,5.9472,922.75,1
143.5,0.41273,0.95081,0.020525,3,-61.5,4.9041,920.75,1
149.25,0.13132,0.96229,0.27139,1,-59.5,1.4266,925.25,4
156,-0.13836,1.0427,0.23718,1,-60,2.1246,921.25,2
158.5,-0.13836,1.0427,0.23718,1,-59,5.7248,920.25,2
161.5,0.70587,0.81301,0.054735,1,-59,1.3054,922.25,2
164.5,0.70587,0.81301,0.054735,1,-59.5,0.98328,922.75,2
165.75,0.70587,0.81301,0.054735,1,-58.5,5.0759,921.25,2
167.25,0.70587,0.81301,0.054735,1,-59,4.7569,921.75,2
174.25,0.91693,0.74411,0.13456,1,-60,0.82988,922.75,2
176.75,0.91693,0.74411,0.13456,1,-60,0.77159,922.75,2
178,0.91693,0.74411,0.13456,1,-59,5.5868,920.25,2
182.75,0.89348,0.75559,0.11175,1,-59,4.9517,921.25,2
184.25,0.89348,0.75559,0.11175,1,-59.5,1.4864,921.75,2
187.5,0.89348,0.75559,0.11175,1,-59.5,1.7411,921.25,2
189.75,0.89348,0.75559,0.11175,1,-59,5.2861,920.75,2
192.75,0.8114,0.76708,0.088944,1,-60.5,0.15493,923.75,2
194.75,0.8114,0.76708,0.088944,1,-59,5.0177,921.25,2
196.25,0.8114,0.76708,0.088944,1,-62.5,5.777,924.75,2
270.75,0.8583,0.76708,0.13456,1,-63.5,0.31447,923.75,2
292.5,0.41273,1.0427,0.16876,2,-58.5,0.90505,920.25,4
296.75,0.41273,1.0427,0.16876,2,-66,1.6245,925.75,1
297,0.41273,1.0427,0.16876,1,-64.5,5.6404,920.75,1
297.25,0.57689,0.82449,-0.31016,3,-60,0.029146,920.25,1
298.25,0.75277,0.30775,-0.66366,2,-53,6.0454,923.25,3
298.5,0.84658,0.28478,-0.70927,3,-59,0.53383,924.75,3
299.25,1.1514,0.26182,-0.29876,3,-62,1.4281,920.75,3
299.5,1.1514,0.26182,-0.29876,3,-61.5,0.98175,921.25,3
299.75,1.1514,0.26182,-0.29876,3,-60.5,0.24697,920.25,3
300,1.1514,0.26182,-0.29876,3,-62.5,0.25464,922.25,3
300.5,1.1514,0.26182,-0.29876,3,-62,1.9972,923.25,3
300.75,1.1514,0.26182,-0.29876,3,-61,2.0203,922.75,3
301.75,0.99901,-0.10565,-0.24174,3,-63,6.1773,925.75,3
302,0.99901,-0.10565,-0.24174,3,-60.5,5.6404,921.25,3
302.75,1.339,-0.17454,-0.070699,2,-59,6.0715,925.25,3
303.5,1.0928,-0.036746,-0.15052,3,-63,0.76085,924.75,3
303.75,1.0928,-0.036746,-0.15052,3,-61,5.6665,921.75,3
304.25,1.0928,-0.036746,-0.15052,3,-61.5,6.231,921.25,3
304.75,1.0928,-0.036746,-0.15052,2,-60,0.72097,923.75,3
306.25,1.4211,-0.26641,0.10035,2,-58,0.22703,924.25,3
306.32,1.4211,-0.26641,0.10035,3,-61,0.50928,925.75,3
306.75,1.4211,-0.26641,0.10035,3,-60.5,0.74858,920.75,3
307,1.4211,-0.26641,0.10035,3,-60.5,0.23317,921.25,3
307.25,1.4211,-0.26641,0.10035,3,-60.5,1.6506,923.75,3
307.75,1.1514,-0.18603,-0.013684,3,-60,2.0295,923.25,3
308,1.1514,-0.18603,-0.013684,3,-60,5.484,922.75,3
308.5,1.1514,-0.18603,-0.013684,2,-58,1.8055,921.75,3
309,1.1514,-0.18603,-0.013684,3,-61,0.3835,925.75,3
309.5,1.1397,-0.17454,-0.047893,3,-61,4.1203,920.25,3
309.75,1.1397,-0.17454,-0.047893,3,-60.5,5.8859,922.25,3
310,1.1397,-0.17454,-0.047893,3,-61,0.66728,925.25,3
310.5,1.1397,-0.17454,-0.047893,3,-60,5.4288,922.75,3
311.25,1.1749,-0.15158,-0.03649,3,-61.5,0.21322,925.75,3
312,1.2452,-0.19751,-0.0022806,3,-61,0.85596,920.25,3
312.25,1.2452,-0.19751,-0.0022806,3,-60.5,5.8613,922.25,3
312.5,1.2452,-0.19751,-0.0022806,2,-58.5,6.05,925.25,3
312.75,1.2452,-0.19751,-0.0022806,3,-60,2.0555,923.25,3
313,1.2452,-0.19751,-0.0022806,3,-60.5,1.063,924.75,3
313.75,1.1749,-0.17454,-0.047893,3,-61,0.28992,925.75,3
314.25,1.1749,-0.17454,-0.047893,3,-60.5,0.15033,921.25,3
314.75,1.1514,-0.15158,-0.047893,3,-60,5.7125,922.25,3
315,1.1514,-0.15158,-0.047893,3,-61,0.5507,925.25,3
315.25,1.1514,-0.15158,-0.047893,3,-60,2.2089,922.75,3
315.75,1.1514,-0.15158,-0.047893,3,-60.5,6.0285,921.75,3
316,1.1514,-0.15158,-0.047893,3,-60.5,1.2487,924.25,3
316.5,1.1866,-0.17454,-0.03649,3,-60.5,0.20095,921.25,3
316.75,1.1866,-0.17454,-0.03649,3,-61,0.90505,920.25,3
317,1.1866,-0.17454,-0.03649,3,-60,5.8383,922.25,3
317.25,1.1866,-0.17454,-0.03649,3,-60.5,0.65501,925.25,3
318,1.1749,-0.17454,-0.047893,3,-60.5,0.948,924.75,3
318.25,1.1749,-0.17454,-0.047893,3,-60.5,1.2609,924.25,3
319.5,1.2101,-0.16306,-0.025087,3,-60.5,1.5693,923.75,3
319.75,1.2101,-0.16306,-0.025087,3,-61,0.5599,925.25,3
320,1.2101,-0.16306,-0.025087,3,-60.5,5.0575,923.25,3
320.25,1.2101,-0.16306,-0.025087,3,-60,2.3194,922.75,3
320.5,1.2101,-0.16306,-0.025087,3,-60.5,6.1528,921.75,3
321.25,1.128,-0.14009,-0.059296,3,-60.5,0.10278,921.25,3
321.75,1.0694,-0.082679,-0.093505,3,-60.5,4.6832,923.75,3
322.25,1.0694,-0.082679,-0.093505,3,-61,0.52155,925.25,3
322.5,1.0694,-0.082679,-0.093505,3,-60,1.8607,923.25,3
323.25,1.1397,-0.11713,-0.070699,3,-60.5,1.3284,924.25,3
323.75,1.1397,-0.11713,-0.070699,3,-61,0.49394,920.75,3
324.25,1.1866,-0.17454,-0.059296,3,-60.5,4.7139,923.75,3
324.5,1.1866,-0.17454,-0.059296,3,-60.5,5.6895,922.25,3
324.75,1.1866,-0.17454,-0.059296,3,-60.5,1.8807,923.25,3
325,1.1866,-0.17454,-0.059296,3,-60.5,2.169,922.75,3
325.5,1.1866,-0.17454,-0.059296,3,-61,0.87744,924.75,3
326,1.1045,-0.11713,-0.082102,3,-61,0.43565,920.75,3
326.5,1.1045,-0.11713,-0.082102,3,-60.5,0.13959,921.25,3
326.75,1.1045,-0.11713,-0.082102,3,-60.5,1.6552,923.75,3
327.25,1.3039,-0.22048,0.0091224,2,-59,5.9856,925.25,3
327.5,1.3039,-0.22048,0.0091224,3,-60.5,2.3086,922.75,3
327.75,1.3039,-0.22048,0.0091224,3,-61,0.96948,924.75,3
328.25,1.3039,-0.22048,0.0091224,3,-60.5,1.2732,924.25,3
329.25,1.2218,-0.17454,-0.013684,3,-61,4.6572,923.75,3
329.5,1.2218,-0.17454,-0.013684,2,-58.5,5.8399,925.25,3
330,1.2218,-0.17454,-0.013684,3,-60.5,2.1921,922.75,3
330.25,1.2218,-0.17454,-0.013684,3,-61,0.91732,924.75,3
330.5,1.2218,-0.17454,-0.013684,2,-57.5,0.21476,924.25,3
330.75,1.2218,-0.17454,-0.013684,3,-61.5,0.21016,925.75,3
331.25,1.128,-0.11713,-0.070699,3,-61,6.2817,921.25,3
332,1.0694,-0.071196,-0.082102,3,-61.5,4.9824,923.25,3
332.5,1.0694,-0.071196,-0.082102,3,-60.5,2.2151,922.75,3
333.25,1.1163,-0.11713,-0.070699,3,-61.5,0.20555,925.75,3
333.5,1.1163,-0.11713,-0.070699,3,-61,0.36355,920.75,3
333.75,1.1163,-0.11713,-0.070699,3,-61,6.2694,921.25,3
334.5,1.128,-0.10565,-0.047893,2,-58.5,5.8598,925.25,3
334.75,1.128,-0.10565,-0.047893,3,-61,5.2738,922.75,3
335,1.128,-0.10565,-0.047893,3,-61,0.89891,924.75,3
335.75,1.0928,-0.10565,-0.070699,3,-61.5,0.17641,925.75,3
336,1.0928,-0.10565,-0.070699,3,-60.5,6.277,921.25,3
336.25,1.0928,-0.10565,-0.070699,3,-60.5,3.8165,920.25,3
336.5,1.0928,-0.10565,-0.070699,3,-60.5,4.6342,923.75,3
336.75,1.0928,-0.10565,-0.070699,2,-58.5,5.8491,925.25,3
337,1.0928,-0.10565,-0.070699,3,-60,1.8239,923.25,3
337.75,1.1045,-0.094162,-0.059296,3,-60.5,6.0055,921.75,3
338,1.1045,-0.094162,-0.059296,3,-61,0.23317,925.75,3
338.75,1.0694,-0.094162,-0.093505,3,-61,3.8748,920.25,3
339,1.0694,-0.094162,-0.093505,3,-60.5,5.6589,922.25,3
339.25,1.0694,-0.094162,-0.093505,2,-59,5.8107,925.25,3
340,1.1983,-0.15158,-0.025087,3,-60.5,0.85443,924.75,3
340.25,1.1983,-0.15158,-0.025087,3,-60.5,5.9703,921.75,3
340.5,1.1983,-0.15158,-0.025087,3,-61.5,0.21322,925.75,3
341.75,1.1749,-0.14009,-0.025087,3,-61,0.53229,925.25,3
342,1.1749,-0.14009,-0.025087,3,-60,1.853,923.25,3
342.25,1.1749,-0.14009,-0.025087,3,-61,0.8713,924.75,3
342.75,1.3156,-0.19751,0.031928,3,-61.5,0.16874,925.75,3
343.5,1.3273,-0.15158,0.054735,3,-61.5,0.66728,920.25,3
343.75,1.3273,-0.15158,0.054735,3,-61,5.7586,922.25,3
344.25,1.3273,-0.15158,0.054735,3,-61,0.57064,925.25,3
344.5,1.3273,-0.15158,0.054735,3,-60.5,5.2984,922.75,3
345.25,1.2218,-0.12861,0.0091224,3,-61,1.1566,924.25,3
345.5,1.2218,-0.12861,0.0091224,3,-61.5,0.28992,920.75,3
345.75,1.2218,-0.12861,0.0091224,3,-61.5,6.2663,921.25,3
346,1.2218,-0.12861,0.0091224,3,-61.5,3.7859,920.25,3
346.25,1.2218,-0.12861,0.0091224,3,-61,5.6665,922.25,3
347,1.2218,-0.15158,-0.0022806,3,-60.5,5.2968,922.75,3
348.25,1.2452,-0.12861,0.020525,3,-61,6.2678,921.25,3
349,1.2218,-0.12861,-0.0022806,3,-61,5.645,922.25,3
349.75,1.128,-0.071196,-0.03649,3,-61,5.9288,921.75,3
350.25,1.128,-0.071196,-0.03649,3,-61.5,0.076699,925.75,3
351,1.0811,-0.036746,-0.070699,3,-61.5,0.65961,920.25,3
351.25,1.0811,-0.036746,-0.070699,3,-61,5.6481,922.25,3
351.5,1.0811,-0.036746,-0.070699,2,-59,5.8353,925.25,3
351.75,1.0811,-0.036746,-0.070699,3,-60.5,1.827,923.25,3
352,1.0811,-0.036746,-0.070699,3,-61.5,3.9439,924.75,3
352.75,1.1749,-0.11713,-0.025087,3,-61.5,0.076699,925.75,3
353.25,1.1749,-0.11713,-0.025087,3,-61,6.2709,921.25,3
354,1.1163,-0.082679,-0.047893,3,-61.5,0.48934,925.25,3
354.25,1.1163,-0.082679,-0.047893,3,-60.5,1.8147,923.25,3
354.5,1.1163,-0.082679,-0.047893,3,-61,0.80994,924.75,3
355.25,1.3977,-0.18603,0.066138,3,-61.5,0.28532,920.75,3
356,1.1397,-0.082679,-0.047893,3,-61,5.6343,922.25,3
356.5,1.1397,-0.082679,-0.047893,2,-59,5.8322,925.25,3
356.58,1.1397,-0.082679,-0.047893,3,-60.5,1.8178,923.25,3
356.75,1.1397,-0.082679,-0.047893,3,-61,0.79614,924.75,3
357.25,1.1397,-0.082679,-0.047893,3,-61,5.8997,921.75,3
357.5,1.1397,-0.082679,-0.047893,3,-61.5,0.076699,925.75,3
358,1.1163,-0.059712,-0.047893,3,-61,6.2617,921.25,3
358.25,1.1163,-0.059712,-0.047893,3,-60.5,4.6526,923.75,3
358.75,1.1163,-0.059712,-0.047893,3,-61,5.619,922.25,3
359,1.1163,-0.059712,-0.047893,3,-60.5,5.2662,922.75,3
359.75,1.1397,-0.082679,-0.047893,3,-61.5,5.8828,921.75,3
360,1.1397,-0.082679,-0.047893,3,-61.5,0.059825,925.75,3
360.75,1.0342,-0.025263,-0.082102,3,-60.5,1.4987,923.75,3
361,1.0342,-0.025263,-0.082102,3,-61,5.6328,922.25,3
361.5,1.0342,-0.025263,-0.082102,3,-61,5.3014,922.75,3
362.25,1.2101,-0.11713,-0.0022806,3,-61,1.1367,924.25,3
362.5,1.2101,-0.11713,-0.0022806,3,-61.5,0.27765,920.75,3
363.25,1.2218,-0.12861,0.0091224,3,-61,5.6128,922.25,3
363.75,1.2218,-0.12861,0.0091224,2,-59.5,5.8077,925.25,3
365.25,1.1866,-0.094162,-0.0022806,3,-61.5,3.7552,920.25,3
366.25,1.0811,-0.059712,-0.059296,3,-61.5,0.4648,925.25,3
366.5,1.0811,-0.059712,-0.059296,3,-60.5,2.1384,922.75,3
366.75,1.0811,-0.059712,-0.059296,3,-61,0.80994,924.75,3
367,1.0811,-0.059712,-0.059296,3,-61,5.9028,921.75,3
367.25,1.0811,-0.059712,-0.059296,2,-59.5,5.4932,925.75,3
368,1.0811,-0.036746,-0.082102,3,-61.5,0.67188,920.25,3
368.25,1.0811,-0.036746,-0.082102,3,-61,5.6803,922.25,3
368.75,1.0811,-0.036746,-0.082102,3,-60.5,1.8623,923.25,3
369,1.0811,-0.036746,-0.082102,3,-60.5,5.3091,922.75,3
369.5,1.0576,-0.036746,-0.059296,3,-61,1.1612,924.25,3
370,1.0576,-0.036746,-0.059296,3,-61.5,0.36355,920.75,3
370.5,1.1397,-0.094162,-0.025087,3,-60.5,1.534,923.75,3
370.75,1.1397,-0.094162,-0.025087,2,-59.5,5.7908,925.25,3
371.25,1.1397,-0.094162,-0.025087,3,-60.5,5.3045,922.75,3
371.5,1.1397,-0.094162,-0.025087,2,-59,6.0562,924.75,3
372,1.2335,-0.14009,0.0091224,3,-62,0.084369,925.75,3
373,1.1397,-0.082679,-0.03649,3,-60.5,1.5493,923.75,3
373.25,1.1397,-0.082679,-0.03649,3,-61,5.6374,922.25,3
374,1.3508,-0.17454,0.031928,3,-61,5.935,921.75,3
374.5,1.3508,-0.17454,0.031928,2,-59.5,5.4963,925.75,3
374.75,1.3508,-0.17454,0.031928,3,-61.5,0.32674,920.75,3
375.5,1.2218,-0.14009,0.0091224,3,-60.5,4.6694,923.75,3
375.75,1.2218,-0.14009,0.0091224,2,-59,5.7892,925.25,3
376,1.2218,-0.14009,0.0091224,3,-60.5,1.83,923.25,3
376.25,1.2218,-0.14009,0.0091224,2,-59,6.05,924.75,3
377,1.339,-0.16306,0.043332,3,-61.5,0.093573,925.75,3
377.25,1.339,-0.16306,0.043332,3,-61.5,0.34821,920.75,3
377.5,1.339,-0.16306,0.043332,3,-61.5,3.8043,920.25,3
377.75,1.339,-0.16306,0.043332,3,-60.5,1.514,923.75,3
378.5,1.3156,-0.16306,0.031928,3,-60.5,1.7994,923.25,3
378.75,1.3156,-0.16306,0.031928,3,-61,0.80687,924.75,3
379,1.3156,-0.16306,0.031928,3,-61,5.9043,921.75,3
379.5,1.3156,-0.16306,0.031928,3,-61,3.476,920.75,3
380.25,1.3625,-0.18603,0.043332,3,-61.5,3.8135,920.25,3
380.5,1.3625,-0.18603,0.043332,3,-61,5.6128,922.25,3
381.5,1.1397,-0.082679,-0.03649,3,-61,5.9166,921.75,3
381.75,1.1397,-0.082679,-0.03649,3,-61.5,0.11812,925.75,3
382.25,1.1397,-0.082679,-0.03649,3,-61,0.36509,920.75,3
382.75,1.1632,-0.10565,-0.025087,3,-60.5,1.5294,923.75,3
383,1.1632,-0.10565,-0.025087,3,-61.5,0.4648,925.25,3
383.5,1.1632,-0.10565,-0.025087,3,-60.5,2.1338,922.75,3
383.75,1.1632,-0.10565,-0.025087,3,-61,0.82375,924.75,3
384.5,1.3625,-0.17454,0.054735,3,-61.5,0.12272,925.75,3
384.75,1.3625,-0.17454,0.054735,3,-61.5,0.0092039,921.25,3
385,1.3625,-0.17454,0.054735,3,-60.5,1.4987,923.75,3
386,1.1514,-0.082679,-0.03649,3,-60.5,5.2784,922.75,3
386.25,1.1514,-0.082679,-0.03649,3,-61,5.9319,921.75,3
386.5,1.1514,-0.082679,-0.03649,3,-60.5,1.195,924.25,3
387,1.1514,-0.082679,-0.03649,3,-61.5,0.33594,920.75,3
387.5,1.128,-0.071196,-0.03649,3,-60.5,1.4803,923.75,3
387.75,1.128,-0.071196,-0.03649,3,-60.5,5.573,922.25,3
388.25,1.128,-0.071196,-0.03649,3,-61,4.9333,923.25,3
389.25,1.128,-0.094162,-0.03649,2,-59.5,5.4963,925.75,3
389.75,1.128,-0.082679,-0.047893,3,-61.5,0.62126,920.25,3
390,1.128,-0.082679,-0.047893,3,-60.5,1.468,923.75,3
390.25,1.128,-0.082679,-0.047893,3,-61,2.4482,922.25,3
391,1.1397,-0.082679,-0.025087,3,-61,0.8575,924.75,3
391.25,1.1397,-0.082679,-0.025087,3,-61,1.1796,924.25,3
391.75,1.1397,-0.082679,-0.025087,3,-61.5,0.3114,920.75,3
392.5,1.3039,-0.16306,0.043332,3,-60.5,5.5883,922.25,3
393,1.3039,-0.16306,0.043332,2,-59.5,5.7555,925.25,3
393.5,1.3625,-0.19751,0.043332,2,-59,6.0638,924.75,3
393.75,1.3625,-0.19751,0.043332,3,-61,1.1827,924.25,3
394.25,1.3625,-0.19751,0.043332,3,-61.5,0.11198,925.75,3
395,1.0811,-0.048229,-0.070699,3,-60.5,1.4726,923.75,3
395.25,1.0811,-0.048229,-0.070699,2,-59.5,5.7217,925.25,3
396,1.1045,-0.071196,-0.03649,3,-61,0.84522,924.75,3
396.25,1.1045,-0.071196,-0.03649,3,-61,1.1628,924.25,3
396.75,1.1045,-0.071196,-0.03649,3,-61.5,0.29452,920.75,3
397,1.1045,-0.071196,-0.03649,3,-61,6.2356,921.25,3
397.75,1.1632,-0.10565,-0.025087,3,-61.5,0.44485,925.25,3
398.25,1.1632,-0.10565,-0.025087,3,-60.5,2.1614,922.75,3
398.75,1.128,-0.082679,-0.03649,3,-61,1.1735,924.25,3
399.25,1.128,-0.082679,-0.03649,3,-61.5,0.29452,920.75,3
399.5,1.128,-0.082679,-0.03649,3,-61.5,6.2264,921.25,3
400,1.1866,-0.10565,-0.013684,2,-59.5,5.7555,925.25,3
400.5,1.1866,-0.10565,-0.013684,3,-60.5,2.1491,922.75,3
401.5,1.1397,-0.10565,-0.03649,3,-61.5,3.4591,920.75,3
401.75,1.1397,-0.10565,-0.03649,3,-61.5,6.228,921.25,3
402.25,1.1397,-0.071196,-0.03649,3,-61,5.5852,922.25,3
402.75,1.1397,-0.071196,-0.03649,3,-60.5,1.8254,923.25,3
403,1.1397,-0.071196,-0.03649,3,-61,0.81148,924.75,3
403.75,1.0811,-0.048229,-0.070699,3,-61.5,0.092039,925.75,3
404.25,1.0811,-0.048229,-0.070699,3,-61,6.2817,921.25,3
404.5,1.0811,-0.048229,-0.070699,3,-62,0.61666,920.25,3
404.75,1.0811,-0.048229,-0.070699,3,-61,2.5265,922.25,3
405,1.0811,-0.048229,-0.070699,3,-61.5,0.51082,925.25,3
405.75,1.1866,-0.10565,-0.013684,3,-61,0.82988,924.75,3
406,1.1866,-0.10565,-0.013684,3,-61,1.1873,924.25,3
406.5,1.1866,-0.10565,-0.013684,3,-61.5,0.3068,920.75,3
406.75,1.1866,-0.10565,-0.013684,3,-61.5,6.277,921.25,3
407,1.1866,-0.10565,-0.013684,3,-60.5,1.5386,923.75,3
407.75,1.1866,-0.11713,-0.013684,3,-60.5,1.8776,923.25,3
408,1.1866,-0.11713,-0.013684,3,-61,0.87437,924.75,3
408.5,1.1866,-0.11713,-0.013684,3,-61,1.1965,924.25,3
408.75,1.1866,-0.11713,-0.013684,3,-61.5,0.30986,920.75,3
409,1.1866,-0.11713,-0.013684,3,-61.5,6.254,921.25,3
409.75,1.2101,-0.11713,-0.0022806,3,-61,5.6435,922.25,3
410.75,1.1632,-0.10565,-0.025087,3,-61.5,5.9334,921.75,3
411.25,1.1632,-0.10565,-0.025087,3,-61.5,0.29606,920.75,3
412,1.0811,-0.048229,-0.070699,2,-58.5,0.32827,923.75,3
412.25,1.0811,-0.048229,-0.070699,3,-61.5,0.50775,925.25,3
412.5,1.0811,-0.048229,-0.070699,3,-61,4.9931,923.25,3
412.75,1.0811,-0.048229,-0.070699,2,-59,6.0255,924.75,3
413.5,1.128,-0.082679,-0.047893,3,-62,0.11505,925.75,3
414,1.128,-0.082679,-0.047893,3,-61.5,6.2617,921.25,3
414.25,1.128,-0.082679,-0.047893,3,-61.5,0.61819,920.25,3
415,1.3508,-0.17454,0.043332,3,-61,4.941,923.25,3
415.25,1.3508,-0.17454,0.043332,3,-60.5,2.1414,922.75,3
416,1.1749,-0.10565,-0.025087,3,-61.5,0.27458,920.75,3
416.5,1.1749,-0.10565,-0.025087,3,-61,6.2249,921.25,3
416.75,1.1749,-0.10565,-0.025087,3,-60.5,1.4435,923.75,3
417.5,1.128,-0.082679,-0.047893,3,-60.5,1.7994,923.25,3
417.75,1.128,-0.082679,-0.047893,3,-60.5,2.146,922.75,3
418,1.128,-0.082679,-0.047893,3,-60.5,1.1858,924.25,3
419.5,1.2335,-0.12861,0.0091224,3,-61,5.5668,922.25,3
419.75,1.2335,-0.12861,0.0091224,3,-61,4.9394,923.25,3
420.5,1.128,-0.082679,-0.03649,3,-60.5,1.198,924.25,3
421,1.128,-0.082679,-0.03649,3,-61,0.3068,920.75,3
421.25,1.128,-0.082679,-0.03649,3,-61,6.251,921.25,3
422,1.339,-0.16306,0.043332,3,-61.5,0.44792,925.25,3
423,1.1749,-0.10565,-0.013684,2,-59,0.036816,924.25,3
423.25,1.1749,-0.10565,-0.013684,3,-61.5,0.13806,925.75,3
423.75,1.2101,-0.12861,0.0091224,3,-61.5,0.65041,920.25,3
424.25,1.2101,-0.12861,0.0091224,3,-60.5,1.488,923.75,3
424.5,1.2101,-0.12861,0.0091224,3,-61.5,0.474,925.25,3
424.75,1.2101,-0.12861,0.0091224,3,-60.5,5.2631,922.75,3
425.75,1.1983,-0.10565,-0.0022806,3,-61.5,0.12732,925.75,3
426,1.1983,-0.10565,-0.0022806,3,-61.5,0.0061359,921.25,3
426.75,1.128,-0.094162,-0.047893,3,-61,5.5975,922.25,3
427,1.128,-0.094162,-0.047893,2,-59.5,5.7294,925.25,3
427.75,1.1163,-0.059712,-0.047893,3,-61,5.9104,921.75,3
428.25,1.1163,-0.059712,-0.047893,2,-59.5,5.4932,925.75,3
429,1.1749,-0.10565,-0.013684,3,-60.5,1.5217,923.75,3
429.75,1.1397,-0.094162,-0.047893,3,-60.5,2.1292,922.75,3
430,1.1397,-0.094162,-0.047893,3,-61.5,5.8982,921.75,3
430.75,1.128,-0.082679,-0.047893,3,-61.5,0.3068,920.75,3
431,1.128,-0.082679,-0.047893,3,-61,6.277,921.25,3
431.5,1.128,-0.082679,-0.047893,3,-60.5,1.514,923.75,3
432.25,1.1749,-0.10565,-0.025087,3,-60.5,5.2708,922.75,3
432.5,1.1749,-0.10565,-0.025087,3,-61.5,5.892,921.75,3
433,1.1749,-0.10565,-0.025087,3,-61.5,0.11965,925.75,3
433.5,1.0576,-0.036746,-0.082102,3,-61.5,0.64734,920.25,3
434.5,1.0928,-0.059712,-0.070699,3,-60.5,1.8147,923.25,3
434.75,1.0928,-0.059712,-0.070699,3,-60.5,2.1154,922.75,3
435,1.0928,-0.059712,-0.070699,3,-61,5.9074,921.75,3
435.25,1.0928,-0.059712,-0.070699,3,-61,1.1582,924.25,3
435.75,1.0928,-0.059712,-0.070699,3,-61.5,0.31753,920.75,3
436.25,1.2101,-0.12861,-0.03649,3,-61,4.6526,923.75,3
436.5,1.2101,-0.12861,-0.03649,3,-61,5.6052,922.25,3
437.25,1.1163,-0.059712,-0.047893,2,-59.5,5.9979,924.75,3
437.75,1.1163,-0.059712,-0.047893,3,-61,1.1351,924.25,3
438.25,1.1514,-0.094162,-0.047893,3,-61,6.2663,921.25,3
438.75,1.1514,-0.094162,-0.047893,3,-61,4.6449,923.75,3
439,1.1514,-0.094162,-0.047893,2,-59,5.7954,925.25,3
439.75,1.2921,-0.16306,0.031928,2,-59,6.0285,924.75,3
440,1.2921,-0.16306,0.031928,3,-61,5.8951,921.75,3
440.75,1.1514,-0.082679,-0.03649,3,-61,6.2418,921.25,3
441,1.1514,-0.082679,-0.03649,3,-60.5,1.4987,923.75,3
441.25,1.1514,-0.082679,-0.03649,3,-60.5,5.6251,922.25,3
441.5,1.1514,-0.082679,-0.03649,2,-59.5,5.7678,925.25,3
442.5,1.1749,-0.11713,-0.025087,3,-61,5.8997,921.75,3
442.75,1.1749,-0.11713,-0.025087,3,-61.5,0.084369,925.75,3
443.5,1.3625,-0.16306,0.043332,3,-61.5,3.7659,920.25,3
444.25,1.1045,-0.071196,-0.059296,3,-60.5,2.1384,922.75,3
444.5,1.1045,-0.071196,-0.059296,3,-61,0.83295,924.75,3
444.75,1.1045,-0.071196,-0.059296,3,-61,5.892,921.75,3
445.25,1.1045,-0.071196,-0.059296,3,-61.5,0.095107,925.75,3
445.75,1.0928,-0.048229,-0.070699,3,-61.5,0.61359,920.25,3
446,1.0928,-0.048229,-0.070699,3,-60.5,5.5975,922.25,3
446.5,1.0928,-0.048229,-0.070699,2,-59.5,5.757,925.25,3
446.78,1.0928,-0.048229,-0.070699,3,-60.5,1.83,923.25,3
447,1.0928,-0.048229,-0.070699,2,-59,6.0393,924.75,3
447.5,1.2452,-0.11713,0.0091224,3,-61,1.1643,924.25,3
448,1.2452,-0.11713,0.0091224,3,-61,0.29452,920.75,3
448.25,1.2452,-0.11713,0.0091224,3,-61.5,3.7613,920.25,3
448.75,1.1749,-0.10565,-0.025087,3,-61.5,0.48781,925.25,3
449.25,1.1749,-0.10565,-0.025087,3,-60.5,2.1307,922.75,3
449.5,1.1749,-0.10565,-0.025087,3,-61,5.9273,921.75,3
450,1.1749,-0.10565,-0.025087,3,-61,1.152,924.25,3
451.25,1.3977,-0.19751,0.054735,2,-59.5,5.7678,925.25,3
451.75,1.0928,-0.059712,-0.070699,3,-61,0.83909,924.75,3
452.25,1.0928,-0.059712,-0.070699,2,-59,0.013806,924.25,3
452.5,1.0928,-0.059712,-0.070699,3,-61,0.26231,920.75,3
453.25,1.128,-0.071196,-0.047893,3,-60.5,1.5186,923.75,3
453.5,1.128,-0.071196,-0.047893,3,-61,5.6174,922.25,3
453.75,1.128,-0.071196,-0.047893,3,-60.5,1.827,923.25,3
454,1.128,-0.071196,-0.047893,3,-61,5.2938,922.75,3
454.75,1.2101,-0.14009,-0.0022806,3,-61,1.1643,924.25,3
455.5,1.0928,-0.071196,-0.070699,3,-61,3.7705,920.25,3
456,1.0928,-0.071196,-0.070699,3,-61,5.6021,922.25,3
456.25,1.0928,-0.071196,-0.070699,3,-60.5,1.8346,923.25,3
457,1.2218,-0.14009,-0.013684,3,-61,1.1628,924.25,3
457.5,1.2218,-0.14009,-0.013684,3,-61.5,0.092039,925.75,3
457.75,1.2218,-0.14009,-0.013684,3,-61,6.2494,921.25,3
458.5,1.1866,-0.10565,-0.013684,3,-61,5.5852,922.25,3
459.25,1.2804,-0.14009,0.0091224,3,-61,0.84522,924.75,3
459.5,1.2804,-0.14009,0.0091224,3,-61,5.9028,921.75,3
459.75,1.2804,-0.14009,0.0091224,3,-61.5,0.10431,925.75,3
460.5,1.1163,-0.071196,-0.059296,3,-61,0.63353,920.25,3
460.75,1.1163,-0.071196,-0.059296,3,-61,5.6236,922.25,3
461.25,1.1163,-0.071196,-0.059296,3,-60.5,1.8224,923.25,3
462.25,1.1749,-0.10565,-0.025087,2,-60,5.4579,925.75,3
462.5,1.1749,-0.10565,-0.025087,3,-61,0.28225,920.75,3
463,1.0928,-0.059712,-0.059296,3,-60.5,1.5048,923.75,3
463.25,1.0928,-0.059712,-0.059296,3,-61,2.4467,922.25,3
463.5,1.0928,-0.059712,-0.059296,3,-61,4.9594,923.25,3
463.75,1.0928,-0.059712,-0.059296,3,-61,5.2447,922.75,3
464.75,1.1397,-0.082679,-0.047893,3,-61.5,0.12425,925.75,3
465,1.1397,-0.082679,-0.047893,3,-61.5,0.30066,920.75,3
465.25,1.1397,-0.082679,-0.047893,3,-61,0.65194,920.25,3
465.75,1.2921,-0.16306,0.020525,2,-59.5,5.7754,925.25,3
466,1.2921,-0.16306,0.020525,3,-61,4.944,923.25,3
466.25,1.2921,-0.16306,0.020525,3,-60.5,5.2662,922.75,3
466.75,1.2921,-0.16306,0.020525,3,-61,5.9104,921.75,3
467,1.2921,-0.16306,0.020525,2,-60,5.4886,925.75,3
467.75,1.0576,-0.048229,-0.093505,3,-61.5,0.66115,920.25,3
468,1.0576,-0.048229,-0.093505,3,-60.5,5.6251,922.25,3
468.25,1.0576,-0.048229,-0.093505,2,-59,5.7509,925.25,3
469,1.1045,-0.059712,-0.047893,2,-59,6.0255,924.75,3
469.08,1.1045,-0.059712,-0.047893,3,-61,5.9104,921.75,3
469.5,1.1045,-0.059712,-0.047893,2,-59.5,5.4686,925.75,3
469.75,1.1045,-0.059712,-0.047893,3,-61,0.3114,920.75,3
470,1.1045,-0.059712,-0.047893,3,-61.5,3.7935,920.25,3
470.5,1.1749,-0.10565,-0.013684,3,-61,5.5822,922.25,3
471,1.1749,-0.10565,-0.013684,3,-60.5,5.2585,922.75,3
471.5,1.1749,-0.10565,-0.013684,2,-59,6.0301,924.75,3
472,1.0928,-0.059712,-0.059296,3,-61.5,0.12425,925.75,3
472.25,1.0928,-0.059712,-0.059296,3,-61,6.2694,921.25,3
472.5,1.0928,-0.059712,-0.059296,3,-61,0.63814,920.25,3
473,1.2218,-0.12861,-0.0022806,2,-59.5,5.757,925.25,3
473.5,1.2218,-0.12861,-0.0022806,3,-60.5,2.123,922.75,3
473.75,1.2218,-0.12861,-0.0022806,3,-61,0.82221,924.75,3
474,1.2218,-0.12861,-0.0022806,3,-61,5.915,921.75,3
474.25,1.2218,-0.12861,-0.0022806,2,-59.5,5.5009,925.75,3
475,1.0694,-0.048229,-0.070699,3,-61,3.7966,920.25,3
475.25,1.0694,-0.048229,-0.070699,3,-60.5,5.5806,922.25,3
476,1.2921,-0.15158,0.020525,3,-60.5,2.1215,922.75,3
477,1.1749,-0.10565,-0.025087,3,-61,0.31447,920.75,3
477.75,1.1163,-0.082679,-0.059296,3,-60.5,5.5929,922.25,3
478.25,1.1163,-0.082679,-0.059296,3,-60.5,2.1138,922.75,3
478.75,1.1163,-0.082679,-0.059296,2,-59,6.0224,924.75,3
479.25,1.1163,-0.059712,-0.059296,3,-61.5,0.11658,925.75,3
479.5,1.1163,-0.059712,-0.059296,3,-61,6.2494,921.25,3
479.75,1.1163,-0.059712,-0.059296,3,-61,0.62893,920.25,3
480.75,1.1632,-0.10565,-0.03649,3,-60.5,1.807,923.25,3
481,1.1632,-0.10565,-0.03649,3,-60.5,5.2784,922.75,3
481.25,1.1632,-0.10565,-0.03649,3,-61,5.9058,921.75,3
482,1.1749,-0.10565,-0.025087,3,-61,6.254,921.25,3
482.75,1.3156,-0.17454,0.031928,2,-59.5,5.7509,925.25,3
483,1.3156,-0.17454,0.031928,3,-60.5,1.8101,923.25,3
483.25,1.3156,-0.17454,0.031928,3,-60.5,2.1292,922.75,3
484,1.1163,-0.082679,-0.059296,3,-62,0.12425,925.75,3
484.5,1.1163,-0.082679,-0.059296,3,-61,0.30219,920.75,3
484.75,1.1163,-0.082679,-0.059296,3,-61.5,0.61052,920.25,3
485,1.1163,-0.082679,-0.059296,3,-61,5.5898,922.25,3
485.75,1.128,-0.082679,-0.03649,3,-60.5,2.123,922.75,3
486.25,1.128,-0.082679,-0.03649,3,-61,5.9288,921.75,3
487,1.1397,-0.082679,-0.03649,3,-61,6.254,921.25,3
487.75,1.128,-0.082679,-0.047893,2,-59.5,5.7217,925.25,3
488,1.128,-0.082679,-0.047893,3,-60.5,4.9594,923.25,3
488.25,1.128,-0.082679,-0.047893,3,-60.5,2.1338,922.75,3
488.75,1.128,-0.082679,-0.047893,3,-61,1.1796,924.25,3
489.5,1.1983,-0.11713,-0.013684,3,-61.5,0.60592,920.25,3
490.25,1.1983,-0.094162,-0.013684,3,-61,0.474,925.25,3
490.5,1.1983,-0.094162,-0.013684,3,-61,5.2708,922.75,3
490.75,1.1983,-0.094162,-0.013684,2,-59,6.0362,924.75,3
492.25,1.128,-0.071196,-0.059296,3,-60.5,1.5002,923.75,3
492.5,1.128,-0.071196,-0.059296,2,-59,5.7739,925.25,3
492.75,1.128,-0.071196,-0.059296,3,-60.5,1.83,923.25,3
493.5,1.3859,-0.18603,0.054735,3,-61,1.1643,924.25,3
494,1.3859,-0.18603,0.054735,3,-61,0.27458,920.75,3
494.25,1.3859,-0.18603,0.054735,3,-61,6.2264,921.25,3
494.75,1.0576,-0.036746,-0.082102,3,-60.5,5.6006,922.25,3
495,1.0576,-0.036746,-0.082102,3,-61.5,0.46633,925.25,3
495.5,1.0576,-0.036746,-0.082102,3,-61,0.82682,924.75,3
496.25,1.0576,-0.036746,-0.093505,3,-61.5,0.092039,925.75,3
496.5,1.0576,-0.036746,-0.093505,3,-61.5,0.28379,920.75,3
497,1.0576,-0.036746,-0.093505,3,-60.5,1.4834,923.75,3
498,1.128,-0.082679,-0.059296,3,-60.5,2.1138,922.75,3
498.5,1.3273,-0.16306,0.020525,3,-61,1.149,924.25,3
499.5,1.0928,-0.059712,-0.082102,3,-60.5,1.4987,923.75,3
499.75,1.0928,-0.059712,-0.082102,3,-60.5,5.6006,922.25,3
501.25,1.1983,-0.10565,-0.025087,3,-61.5,0.084369,925.75,3
501.75,1.3039,-0.16306,0.020525,3,-61.5,0.61359,920.25,3
502,1.3039,-0.16306,0.020525,3,-60.5,5.5883,922.25,3
502.5,1.3039,-0.16306,0.020525,2,-59,5.7693,925.25,3
502.58,1.3039,-0.16306,0.020525,3,-60.5,1.7963,923.25,3
503,1.3039,-0.16306,0.020525,3,-61.5,0.7992,924.75,3
503.5,1.1163,-0.071196,-0.047893,3,-61.5,0.087437,925.75,3
503.75,1.1163,-0.071196,-0.047893,3,-61,0.28685,920.75,3
504.25,1.1163,-0.071196,-0.047893,3,-61,0.62126,920.25,3
504.5,1.1163,-0.071196,-0.047893,3,-60.5,1.4772,923.75,3
505,1.1749,-0.10565,-0.025087,3,-60.5,4.9195,923.25,3
505.25,1.1749,-0.10565,-0.025087,3,-60.5,5.2431,922.75,3
505.75,1.1749,-0.10565,-0.025087,3,-61,5.8844,921.75,3
506,1.1749,-0.10565,-0.025087,3,-61.5,0.088971,925.75,3
506.5,1.1045,-0.071196,-0.059296,3,-61.5,0.632,920.25,3
506.75,1.1045,-0.071196,-0.059296,3,-60.5,1.488,923.75,3
507.25,1.1045,-0.071196,-0.059296,3,-61,0.47093,925.25,3
508,1.0928,-0.059712,-0.059296,3,-61,0.81454,924.75,3
508.25,1.0928,-0.059712,-0.059296,3,-61,1.1766,924.25,3
508.75,1.0928,-0.059712,-0.059296,3,-61,0.28839,920.75,3
508.83,1.0928,-0.059712,-0.059296,3,-61,6.2464,921.25,3
509.5,1.2101,-0.11713,-0.0022806,3,-60.5,5.5668,922.25,3
510,1.2101,-0.11713,-0.0022806,3,-61,4.9195,923.25,3
510.25,1.2101,-0.11713,-0.0022806,3,-61,0.79614,924.75,3
511,1.3156,-0.16306,0.031928,3,-61.5,0.099709,925.75,3
511.25,1.3156,-0.16306,0.031928,3,-61,6.2433,921.25,3
512,1.1866,-0.10565,-0.025087,3,-60.5,5.5622,922.25,3
512.5,1.1866,-0.10565,-0.025087,3,-60.5,2.1077,922.75,3
513,1.3508,-0.17454,0.031928,3,-61,1.1658,924.25,3
513.5,1.3508,-0.17454,0.031928,3,-61,0.28685,920.75,3
514.25,1.2101,-0.11713,-0.03649,3,-60.5,1.4834,923.75,3
514.5,1.2101,-0.11713,-0.03649,3,-61.5,0.44946,925.25,3
515,1.2101,-0.11713,-0.03649,3,-60.5,5.2431,922.75,3
515.5,1.1632,-0.10565,-0.025087,3,-61.5,1.1259,924.25,3
516.75,1.0694,-0.036746,-0.082102,3,-60.5,1.4726,923.75,3
517,1.0694,-0.036746,-0.082102,2,-59.5,5.7463,925.25,3
517.5,1.1397,-0.082679,-0.047893,3,-60.5,5.2385,922.75,3
517.75,1.1397,-0.082679,-0.047893,3,-61,5.892,921.75,3
518.25,1.1397,-0.082679,-0.047893,2,-59.5,5.5315,925.75,3
518.5,1.1397,-0.082679,-0.047893,3,-61,0.35895,920.75,3
519,1.0928,-0.059712,-0.070699,3,-60.5,4.7155,923.75,3
519.5,1.0928,-0.059712,-0.070699,3,-61,0.66421,925.25,3
520,1.1514,-0.12861,-0.047893,2,-59,0.081301,924.75,3
520.25,1.1514,-0.12861,-0.047893,3,-61,6.2663,921.75,3
520.5,1.1514,-0.12861,-0.047893,3,-61.5,0.35742,925.75,3
520.75,1.1514,-0.12861,-0.047893,3,-61,0.53843,920.75,3
521.75,1.0928,-0.082679,-0.070699,2,-59,5.9687,925.25,3
522,1.0928,-0.082679,-0.070699,3,-60.5,1.9589,923.25,3
522.5,1.2335,-0.15158,-0.013684,3,-61,6.0377,921.75,3
522.75,1.2335,-0.15158,-0.013684,3,-60.5,1.2349,924.25,3
523.25,1.2335,-0.15158,-0.013684,3,-61.5,0.37276,920.75,3
523.5,1.2335,-0.15158,-0.013684,3,-61.5,0.052155,921.25,3
524.25,1.3508,-0.19751,0.043332,2,-59.5,5.8982,925.25,3
524.5,1.3508,-0.19751,0.043332,3,-61,5.0514,923.25,3
524.75,1.3508,-0.19751,0.043332,3,-61.5,0.93573,924.75,3
525.5,1.2335,-0.14009,0.0091224,2,-60,5.5438,925.75,3
526.25,1.1045,-0.12861,-0.11631,3,-60.5,1.5463,923.75,3
527,1.128,-0.12861,-0.15052,3,-60.5,4.9824,923.25,3
527.25,1.128,-0.12861,-0.15052,3,-61,0.86517,924.75,3
528,1.128,-0.12861,-0.11631,3,-61,0.36662,920.75,3
529.25,1.0928,0.16995,-0.48121,2,-51.5,6.1068,923.25,3
529.75,0.47136,0.61779,-0.70927,3,-63,5.099,924.75,1
530,0.47136,0.61779,-0.70927,3,-59.5,1.4864,921.75,1
530.5,0.47136,0.61779,-0.70927,1,-62,1.0615,920.75,1
530.75,0.47136,0.61779,-0.70927,1,-61,4.3672,920.75,1
531.25,0.57689,0.88191,0.13456,2,-59.5,5.9749,922.25,1
531.5,0.57689,0.88191,0.13456,3,-63.5,1.4956,925.25,1
532,0.57689,0.88191,0.13456,3,-62.5,3.7629,922.75,1
532.25,0.57689,0.88191,0.13456,2,-63.5,5.6021,924.75,1
533.5,0.35411,0.96229,0.088944,1,-65,0.98175,923.75,1
533.75,0.35411,0.96229,0.088944,3,-60,1.4603,922.25,1
544,0.1665,1.0197,0.10035,1,-58.5,0.15493,922.75,4
