0,0.060972,1.1231,0.031928,3,-63,2.2688,923.25,4
0.25,0.060972,1.1231,0.031928,3,-61.5,2.5648,920.25,4
1.25,0.41273,0.97377,0.043332,3,-60.5,5.6635,922.75,4
1.5,0.41273,0.97377,0.043332,3,-59,4.3964,923.75,4
1.75,0.14305,1.0542,-0.11631,1,-66,6.1467,920.75,4
2.3,0.22513,1.0082,-0.025087,1,-63.5,4.1157,923.25,4
2.75,0.20168,1.0197,-0.11631,2,-59.5,5.8644,925.75,1
3.25,0.20168,1.0197,-0.11631,2,-60,0.49701,924.25,1
3.3,0.20168,1.0197,-0.11631,3,-59.5,2.1967,924.75,1
3.75,0.23685,1.0082,-0.070699,1,-67,1.014,922.75,1
4.25,0.33066,1.0082,-0.11631,1,-68,0.71023,921.75,1
4.75,0.43619,0.87042,0.020525,2,-59,0.65194,923.25,1
5.25,0.43619,0.87042,0.020525,2,-59.5,0.11965,920.25,1
8,0.33066,0.96229,-0.025087,2,-61,3.8365,925.75,1
8.5,0.33066,0.96229,-0.025087,3,-67,4.1157,922.75,1
9,0.35411,0.98526,0.0091224,3,-63.5,1.8899,920.75,1
9.25,0.35411,0.98526,0.0091224,3,-64,0.99709,921.75,1
9.5,0.2134,0.99674,-0.18473,3,-62,5.6466,923.25,1
10.5,0.30721,0.81301,-0.67506,2,-58.5,0.85289,924.75,1
10.75,0.30721,0.81301,-0.67506,3,-58.5,4.7277,922.75,1
11,0.30721,0.81301,-0.67506,3,-60,0.31293,923.75,1
11.25,0.31893,0.65224,-0.8233,3,-59.5,0.99402,921.25,1
11.5,0.24858,0.67521,-0.8119,2,-49,0.60746,920.75,1
11.575,0.24858,0.67521,-0.8119,2,-48.5,0.58751,920.75,1
11.625,0.36583,0.69818,-0.77769,2,-49,5.9227,921.75,1
11.675,0.36583,0.69818,-0.77769,2,-49,5.8675,921.75,1
11.75,0.44791,0.68669,-0.74348,3,-59,5.6742,921.75,1
11.825,0.44791,0.68669,-0.74348,2,-47,4.5483,922.25,1
12,0.54171,0.51445,-0.78909,2,-46.5,4.2292,922.25,1
12.075,0.58862,0.42258,-0.89172,3,-62,2.729,923.25,1
12.125,0.58862,0.42258,-0.89172,3,-62,2.1936,923.25,1
12.25,0.58862,0.42258,-0.89172,2,-51,2.3899,925.25,1
12.75,0.49481,0.33072,-0.85751,3,-63.5,4.3059,925.75,3
12.85,0.49481,0.33072,-0.85751,2,-48,6.0209,924.25,3
12.9,0.49481,0.33072,-0.85751,2,-48,6.0562,924.25,3
13,0.43619,0.31923,-0.89172,3,-62,1.6153,924.25,3
13.075,0.43619,0.31923,-0.89172,3,-64.5,0.77619,924.75,3
13.25,0.43619,0.31923,-0.89172,2,-49,2.2457,924.75,3
13.325,0.50654,0.36516,-0.91452,2,-49,0.13806,922.75,3
13.375,0.50654,0.36516,-0.91452,2,-49.5,0.14266,922.75,3
13.5,0.50654,0.36516,-0.91452,2,-51.5,2.6001,923.75,3
13.575,0.35411,0.2733,-1.0172,3,-67,0.001534,923.75,3
14,0.35411,0.2733,-1.0172,3,-69.5,0.076699,921.75,3
16.75,-0.10318,0.2733,-1.1312,2,-58,1.6245,922.25,3
18.25,0.084423,0.19292,-1.0514,2,-58.5,0.77619,923.75,3
19.25,0.084423,0.19292,-1.0514,2,-58,1.4021,922.25,3
21.75,0.049247,0.26182,-1.0514,2,-58.5,0.98635,923.25,3
24.75,0.084423,0.22737,-1.0172,2,-59,5.9871,925.75,3
25.5,0.084423,0.22737,-1.0172,2,-58.5,1.2149,922.75,3
27.25,0.27203,0.14698,-0.97154,2,-58.5,6.0071,925.75,3
28.25,0.27203,0.14698,-0.97154,2,-58.5,0.74398,923.75,3
29.75,0.18995,0.15847,-0.98294,2,-58.5,6.0117,925.75,3
30.25,0.18995,0.15847,-0.98294,2,-58.5,0.19788,924.75,3
32.25,0.049247,0.26182,-1.0514,2,-59,5.9917,925.75,3
34,0.1196,0.22737,-1.0172,2,-58,0.98175,923.25,3
34.75,0.1196,0.22737,-1.0172,2,-58.5,0.49394,924.25,3
37.25,0.2603,0.15847,-0.96014,2,-58.5,0.48474,924.25,3
39.75,0.10787,0.22737,-1.0172,2,-58.5,0.49854,924.25,3
41.5,0.31893,0.1355,-0.94873,2,-58.5,6.2571,925.25,3
43.5,0.096148,0.23885,-1.04,2,-58.5,1.4557,922.25,3
44.25,0.096148,0.23885,-1.04,2,-59,5.9779,925.75,3
46.25,0.24858,0.15847,-0.98294,2,-58.5,6.2617,925.25,3
46.75,0.24858,0.15847,-0.98294,2,-59,5.9764,925.75,3
47.5,0.24858,0.15847,-0.98294,2,-58,1.241,922.75,3
48.75,0.084423,0.25033,-1.04,2,-58.5,6.2694,925.25,3
49.25,0.084423,0.25033,-1.04,2,-58.5,6.0025,925.75,3
51.5,0.084423,0.23885,-1.0286,2,-58.5,5.9871,925.75,3
54.5,0.14305,0.21588,-1.0057,2,-58.5,0.20555,924.75,3
56.5,0.14305,0.21588,-1.0172,2,-58,0.50315,924.25,3
58.5,0.29548,0.15847,-0.96014,2,-58.5,6.2556,925.25,3
59,0.29548,0.15847,-0.96014,2,-58.5,5.9994,925.75,3
61.5,0.1196,0.22737,-1.0172,2,-58.5,0.48014,924.25,3
63.25,0.13132,0.21588,-1.0057,2,-58,1.0048,923.25,3
66.25,0.1196,0.21588,-1.0172,2,-58.5,5.9595,925.75,3
68.25,0.14305,0.22737,-1.0057,2,-58.5,6.2004,925.25,3
68.75,0.14305,0.22737,-1.0057,2,-58.5,5.9457,925.75,3
70.75,0.060972,0.25033,-1.0514,2,-58.5,6.208,925.25,3
73.5,0.13132,0.22737,-1.0172,2,-59,5.9258,925.75,3
76.75,0.1665,0.2044,-1.0057,2,-58,0.68569,923.75,3
78.5,0.1196,0.23885,-1.0172,2,-58.5,5.9549,925.75,3
81,0.13132,0.21588,-1.0172,2,-58,0.45252,924.25,3
83,0.13132,0.22737,-1.0172,2,-58.5,6.2096,925.25,3
88.25,0.13132,0.21588,-1.0057,2,-58.5,5.9242,925.75,3
92.75,0.096148,0.25033,-1.0286,2,-58.5,6.2249,925.25,3
96,0.29548,0.14698,-0.94873,2,-59,0.1626,924.75,3
97.5,0.14305,0.22737,-1.0172,2,-58.5,6.1727,925.25,3
100,0.084423,0.25033,-1.04,2,-58.5,6.1973,925.25,3
100.75,0.084423,0.25033,-1.04,2,-58.5,0.14726,924.75,3
102.75,0.18995,0.21588,-0.98294,2,-58.5,5.9288,925.75,3
107.75,0.17823,0.2044,-0.98294,2,-58.5,0.40804,924.25,3
110,0.28376,0.15847,-0.96014,2,-59,5.9058,925.75,3
112.75,0.1196,0.25033,-1.0172,2,-58.5,0.14266,924.75,3
113.25,0.1196,0.25033,-1.0172,2,-58.5,0.64734,923.75,3
115.25,0.36583,0.12402,-0.93733,2,-58.5,0.39884,924.25,3
115.75,0.36583,0.12402,-0.93733,2,-58,0.65194,923.75,3
117.75,0.096148,0.2733,-1.04,2,-59,0.11351,924.75,3
119.75,0.15478,0.22737,-1.0057,2,-58.5,5.9058,925.75,3
124.25,0.44791,0.22737,-0.93733,3,-61,1.8853,920.25,3
124.5,0.44791,0.22737,-0.93733,2,-49,0.3835,920.25,3
124.58,0.44791,0.22737,-0.93733,3,-65.5,5.846,925.75,3
124.75,0.42446,0.25033,-0.91452,3,-62,0.23163,924.25,3
125,0.42446,0.25033,-0.91452,2,-51.5,1.0431,924.75,3
125.25,0.84658,0.055119,-0.8233,2,-49,1.9604,922.75,3
125.35,0.84658,0.055119,-0.8233,2,-49,1.9528,922.75,3
125.38,0.84658,0.055119,-0.8233,2,-49,1.9129,922.75,3
125.43,0.52999,0.21588,-0.90312,3,-61,0.83909,922.75,3
125.5,0.52999,0.21588,-0.90312,2,-50.5,1.399,923.75,3
125.58,0.62379,0.089569,-0.72067,3,-60,5.2385,921.25,3
125.75,0.62379,0.089569,-0.72067,2,-47.5,5.7064,921.25,3
125.85,0.62379,0.25033,-0.80049,3,-59.5,6.0562,920.75,3
126,0.54171,0.35368,-0.94873,3,-59,0.38656,920.75,3
126.08,0.54171,0.35368,-0.94873,2,-50.5,0.03068,921.75,3
126.25,0.55344,0.53741,-0.91452,2,-51,0.3927,922.25,3
126.33,0.56517,0.39961,-0.67506,2,-51.5,0.14726,922.25,3
126.35,0.56517,0.39961,-0.67506,3,-61,6.1144,923.25,3
126.75,0.87003,0.02067,-0.68646,3,-64.5,0.37276,925.25,3
126.83,0.72932,0.078086,-0.72067,3,-59.5,6.0715,920.25,3
127.25,1.1749,-0.059712,-0.48121,3,-65.5,0.14266,924.25,3
127.5,1.1749,-0.059712,-0.48121,3,-66.5,0.18868,924.75,3
127.75,1.1749,-0.059712,-0.48121,2,-51.5,2.37,922.75,3
127.83,0.77622,0.23885,-0.64085,3,-61.5,1.9175,923.75,3
128,0.77622,0.23885,-0.64085,2,-51.5,4.0267,921.25,3
128.25,1.0928,0.14698,-0.50401,3,-61.5,5.461,920.75,3
129,1.0928,0.14698,-0.50401,2,-59.5,5.7171,923.25,3
131.75,1.1983,0.1355,-0.11631,3,-61.5,5.1266,920.25,3
132.5,1.1983,0.1355,-0.11631,3,-61.5,5.2508,922.75,3
134.75,1.1983,0.1355,-0.11631,2,-59.5,5.5285,924.75,3
135,1.1983,0.1355,-0.11631,3,-60.5,1.9788,922.75,3
135.5,0.60034,0.84746,-0.21894,3,-59,0.18561,920.75,1
136,0.60034,0.84746,-0.21894,3,-59,5.803,922.25,1
136.25,0.67069,0.79004,-0.32157,3,-61.5,1.4788,925.25,1
136.75,0.67069,0.79004,-0.32157,2,-51,2.4053,920.25,1
137,0.49481,0.87042,-0.4698,3,-60,0.95414,924.25,1
137.75,0.44791,0.90487,-0.25315,3,-62,1.3591,921.25,1
138.75,0.28376,0.93932,-0.35577,3,-68,2.6937,923.25,1
140,0.41273,0.93932,-0.093505,2,-66,5.7018,923.75,1
140.25,0.41273,0.93932,-0.093505,2,-61.5,0.76852,921.25,1
141.25,0.1196,0.98526,-0.16192,2,-61.5,5.1941,925.25,1
141.75,0.1196,0.98526,-0.16192,2,-64,6.2786,924.25,1
142.25,0.1196,0.98526,-0.16192,3,-62,0.77159,922.75,1
142.75,0.31893,0.96229,-0.013684,2,-58.5,5.4303,921.25,1
143,0.31893,0.96229,-0.013684,3,-61.5,1.1305,920.75,1
143.75,0.31893,0.96229,-0.013684,2,-67.5,2.0663,925.25,1
146.75,0.35411,0.98526,-0.047893,3,-59.5,4.921,924.75,4
147.5,0.20168,0.87042,0.054735,2,-68,4.7385,921.25,4
148,0.20168,0.87042,0.054735,3,-67,4.7615,921.75,4
149.5,0.2603,1.0542,-0.059296,1,-53,5.28,924.75,4
149.58,0.2603,1.0542,-0.059296,1,-53.5,1.1505,922.75,4
150.5,0.33066,0.99674,-0.03649,1,-53,5.0499,921.75,4
150.6,0.33066,0.99674,-0.03649,1,-53,5.0913,922.25,4
150.75,0.35411,0.91636,-0.013684,1,-53.5,5.4702,923.25,4
152.25,0.072698,1.0427,-0.18473,1,-54,3.7245,921.25,4
152.5,0.13132,0.98526,-0.10491,1,-51.5,3.4699,920.75,4
152.75,-0.0093803,1.0197,-0.13912,1,-51.5,1.5846,921.75,4
382.25,0.14305,1.0082,0.0091224,2,-51.5,6.2786,920.25,4
382.33,-0.11491,1.0427,-0.28736,3,-71,4.3044,920.25,4
383.25,-0.11491,1.0427,-0.28736,2,-59,5.2125,922.75,4
383.75,-0.11491,1.0427,-0.28736,1,-70.5,5.6757,920.75,4
386.25,-0.26734,0.91636,0.12315,2,-58.5,5.7724,920.75,1
387.75,-0.032831,0.89339,0.066138,2,-63,5.6067,924.75,1
388.75,0.10787,1.0312,-0.12771,3,-62,6.1635,921.75,1
389.25,0.28376,0.95081,-0.33297,3,-60,1.6659,923.25,1
389.5,0.28376,0.95081,-0.33297,2,-50,2.6078,920.25,1
390,0.49481,0.76708,-0.48121,3,-59,5.7724,924.25,1
390.75,0.58862,0.43406,-0.77769,2,-48.5,5.1388,921.25,1
390.83,0.58862,0.43406,-0.77769,2,-48.5,5.1327,921.25,1
391.5,0.45964,0.51445,-0.86891,2,-48,0.30986,922.25,1
391.58,0.49481,0.44555,-0.8119,2,-49.5,2.2273,923.25,1
391.75,0.7645,0.37665,-0.70927,2,-49.5,1.8715,923.25,1
392,0.83485,0.25033,-0.60664,2,-52,0.92039,925.25,3
392.08,0.83485,0.25033,-0.60664,2,-45,0.18868,920.25,3
392.75,0.34238,0.26182,-1.0514,3,-69,1.9175,922.75,3
549.25,0.24858,1.0197,-0.23034,3,-61.5,5.8475,920.75,1
549.5,0.24858,1.0197,-0.23034,3,-64,5.3797,921.75,1
551.25,0.33066,1.0197,-0.10491,2,-60,0.36049,923.75,1
551.75,0.62379,0.85894,-0.013684,1,-69,5.4211,920.75,1
552,0.40101,0.97377,-0.13912,3,-66,5.3843,922.25,1
552.5,0.40101,0.97377,-0.13912,2,-63.5,2.0555,920.25,1
556.5,0.20168,1.0197,-0.082102,2,-65.5,1.9681,920.75,1
557.25,0.20168,1.0197,-0.082102,2,-67.5,0.30219,923.25,1
558,0.20168,1.0197,-0.082102,2,-62,1.3208,924.25,1
559,0.29548,1.0427,-0.0022806,2,-59,4.0543,920.75,1
559.25,0.29548,1.0427,-0.0022806,3,-65.5,0.38196,922.25,1
561.25,-0.41977,0.92784,-0.047893,2,-63,0.63967,921.25,4
561.5,0.084423,0.89339,0.020525,1,-68,0.082835,921.75,4
562.25,0.28376,0.99674,-0.093505,2,-61.5,0.021476,925.25,4
562.75,0.096148,1.0427,-0.12771,2,-60.5,0.67495,924.25,4
563.25,0.17823,1.0197,-0.16192,2,-62,1.5002,922.75,4
563.5,0.17823,1.0197,-0.16192,2,-63.5,1.0247,923.75,4
563.75,0.17823,1.0197,-0.16192,3,-60.5,5.2769,920.75,4
564.25,0.34238,0.93932,0.020525,3,-62.5,5.3582,922.25,4
565.75,0.34238,0.93932,0.020525,1,-54,1.6153,922.75,4
565.85,0.34238,0.93932,0.020525,1,-53.5,2.1123,923.75,4
566,0.13132,1.0082,-0.11631,1,-48,0.19788,921.25,4
566.08,-0.0093803,1.1001,-0.082102,1,-51.5,1.4481,921.25,4
568,0.36583,0.92784,-0.047893,1,-51.5,4.3565,922.75,4
568.5,0.15478,1.0197,-0.03649,1,-51,4.2859,921.25,4
568.75,0.10787,1.0197,-0.10491,1,-51,4.2307,920.75,4
569,0.34238,0.92784,0.031928,1,-51.5,5.2662,922.25,4
569.1,0.34238,0.92784,0.031928,1,-52,1.7288,922.25,4
570.25,-0.0093803,0.98526,-0.13912,1,-60,4.9394,924.25,2
662.25,0.38928,0.90487,-0.03649,1,-51,3.6877,920.25,4
