0,-0.021106,0.87042,-0.18473,3,-71.5,5.4426,923.75,4
0.95,-0.032831,1.0197,-0.18473,3,-61,4.2491,922.25,1
2.7,-0.032831,1.0197,-0.18473,3,-59.5,1.7027,921.25,1
2.95,0.36583,0.98526,-0.013684,3,-59,1.2824,920.75,1
3.2,0.36583,0.98526,-0.013684,3,-59.5,0.59518,921.75,1
4.2,0.27203,0.98526,-0.013684,2,-59,4.8274,924.25,1
4.45,0.27203,0.98526,-0.013684,3,-64,4.6204,924.75,1
4.7,0.27203,0.98526,-0.013684,3,-59,1.6122,922.75,1
5.95,0.64724,0.62928,-0.53822,2,-58,0.95567,925.25,1
6.2,0.64724,0.62928,-0.53822,3,-60,3.2168,925.25,1
6.95,0.52999,0.5489,-0.72067,3,-63.5,1.8316,924.25,1
7.2,0.52999,0.5489,-0.72067,2,-48,2.2258,922.75,1
7.45,0.60034,0.35368,-0.8461,2,-50.5,1.5033,923.75,3
7.7,0.68242,0.25033,-0.77769,3,-61.5,6.2663,921.25,3
7.95,0.50654,0.31923,-0.8347,2,-50,2.166,921.75,3
8.2,0.37756,0.28478,-0.88031,3,-63.5,4.0068,923.25,3
67.95,0.45964,0.25033,-0.96014,3,-59,1.0262,924.75,3
68.2,0.42446,0.3422,-0.94873,2,-52.5,1.2011,923.75,3
68.45,0.49481,0.42258,-0.86891,3,-60.5,2.0203,921.25,1
68.975,0.72932,0.5489,-0.62945,3,-61,2.6722,922.25,1
69.2,0.48309,0.61779,-0.74348,3,-62,6.2617,923.25,1
69.95,0.44791,0.68669,-0.74348,3,-62.5,5.7049,925.75,1
70.2,0.44791,0.68669,-0.74348,3,-61.5,0.15953,924.75,1
70.45,0.44791,0.68669,-0.74348,3,-60.5,0.89738,923.75,1
71.95,0.40101,0.68669,-0.8233,3,-60,0.46326,925.25,1
72.2,0.47136,0.5489,-0.74348,3,-58.5,6.2111,920.25,1
72.45,0.47136,0.5489,-0.74348,3,-59.5,0.88357,924.25,1
72.7,0.47136,0.5489,-0.74348,3,-60,0.87744,924.75,1
73.2,0.49481,0.81301,-0.4356,3,-60.5,5.5714,921.25,1
73.45,0.49481,0.81301,-0.4356,2,-59,5.5668,920.75,1
73.7,0.49481,0.81301,-0.4356,2,-59,0.35435,922.25,1
73.95,0.49481,0.81301,-0.4356,3,-61,0.34054,923.25,1
75.2,0.70587,0.84746,-0.13912,2,-59.5,0.73324,922.75,1
75.45,0.70587,0.84746,-0.13912,3,-61.5,0.49241,923.75,1
75.95,0.70587,0.84746,-0.13912,3,-61,5.8629,920.75,1
76.2,0.70587,0.84746,-0.13912,3,-60.5,4.4148,922.25,1
77.7,0.70587,0.84746,-0.13912,3,-60,0.54763,922.75,1
78.45,0.51826,0.90487,-0.082102,3,-60,2.0402,920.75,1
78.95,0.51826,0.90487,-0.082102,3,-59.5,0.16874,923.25,1
79.2,0.51826,0.90487,-0.082102,3,-60.5,1.6552,925.25,1
79.45,0.51826,0.90487,-0.082102,2,-58.5,4.4117,920.25,1
80.2,0.60034,0.90487,0.031928,3,-59.5,0.1626,922.75,1
80.7,0.60034,0.90487,0.031928,3,-59,1.3438,920.75,1
80.95,0.60034,0.90487,0.031928,3,-59.5,0.7179,921.75,1
82.45,0.52999,0.93932,0.11175,3,-60,4.9333,924.75,1
82.7,0.52999,0.93932,0.11175,2,-60,1.6552,923.75,1
83.2,0.52999,0.93932,0.11175,3,-59,4.8106,920.75,1
83.7,0.68242,0.85894,0.031928,3,-61,6.0562,923.25,1
84.2,0.68242,0.85894,0.031928,3,-60,4.8075,920.25,1
84.7,0.68242,0.85894,0.031928,3,-61,2.0555,924.75,1
85.2,0.68242,0.85894,0.031928,3,-61,5.9089,923.75,1
85.95,0.47136,0.96229,-0.10491,3,-59.5,1.0416,921.75,1
86.2,0.47136,0.96229,-0.10491,3,-61,6.1881,923.25,1
86.7,0.47136,0.96229,-0.10491,3,-59.5,4.7461,920.25,1
87.45,0.52999,0.92784,-0.059296,3,-61.5,6.2203,922.75,1
87.95,0.52999,0.92784,-0.059296,3,-61,0.90045,921.25,1
88.2,0.52999,0.92784,-0.059296,2,-59,0.33134,921.75,1
88.7,0.52999,0.92784,-0.059296,3,-62,5.8705,923.25,1
89.7,0.67069,0.84746,-0.0022806,2,-60,6.1804,922.75,1
90.2,0.67069,0.84746,-0.0022806,3,-60.5,1.0048,921.25,1
90.45,0.67069,0.84746,-0.0022806,3,-60.5,4.4762,920.75,1
90.95,0.67069,0.84746,-0.0022806,2,-59.5,0.15033,922.25,1
91.2,0.67069,0.84746,-0.0022806,2,-62,4.9716,925.25,1
92.45,0.55344,0.89339,-0.059296,3,-61.5,6.1482,922.75,1
92.7,0.55344,0.89339,-0.059296,3,-61,4.0282,921.25,1
92.95,0.55344,0.89339,-0.059296,2,-59,0.40957,921.75,1
93.45,0.55344,0.89339,-0.059296,3,-61.5,0.33287,922.25,1
93.95,0.55344,0.89339,-0.059296,3,-60.5,4.5667,920.25,1
94.7,0.55344,0.89339,-0.059296,2,-61,5.2002,924.75,1
95.45,0.57689,0.89339,-0.059296,3,-61,4.2476,920.75,1
95.7,0.57689,0.89339,-0.059296,2,-59,0.15033,922.25,1
96.2,0.57689,0.89339,-0.059296,2,-62,5.0913,925.25,1
96.7,0.57689,0.89339,-0.059296,3,-62.5,5.283,924.25,1
97.45,0.57689,0.89339,-0.059296,3,-62,5.5285,923.75,1
98.2,0.54171,0.91636,-0.082102,3,-62,0.28225,922.25,1
98.95,0.54171,0.91636,-0.082102,3,-64,1.3162,925.75,1
99.7,0.54171,0.91636,-0.082102,3,-62,5.6236,923.75,1
100.7,0.60034,0.88191,-0.070699,2,-59.5,0.13499,922.25,1
101.7,0.60034,0.88191,-0.070699,3,-62.5,2.1936,924.25,1
102.2,0.60034,0.88191,-0.070699,3,-62.5,5.6312,923.75,1
102.7,0.60034,0.88191,-0.070699,3,-61.5,4.2675,920.75,1
103.2,0.60034,0.88191,-0.070699,3,-62,0.19788,922.25,1
104.45,0.56517,0.89339,-0.059296,3,-62,0.03068,922.75,1
104.95,0.56517,0.89339,-0.059296,3,-61.5,0.8759,921.25,1
105.45,0.56517,0.89339,-0.059296,3,-61.5,0.54456,921.75,1
105.7,0.56517,0.89339,-0.059296,3,-61.5,5.8291,923.25,1
106.45,0.56517,0.89339,-0.059296,2,-63,4.9946,925.75,1
106.95,0.56517,0.89339,-0.059296,2,-60,0.18101,922.75,1
107.7,0.60034,0.88191,-0.070699,2,-59,0.51849,921.75,1
107.95,0.60034,0.88191,-0.070699,2,-60,0.2255,922.25,1
108.95,0.60034,0.88191,-0.070699,3,-61.5,2.0601,924.25,1
109.45,0.60034,0.88191,-0.070699,3,-61,0.0061359,922.75,1
109.7,0.60034,0.88191,-0.070699,3,-60,1.1351,921.25,1
110.45,0.51826,0.91636,-0.11631,2,-59.5,0.3114,922.25,1
111.95,0.52999,0.89339,-0.10491,3,-61,5.5883,923.75,1
112.2,0.52999,0.89339,-0.10491,2,-58.5,0.73324,921.25,1
112.45,0.52999,0.89339,-0.10491,3,-60.5,1.3453,920.75,1
112.7,0.52999,0.89339,-0.10491,3,-60.5,0.39577,922.25,1
113.45,0.52999,0.89339,-0.10491,3,-60.5,4.6986,920.25,1
113.95,0.52999,0.89339,-0.10491,3,-62.5,1.7395,924.75,1
114.95,0.67069,0.87042,-0.047893,2,-59.5,0.57064,921.75,1
115.45,0.67069,0.87042,-0.047893,3,-61.5,6.1144,923.25,1
115.95,0.67069,0.87042,-0.047893,3,-59.5,4.9946,920.25,1
116.45,0.67069,0.87042,-0.047893,3,-61,1.8761,924.75,1
116.7,0.67069,0.87042,-0.047893,2,-61,5.7616,923.75,1
117.95,0.70587,0.83597,-0.025087,3,-60.5,5.8383,923.25,1
118.45,0.70587,0.83597,-0.025087,3,-62.5,1.2839,925.75,1
119.2,0.70587,0.83597,-0.025087,2,-60,0.0061359,922.75,1
119.7,0.63552,0.87042,-0.070699,3,-61,0.68262,921.75,1
120.2,0.63552,0.87042,-0.070699,2,-60,0.12579,922.25,1
121.45,0.75277,0.81301,-0.025087,2,-60,0.079767,922.75,1
121.95,0.75277,0.81301,-0.025087,3,-63,1.2103,920.75,1
122.7,0.75277,0.81301,-0.025087,3,-62,6.1451,923.25,1
123.7,0.75277,0.81301,-0.025087,3,-66.5,5.912,924.75,1
125.7,0.56517,0.81301,-0.33297,2,-59.5,0.10738,920.25,1
126.7,0.56517,0.81301,-0.33297,3,-63.5,5.214,923.75,1
126.95,0.56517,0.81301,-0.33297,3,-63,1.7211,920.75,1
132.2,0.29548,0.96229,-0.059296,3,-63,5.5668,922.25,1
132.95,0.29548,0.96229,-0.059296,2,-58.5,1.3085,920.25,1
133.2,0.29548,0.96229,-0.059296,3,-67,4.2936,925.75,1
133.7,0.62379,0.91636,-0.12771,3,-60,0.064427,922.75,1
133.95,0.62379,0.91636,-0.12771,3,-61,5.5361,923.75,1
134.2,0.62379,0.91636,-0.12771,3,-59,0.91272,921.25,1
134.45,0.42446,0.95081,-0.10491,3,-63.5,4.4347,920.75,1
134.7,0.42446,0.95081,-0.10491,2,-64.5,0.54456,923.25,1
135.7,0.13132,0.91636,-0.093505,3,-61.5,0.61666,924.25,1
136.45,0.44791,0.99674,-0.093505,3,-64,5.4809,921.25,1
136.7,0.44791,0.99674,-0.093505,3,-62,2.459,920.75,1
137.2,0.18995,1.0656,-0.15052,3,-61.5,5.6404,923.25,1
137.7,0.18995,1.0656,-0.15052,3,-59,1.9205,920.25,1
138.2,0.014071,1.0427,0.031928,2,-60.5,5.6082,924.25,1
139.2,0.2603,1.0082,-0.093505,3,-59.5,6.0623,920.75,1
139.45,0.2603,1.0082,-0.093505,3,-60.5,5.5315,921.75,1
140.2,0.17823,0.99674,-0.093505,3,-59.5,0.65961,920.25,1
146.45,0.27203,0.97377,-0.082102,3,-66,1.0723,920.75,4
147.45,0.27203,0.97377,-0.082102,1,-49.5,4.358,920.25,4
147.7,0.060972,1.1116,-0.059296,1,-55.5,6.0454,925.75,4
149.95,0.084423,1.0427,-0.15052,1,-50,6.1651,920.25,4
152.2,0.34238,0.98526,-0.082102,1,-52.5,3.634,920.25,4
313.95,0.49481,0.89339,0.031928,3,-60.5,1.7794,921.25,1
314.7,0.34238,0.91636,0.020525,3,-63,1.0078,922.25,1
315.2,0.34238,0.91636,0.020525,3,-59.5,2.2411,920.25,1
316.7,0.2603,0.99674,-0.16192,3,-59,0.12272,921.25,1
316.95,0.28376,0.98526,-0.31016,3,-59.5,5.2708,921.75,1
317.23,0.28376,0.98526,-0.31016,3,-58.5,5.4963,922.25,1
317.7,0.30721,0.72114,-0.68646,3,-59,5.2247,925.25,1
318.95,0.65897,0.5489,-0.67506,2,-50,4.8765,921.25,1
319.2,0.36583,0.56038,-0.78909,2,-48,4.6572,920.75,1
319.23,0.36583,0.56038,-0.78909,2,-48,4.648,920.75,1
319.3,0.49481,0.52593,-0.78909,3,-58.5,1.1229,921.75,1
319.45,0.49481,0.52593,-0.78909,2,-49,3.9531,921.75,1
319.48,0.49481,0.56038,-0.76628,2,-49.5,3.4622,922.25,1
319.55,0.49481,0.56038,-0.76628,2,-49,3.4269,922.25,1
319.7,0.49481,0.56038,-0.76628,2,-49,0.1626,922.25,1
319.73,0.45964,0.48,-0.8233,3,-62,5.9058,922.25,1
319.78,0.45964,0.48,-0.8233,3,-63.5,0.98021,923.25,1
319.95,0.45964,0.48,-0.8233,2,-52.5,1.0247,925.25,1
320.2,0.49481,0.33072,-0.90312,2,-46,2.9698,920.25,3
320.23,0.47136,0.21588,-0.97154,2,-48.5,2.7474,920.25,3
320.45,0.47136,0.21588,-0.97154,3,-61,5.9273,925.75,3
533.2,0.64724,0.12402,-0.88031,2,-50.5,0.54456,920.75,3
533.23,0.64724,0.12402,-0.88031,2,-50,0.6274,920.75,3
534.2,0.43619,0.33072,-0.76628,2,-53.5,0.70256,920.25,3
534.7,0.77622,-0.0022966,-0.8119,3,-61.5,5.823,924.25,3
535.2,0.77622,-0.0022966,-0.8119,2,-52,1.0861,922.75,3
535.23,0.54171,0.38813,-0.8461,2,-52.5,0.92346,923.75,3
535.45,0.75277,0.089569,-0.8119,2,-50.5,1.8454,921.25,3
535.95,0.7176,0.2044,-0.69787,2,-50.5,5.869,921.75,3
535.98,0.62379,0.43406,-0.64085,2,-52,5.9963,922.25,1
536.2,0.62379,0.43406,-0.64085,3,-60,5.7846,922.25,1
537.2,0.7176,0.64076,-0.4584,3,-61.5,5.5868,924.75,1
538.2,0.38928,0.69818,-0.78909,2,-53.5,0.44639,920.75,1
538.45,0.52999,0.50296,-0.78909,3,-61,6.027,921.75,1
538.95,0.52999,0.50296,-0.78909,3,-61.5,0.053689,920.25,1
539.45,0.52999,0.50296,-0.78909,3,-64,5.981,925.75,1
539.95,0.52999,0.50296,-0.78909,3,-62,5.7417,922.75,1
540.2,0.52999,0.50296,-0.78909,3,-59,4.7691,921.25,1
540.7,0.63552,0.82449,-0.4698,3,-61,5.9994,921.75,1
541.2,0.63552,0.82449,-0.4698,3,-61.5,4.987,923.25,1
543.2,0.63552,0.82449,-0.4698,3,-60,1.491,921.75,1
544.95,0.35411,0.95081,-0.15052,3,-61,1.4343,922.75,1
547.7,0.44791,0.90487,-0.38998,3,-59,5.372,921.25,1
548.45,0.28376,0.97377,-0.41279,3,-60.5,6.2479,923.25,1
548.95,0.14305,1.0197,-0.20754,3,-66,5.9795,925.75,1
549.7,0.14305,1.0197,-0.20754,3,-65,5.8567,922.75,1
550.2,0.27203,0.92784,-0.11631,2,-53.5,3.8902,920.75,1
550.7,0.1196,1.0656,-0.013684,3,-61,0.41417,922.25,1
550.95,0.1196,1.0656,-0.013684,2,-60,1.9052,923.25,1
551.45,0.1196,1.0656,-0.013684,3,-58.5,5.1496,920.25,1
552.2,0.13132,1.0082,0.0091224,3,-66,0.97715,923.75,1
552.7,0.13132,1.0082,0.0091224,3,-61.5,5.2861,921.25,1
553.7,0.15478,1.0312,-0.013684,3,-61.5,0.44025,920.25,1
553.95,0.15478,1.0312,-0.013684,2,-59.5,5.3873,925.75,1
554.45,0.15478,1.0312,-0.013684,3,-66.5,3.7859,924.75,1
554.7,0.15478,1.0312,-0.013684,3,-63,1.445,923.75,1
554.95,0.15478,1.0312,-0.013684,2,-59.5,0.37583,921.25,1
556.2,-0.13836,0.91636,0.0091224,3,-65,5.915,920.25,4
562.2,-0.056282,1.0427,-0.23034,1,-53,0.52002,923.75,4
562.45,0.096148,1.1575,-0.025087,1,-50.5,4.1279,921.25,4
562.48,0.0023451,1.0427,-0.047893,1,-51,4.3718,920.75,4
563.45,0.20168,0.99674,-0.03649,1,-52.5,4.3105,920.25,4
563.7,0.20168,0.99674,-0.03649,1,-52,4.1433,920.25,4
564.7,-0.068007,0.98526,-0.11631,1,-61,0.13959,921.25,4
567.7,-0.068007,0.98526,-0.11631,1,-59,0.89738,922.25,4
