0,0.060972,0.99674,-0.16192,3,-59.5,4.7615,924.25,4
0.25,0.060972,0.99674,-0.16192,3,-60,0.93573,924.75,4
1.5,-0.021106,0.82449,-0.082102,3,-65.5,4.1126,922.25,4
3.5,0.20168,0.98526,-0.082102,2,-64,5.6834,921.25,1
3.75,0.20168,0.98526,-0.082102,3,-59,1.6797,920.75,1
4.25,0.22513,0.99674,-0.047893,3,-62,6.0838,923.25,1
5.5,0.22513,0.99674,-0.047893,2,-61.5,0.34821,923.75,1
6.5,0.42446,0.46851,-0.8461,2,-49,5.2677,922.25,1
6.575,0.35411,0.48,-0.86891,2,-48.5,4.3657,923.25,1
6.6,0.35411,0.48,-0.86891,2,-48,4.332,923.25,1
6.75,0.33066,0.49148,-0.93733,2,-50.5,0.0061359,925.25,1
7,0.28376,0.46851,-0.97154,3,-59.5,1.0446,920.25,1
7.1,0.28376,0.46851,-0.97154,3,-59.5,0.80227,920.25,1
7.25,0.28376,0.46851,-0.97154,3,-66,0.25004,925.75,1
7.5,0.48309,0.38813,-0.90312,2,-48.5,2.3746,924.25,1
7.575,0.45964,0.28478,-0.91452,2,-49.5,2.0709,924.75,3
7.75,0.42446,0.3422,-0.92593,3,-59.5,0.91118,922.75,3
8,0.41273,0.35368,-0.99434,3,-65,5.8537,923.75,3
8.5,0.41273,0.35368,-0.99434,3,-62.5,0.23317,920.75,3
9,0.38928,0.33072,-0.97154,2,-52,2.4329,922.25,3
9.075,0.38928,0.33072,-0.97154,3,-59,6.2586,922.25,3
9.1,0.38928,0.33072,-0.97154,3,-60,5.5914,923.25,3
9.5,0.084423,0.45703,-1.0286,3,-59,1.0216,920.25,3
10.75,-0.068007,0.3422,-0.99434,2,-60.5,6.1727,921.25,3
249.75,0.28376,0.28478,-1.0172,2,-52.5,1.6904,922.25,3
250,0.28376,0.28478,-1.0172,3,-61.5,2.0172,923.25,3
250.5,0.24858,0.30775,-1.0286,2,-50,5.8,920.25,3
250.75,0.42446,0.25033,-0.98294,3,-68.5,2.1292,924.25,3
251.25,0.42446,0.25033,-0.98294,2,-53,1.7564,922.75,3
253.5,0.096148,0.42258,-1.0286,2,-54,1.2594,922.75,1
255.25,0.45964,0.93932,-0.013684,3,-59.5,4.582,920.25,1
256,0.54171,0.90487,-0.0022806,2,-58.5,1.2149,922.75,1
256.5,0.34238,1.0197,-0.10491,2,-58.5,5.0361,921.25,1
256.75,0.34238,1.0197,-0.10491,2,-58,5.2662,920.75,1
257,0.30721,1.0082,-0.16192,2,-59.5,1.1858,922.25,1
257.25,0.30721,1.0082,-0.16192,2,-62,0.38656,923.25,1
257.75,0.30721,1.0082,-0.16192,2,-60.5,4.7584,920.25,1
258.75,0.072698,0.90487,0.24859,3,-63.5,3.8426,923.75,1
259.25,0.037521,0.97377,-0.16192,2,-61.5,2.1,921.75,1
259.5,0.037521,0.97377,-0.16192,2,-59.5,2.1813,922.25,1
261.5,0.28376,0.95081,-0.21894,2,-63.5,0.3973,920.75,1
264.5,0.31893,0.85894,-0.03649,3,-58.5,1.1321,923.25,4
264.75,0.33066,0.96229,-0.17333,1,-68.5,2.6921,925.25,4
265,0.33066,0.96229,-0.17333,1,-65,4.6204,920.25,4
266.25,0.072698,0.89339,-0.025087,1,-59,0.16567,921.25,4
270,0.17823,1.0082,-0.047893,1,-50,0.75779,920.25,4
271,0.096148,1.0197,-0.17333,1,-58.5,4.5789,921.25,4
272,0.049247,0.91636,-0.047893,1,-61.5,1.0048,925.25,4
274.25,0.63552,0.90487,0.020525,1,-59,5.7417,922.25,2
276.25,0.63552,0.90487,0.020525,1,-59.5,6.0638,920.75,2
278.5,0.63552,0.90487,0.020525,1,-59.5,6.1344,920.75,2
283.5,0.69414,0.84746,0.031928,1,-59.5,5.961,920.75,2
287,0.69414,0.84746,0.031928,1,-64,6.1651,925.75,2
298.5,0.64724,0.83597,0.020525,1,-60,5.0299,922.25,2
301.75,0.64724,0.83597,0.020525,1,-64,2.9897,925.75,2
306.5,0.75277,0.81301,0.066138,1,-59.5,6.1052,920.25,2
313.25,0.75277,0.81301,0.066138,1,-60,5.3643,922.25,2
319.75,0.56517,0.89339,-0.059296,1,-59.5,5.3996,921.25,2
320.75,0.56517,0.89339,-0.059296,1,-63.5,0.046019,925.25,2
325.5,0.55344,0.90487,-0.03649,1,-60.5,4.539,923.25,2
327.25,0.55344,0.90487,-0.03649,1,-59,5.7524,920.75,2
329.5,0.55344,0.90487,-0.03649,1,-59,5.5392,921.25,2
332.25,0.57689,0.88191,-0.025087,1,-59,5.8107,920.75,2
334.5,0.57689,0.88191,-0.025087,1,-59,5.441,921.25,2
335.75,0.57689,0.88191,-0.025087,1,-59,6.0991,920.25,2
337.03,0.57689,0.88191,-0.025087,1,-59,5.9258,920.75,2
339.25,0.57689,0.88191,-0.025087,1,-59.5,5.6297,921.25,2
344.25,0.54171,0.89339,-0.03649,1,-59,5.8169,920.75,2
346.5,0.54171,0.89339,-0.03649,1,-59,5.5239,921.25,2
349.25,0.67069,0.84746,0.0091224,1,-59.5,5.7279,920.75,2
352.75,0.67069,0.84746,0.0091224,1,-64,6.0485,925.75,2
358.75,0.75277,0.82449,0.043332,1,-59,5.5822,921.25,2
360,0.75277,0.82449,0.043332,1,-59.5,6.07,920.25,2
400,0.54171,0.89339,-0.025087,1,-60,5.6174,921.25,2
403,0.54171,0.89339,-0.025087,1,-60.5,5.3659,921.75,2
405.75,0.54171,0.89339,-0.025087,1,-61,1.5064,923.25,2
408,0.54171,0.89339,-0.025087,1,-60,5.01,922.25,2
410.5,0.54171,0.89339,-0.025087,1,-61,4.9747,922.25,2
415,0.56517,0.89339,-0.025087,1,-60,5.3889,921.75,2
417.75,0.56517,0.89339,-0.025087,1,-60,5.1496,922.25,2
423,0.75277,0.82449,0.066138,1,-61,1.3683,923.25,2
425.5,0.75277,0.82449,0.066138,1,-63,0.16107,925.25,2
429.25,0.75277,0.82449,0.066138,1,-60.5,5.6527,921.25,2
431.75,0.75277,0.82449,0.066138,1,-60,5.8813,920.75,2
434.75,0.75277,0.82449,0.066138,1,-59.5,4.9486,922.25,2
436.25,0.75277,0.82449,0.066138,1,-60.5,0.9388,923.75,2
439.25,0.56517,0.88191,-0.025087,1,-60,5.8644,920.75,2
441.25,0.56517,0.88191,-0.025087,1,-60.5,1.0815,923.75,2
442.75,0.56517,0.88191,-0.025087,1,-59.5,6.1114,920.25,2
444.5,0.56517,0.88191,-0.025087,1,-60,5.1803,922.25,2
461.5,0.57689,0.89339,-0.03649,1,-61,5.3582,922.25,2
464,0.57689,0.89339,-0.03649,1,-60.5,4.7768,923.25,2
471,0.8114,0.80152,0.088944,1,-60.5,5.5561,921.75,2
475.75,0.8114,0.80152,0.088944,1,-61,6.1927,920.75,2
478.75,0.8114,0.80152,0.088944,1,-60.5,1.5002,923.25,2
481,0.8114,0.80152,0.088944,1,-60.5,5.2784,922.25,2
485.25,0.68242,0.84746,0.043332,1,-60.5,1.2594,923.75,2
486,0.68242,0.84746,0.043332,1,-58,5.2754,922.25,2
486.5,0.68242,0.84746,0.043332,1,-58.5,0.18408,920.25,2
487.25,0.68242,0.84746,0.043332,1,-59.5,0.75318,924.75,2
487.75,0.68242,0.84746,0.043332,1,-58.5,5.9058,921.25,2
489.25,0.52999,0.91636,-0.013684,1,-59,0.9434,924.25,2
490,0.52999,0.91636,-0.013684,1,-59,4.4961,923.75,2
492.75,0.49481,0.92784,-0.03649,1,-58,6.1083,920.75,2
494.5,0.61207,0.89339,0.031928,1,-59,0.73324,924.75,2
496.5,0.57689,0.88191,0.020525,1,-59,0.94033,924.25,2
497.75,0.57689,0.88191,0.020525,1,-58,5.5745,921.75,2
499.25,0.58862,0.88191,0.020525,1,-58.5,0.90812,924.25,2
499.75,0.58862,0.88191,0.020525,1,-58,1.1612,923.75,2
501.75,0.8114,0.80152,0.088944,1,-59,0.61359,924.75,2
503.75,0.54171,0.90487,-0.025087,1,-60,0.0061359,925.75,2
504.25,0.54171,0.90487,-0.025087,1,-57.5,4.9977,922.75,2
504.75,0.54171,0.90487,-0.025087,1,-58.5,5.8491,921.25,2
506.75,0.58862,0.88191,0.0091224,1,-58.5,4.7139,922.75,2
509,0.61207,0.88191,0.031928,1,-59,0.49241,924.75,2
512,0.7176,0.82449,0.077541,1,-59,4.3044,923.75,2
513,0.64724,0.85894,0.054735,1,-59.5,0.21016,925.25,2
513.75,0.64724,0.85894,0.054735,1,-59,0.39423,924.75,2
514.75,0.64724,0.85894,0.054735,1,-58,5.9549,920.75,2
515.25,0.64724,0.85894,0.054735,1,-58.5,4.5559,923.25,2
516.75,0.60034,0.85894,0.031928,1,-58.5,4.2123,923.75,2
519,0.56517,0.89339,0.043332,1,-58.5,1.129,923.75,2
520.5,0.68242,0.84746,0.088944,1,-59,0.21476,925.25,2
521,0.68242,0.84746,0.088944,1,-59,0.76852,924.25,2
522,0.68242,0.84746,0.088944,1,-58,5.892,920.75,2
523.5,0.55344,0.90487,0.0091224,1,-59,0.59672,924.75,2
525.75,0.56517,0.89339,0.020525,1,-59.5,6.162,925.75,2
526.25,0.56517,0.89339,0.020525,1,-58,4.7308,922.75,2
527.5,0.61207,0.87042,0.066138,1,-58,4.5344,923.25,2
528.25,0.61207,0.87042,0.066138,1,-60,6.2004,925.75,2
533.5,0.63552,0.85894,0.077541,1,-59.5,5.1312,922.75,2
534.75,0.63552,0.85894,0.077541,1,-60.5,1.6536,923.25,2
539.25,0.63552,0.85894,0.077541,1,-59,5.1618,922.25,2
541.25,0.63552,0.85894,0.077541,1,-59,5.9135,921.25,2
542,0.63552,0.85894,0.077541,1,-59.5,1.5294,923.25,2
553.75,0.64724,0.84746,-0.025087,1,-60,5.4579,921.75,2
556.5,0.64724,0.84746,-0.025087,1,-60,5.2109,922.25,2
558.75,0.64724,0.84746,-0.025087,1,-59.5,5.4732,921.75,2
561,0.64724,0.84746,-0.025087,1,-59.5,5.418,921.75,2
565.5,0.65897,0.83597,0.0091224,1,-59,5.7908,921.25,2
566.75,0.65897,0.83597,0.0091224,1,-59.5,0.13959,920.25,2
569,0.65897,0.83597,0.0091224,1,-62,0.1534,925.25,2
573.25,0.70587,0.83597,0.031928,1,-59.5,5.3797,921.75,2
578,0.014071,0.95081,0.020525,1,-57.5,6.0071,920.75,4
584.25,0.13132,0.89339,-0.025087,3,-59,6.1267,924.25,4
585,0.13132,0.89339,-0.025087,2,-70.5,3.2474,921.25,4
586.25,-0.13836,1.0082,0.031928,3,-59,1.3208,920.25,1
587.5,-0.20871,1.0312,0.031928,3,-60,5.7616,921.25,1
587.75,-0.20871,1.0312,0.031928,2,-59,5.3045,921.75,1
588,-0.20871,1.0312,0.031928,2,-58.5,4.964,922.25,1
588.5,0.18995,1.0197,-0.24174,3,-69.5,2.37,925.25,1
589,0.35411,0.95081,-0.18473,3,-67,0.53076,925.75,1
589.25,0.35411,0.95081,-0.18473,3,-61,5.6159,924.25,1
589.75,0.18995,0.4111,-0.96014,2,-51,3.7767,923.75,1
589.83,0.18995,0.4111,-0.96014,2,-47,4.6909,921.25,1
590,-0.0093803,0.39961,-1.0856,3,-63.5,0.28992,921.25,1
590.25,0.072698,0.22737,-1.1198,3,-59,5.0744,920.75,1
590.35,0.060972,0.37665,-1.0856,2,-45.5,0.19328,921.75,1
590.5,0.10787,0.45703,-1.0742,2,-45,6.1804,922.25,1
590.58,0.40101,0.36516,-0.96014,3,-62.5,0.76546,923.25,1
590.75,0.40101,0.36516,-0.96014,2,-50.5,2.3086,923.25,1
591.25,0.72932,0.10105,-0.75488,2,-52.5,4.1556,920.25,3
592,0.17823,0.10105,-0.96014,3,-69.5,0.75625,923.75,3
592.75,-0.20871,0.2044,-1.154,3,-64.5,0.80687,921.75,3
597.25,0.2603,0.16995,-1.0514,2,-54.5,0.029146,920.75,3
620.25,0.20168,0.21588,-1.0628,2,-54.5,0.28685,920.25,3
646.5,0.20168,0.21588,-1.0742,2,-53.5,1.6398,923.25,3
651.5,0.20168,0.22737,-1.0628,2,-53.5,1.6582,923.25,3
688.5,0.18995,0.21588,-1.0628,2,-54.5,0.19328,925.75,3
689.5,0.2134,0.23885,-1.0514,2,-54.5,5.9334,921.25,3
700,0.34238,0.14698,-1.0057,2,-59,5.6466,922.25,3
701.75,0.44791,0.078086,-0.86891,2,-52.5,1.3484,921.25,3
702,0.44791,0.078086,-0.86891,3,-69,2.439,921.25,3
705.25,0.084423,0.35368,-0.97154,2,-58.5,5.731,925.25,3
706.25,0.56517,0.90487,-0.15052,1,-71,6.0331,922.75,1
707,0.56517,0.90487,-0.15052,3,-60.5,4.8781,920.75,1
707.5,0.87003,0.76708,0.21438,2,-69.5,5.8583,923.25,1
708,0.87003,0.76708,0.21438,2,-65,0.79153,920.25,1
710.25,0.54171,0.89339,-0.093505,3,-59.5,0.84216,920.25,1
711,0.54171,0.89339,-0.093505,3,-66,5.0238,924.75,1
711.75,0.54171,0.89339,-0.093505,3,-68.5,4.042,920.75,1
713,0.31893,0.93932,-0.29876,3,-62.5,0.49087,920.25,1
714.5,0.56517,0.85894,-0.013684,3,-60.5,1.2901,922.25,1
716.5,0.20168,0.98526,0.031928,2,-61,1.6045,921.25,4
716.75,0.20168,0.98526,0.031928,2,-60.5,0.35435,920.75,4
717.5,0.45964,0.95081,-0.12771,3,-61.5,0.59825,925.25,4
717.75,0.45964,0.95081,-0.12771,1,-67,5.7064,920.25,4
718.25,0.62379,0.89339,-0.13912,3,-59.5,1.1766,924.25,4
718.33,0.62379,0.89339,-0.13912,2,-60,0.44179,924.75,4
721.5,0.29548,0.80152,-0.16192,1,-50.5,4.4439,920.75,4
721.75,0.2603,0.92784,-0.10491,1,-54.5,5.5607,921.75,4
722.5,0.2603,0.92784,-0.10491,1,-59.5,0.1534,920.25,4
723.75,0.30721,0.99674,-0.17333,1,-52.5,1.5739,921.25,4
724,0.23685,1.0197,-0.17333,1,-52.5,1.7595,920.75,4
724.08,0.23685,1.0197,-0.17333,1,-52.5,1.8178,920.75,4
724.25,0.22513,0.96229,-0.21894,1,-53.5,1.2364,921.75,4
725.5,0.27203,0.88191,-0.10491,1,-59,0.4694,924.25,4
729.75,0.78795,0.76708,-0.11631,1,-60,1.3254,925.25,2
731.25,0.78795,0.76708,-0.11631,1,-60.5,5.958,921.25,2
733.75,0.78795,0.76708,-0.11631,1,-60.5,6.0914,920.75,2
738.5,0.98728,0.69818,0.043332,1,-60,6.0868,920.75,2
741,0.98728,0.69818,0.043332,1,-60,6.0715,920.75,2
743.25,0.98728,0.69818,0.043332,1,-60.5,6.1313,920.75,2
745.25,0.98728,0.69818,0.043332,1,-59,4.8274,922.75,2
747.5,0.7645,0.76708,-0.070699,1,-60.5,1.06,924.75,2
750.5,0.8114,0.77856,-0.03649,1,-59.5,5.7984,921.25,2
751.5,0.8114,0.77856,-0.03649,1,-62.5,0.23163,925.25,2
753.25,0.8114,0.77856,-0.03649,1,-59.5,5.9841,920.75,2
754.25,0.8114,0.77856,-0.03649,1,-63,6.1298,925.75,2
755.75,0.8114,0.77856,-0.03649,1,-59.5,5.3413,921.75,2
760,0.82312,0.73263,-0.047893,1,-61.5,1.0446,923.75,2
761.25,0.82312,0.73263,-0.047893,1,-62.5,0.20862,925.25,2
763,0.82312,0.73263,-0.047893,1,-60,5.2892,921.75,2
765.25,0.82312,0.73263,-0.047893,1,-60,5.6865,921.25,2
772.5,0.78795,0.74411,-0.03649,1,-60,5.7371,921.25,2
774.75,0.78795,0.74411,-0.03649,1,-60,5.5499,921.25,2
777.25,0.78795,0.74411,-0.03649,1,-60,5.6006,921.25,2
782.25,0.79967,0.74411,-0.03649,1,-60,5.846,920.75,2
784.75,0.79967,0.74411,-0.03649,1,-60,5.8782,920.75,2
787,0.79967,0.74411,-0.03649,1,-60,5.9411,920.75,2
794.5,0.9052,0.72114,-0.0022806,1,-60.5,6.0025,920.75,2
797,0.9052,0.72114,-0.0022806,1,-60.5,5.8169,920.75,2
800.5,0.8114,0.74411,-0.047893,1,-59.5,6.1344,920.25,2
802,0.8114,0.74411,-0.047893,1,-59.5,5.3091,921.75,2
804.5,0.8114,0.74411,-0.047893,1,-60,4.9456,922.25,2
806.5,0.8114,0.74411,-0.047893,1,-59.5,5.5822,921.25,2
814,0.77622,0.75559,-0.03649,1,-61,5.9994,920.75,2
816.25,0.77622,0.75559,-0.03649,1,-59,5.5653,921.25,2
816.75,0.77622,0.75559,-0.03649,1,-59.5,5.2631,922.25,2
819.25,0.77622,0.76708,-0.03649,1,-60,5.0913,922.25,2
826.25,0.54171,0.83597,0.088944,1,-53,5.7494,920.75,4
