0,0.025796,1.0082,0.077541,3,-60,2.5142,922.25,4
1.5,0.2134,0.96229,-0.070699,2,-59,3.8442,924.75,4
2.25,0.2134,0.96229,-0.070699,3,-66.5,1.2287,920.75,4
2.75,0.2134,0.96229,-0.070699,2,-59.5,4.7185,923.25,4
3.75,0.14305,0.84746,-0.0022806,2,-65,5.5423,924.75,4
5,-0.25561,1.0082,-0.059296,3,-63,5.9472,922.25,1
6.5,0.33066,0.93932,-0.025087,2,-60,5.7402,922.75,1
7.25,0.33066,0.93932,-0.025087,3,-63.5,0.088971,920.75,1
7.5,0.33066,0.93932,-0.025087,3,-64.5,1.0753,923.25,1
9,-0.0093803,0.98526,-0.11631,2,-60,5.1987,922.75,1
9.25,-0.0093803,0.98526,-0.11631,3,-63,1.1336,921.25,1
9.5,-0.0093803,0.98526,-0.11631,3,-60.5,1.063,920.75,1
9.75,0.084423,0.99674,-0.42419,2,-53,2.5587,921.75,1
10.5,0.33066,0.70966,-0.75488,3,-60,5.5392,925.25,1
10.75,0.29548,0.69818,-0.78909,3,-64,0.57524,925.75,1
11,0.29548,0.69818,-0.78909,3,-63,3.9884,924.25,1
11.25,0.43619,0.56038,-0.72067,2,-51.5,0.029146,922.75,1
11.5,0.68242,0.37665,-0.89172,3,-63,0.84216,923.75,1
11.75,0.68242,0.37665,-0.89172,2,-46,3.5205,921.25,1
12,0.45964,0.28478,-0.8461,3,-59,1.6598,920.75,3
12.075,0.45964,0.28478,-0.8461,2,-47.5,4.1126,920.75,3
12.125,0.43619,0.25033,-0.92593,3,-63.5,4.4716,921.75,3
12.25,0.43619,0.25033,-0.92593,3,-68,6.231,922.25,3
13.75,0.33066,0.055119,-1.0057,3,-59.5,6.0868,922.75,3
14,0.43619,0.19292,-1.0172,2,-51.5,2.0126,923.75,3
14.1,0.43619,0.19292,-1.0172,3,-60,5.507,923.75,3
14.125,0.43619,0.19292,-1.0172,3,-61.5,1.1965,921.25,3
141,0.44791,0.25033,-1.0172,3,-60.5,1.3361,920.75,3
141.08,0.44791,0.26182,-0.98294,2,-47.5,5.0223,921.75,3
141.25,0.38928,0.2733,-1.0172,3,-62.5,0.16874,922.25,3
141.5,0.38928,0.2733,-1.0172,3,-62.5,6.0531,923.25,3
141.6,0.38928,0.2733,-1.0172,3,-64,5.1112,925.25,3
141.75,0.38928,0.2733,-1.0172,2,-46.5,6.1329,920.25,3
141.83,0.51826,0.12402,-0.98294,3,-59,5.0775,920.25,3
142.25,0.49481,-0.0022966,-0.91452,2,-54.5,0.2439,925.75,3
142.35,0.49481,-0.0022966,-0.91452,2,-50.5,0.89584,924.25,3
142.38,0.49481,-0.0022966,-0.91452,2,-51.5,0.92806,924.25,3
142.5,0.42446,0.35368,-0.97154,3,-63,4.2353,924.75,3
142.75,0.41273,0.11254,-0.94873,3,-59.5,4.8412,922.75,3
142.83,0.41273,0.11254,-0.94873,3,-62,0.84983,923.75,3
143,0.41273,0.11254,-0.94873,2,-52.5,1.5079,923.75,3
143.08,0.63552,0.16995,-0.8347,3,-60.5,5.283,921.25,3
143.25,0.7176,0.30775,-0.8119,3,-61,5.6681,920.75,3
143.5,0.61207,-0.10565,-0.67506,2,-52.5,0.03068,921.75,3
143.58,0.61207,-0.10565,-0.67506,3,-66,5.2554,921.75,3
143.75,0.61207,-0.10565,-0.67506,3,-65,5.099,922.25,3
144.5,0.99901,0.38813,-0.72067,3,-64,4.5835,920.25,1
145.25,0.99901,0.38813,-0.72067,3,-66.5,5.1312,923.75,1
146.75,1.2101,-0.15158,-0.17333,3,-68,0.92806,920.25,1
148.25,1.0459,0.3422,-0.25315,3,-58.5,5.53,920.75,1
148.75,0.70587,0.60631,-0.56103,2,-53.5,0.8621,922.25,1
149.25,0.47136,0.79004,-0.54963,2,-53.5,5.7908,920.25,1
150,0.52999,0.84746,-0.31016,2,-55.5,1.4956,922.75,1
150.08,0.52999,0.84746,-0.31016,3,-61,0.30833,922.75,1
150.25,0.52999,0.84746,-0.31016,3,-62,4.7078,921.25,1
153,0.37756,0.96229,0.0091224,3,-67.5,5.7601,920.75,1
156,0.29548,0.98526,-0.025087,3,-62.5,0.90505,922.25,1
157.25,0.29548,0.98526,-0.025087,2,-59.5,5.7908,922.75,1
161.25,0.15478,1.0427,-0.12771,3,-60,0.29299,925.25,4
161.5,0.060972,1.0197,-0.19613,2,-67.5,5.6481,925.75,4
166.25,0.37756,0.99674,0.077541,1,-51.5,2.0709,920.25,4
166.75,0.072698,1.0197,-0.17333,1,-54.5,4.3258,924.25,4
167,0.10787,0.96229,-0.025087,1,-54,6.2264,922.75,4
167.5,0.2603,0.90487,0.054735,1,-52.5,0.25924,921.25,4
167.58,0.2603,0.90487,0.054735,1,-52.5,0.18254,921.25,4
167.75,0.025796,1.0427,-0.047893,1,-52.5,0.084369,920.75,4
167.83,0.025796,1.0427,-0.047893,1,-52.5,2.4605,921.75,4
168,-0.032831,1.1575,-0.11631,1,-53,2.0601,922.25,4
168.25,0.15478,0.97377,-0.10491,1,-54,1.0554,923.25,4
175.5,0.55344,0.90487,0.0091224,1,-61,5.5315,923.25,2
180,0.55344,0.90487,0.0091224,1,-60.5,6.2433,921.75,2
185.25,0.55344,0.90487,0.0091224,1,-62,5.3183,923.25,2
192.5,0.55344,0.90487,0.0091224,1,-62,5.4763,923.25,2
201.75,0.55344,0.90487,0.0091224,1,-60.5,0.27458,921.75,2
405.75,0.096148,1.0197,-0.070699,3,-58.5,0.87437,923.75,4
406.5,0.060972,1.0656,-0.03649,2,-60,5.7724,922.25,4
411,0.049247,0.97377,0.043332,2,-58.5,5.757,921.25,1
411.25,0.049247,0.97377,0.043332,3,-65.5,1.2471,921.75,1
411.75,0.2134,0.99674,0.0091224,2,-59,1.2747,923.25,1
412.25,0.2134,0.99674,0.0091224,3,-61,2.0433,920.25,1
413,0.2134,0.99674,0.0091224,2,-60,4.3688,922.75,1
413.25,0.2134,0.99674,0.0091224,3,-63.5,1.264,921.25,1
413.75,0.17823,0.99674,-0.025087,3,-62.5,0.73017,921.75,1
415,0.22513,0.93932,-0.42419,3,-59.5,1.0063,924.25,1
415.25,0.22513,0.93932,-0.42419,3,-62,4.875,924.75,1
415.5,0.44791,0.51445,-0.8461,2,-49.5,3.8043,923.75,1
415.75,0.55344,0.51445,-0.89172,2,-49.5,3.3456,923.75,1
415.85,0.55344,0.51445,-0.89172,2,-46,4.5513,921.25,1
415.88,0.40101,0.57186,-0.8119,3,-59.5,0.87744,921.25,1
416.25,0.70587,0.36516,-0.77769,3,-62,5.5822,922.25,1
416.5,0.70587,0.36516,-0.77769,2,-49,0.018408,922.25,1
417,0.65897,0.49148,-0.65225,2,-47.5,4.1862,920.25,1
417.08,0.60034,0.44555,-0.72067,3,-59.5,0.68262,920.25,1
417.13,0.60034,0.44555,-0.72067,3,-66,3.0634,925.75,1
417.25,0.60034,0.44555,-0.72067,3,-65.5,0.018408,924.25,1
418.5,-0.24389,0.30775,-1.0742,3,-68.5,2.6078,921.75,3
439,0.38928,0.35368,-0.98294,2,-57.5,0.74551,925.75,3
439.75,0.31893,0.84746,-0.68646,3,-61.5,0.41571,922.75,3
440.25,0.23685,0.80152,-0.70927,3,-60.5,5.4456,920.75,3
441,0.38928,0.61779,-0.94873,3,-62,1.5953,925.25,3
441.25,0.38928,0.61779,-0.94873,2,-48.5,3.4039,920.25,3
441.33,0.38928,0.61779,-0.94873,2,-48,0.2439,920.25,3
441.5,0.47136,0.30775,-0.93733,2,-47,0.12885,920.25,3
441.58,0.47136,0.30775,-0.93733,2,-47,0.070563,920.25,3
441.75,0.78795,0.078086,-0.8233,2,-51,0.88971,924.25,3
441.83,0.78795,0.078086,-0.8233,2,-51,0.76546,924.25,3
442,0.35411,0.19292,-0.88031,3,-60.5,5.9549,924.75,3
442.08,0.35411,0.19292,-0.88031,2,-52.5,0.37889,924.75,3
442.25,0.49481,0.25033,-0.92593,2,-49,1.3361,922.75,3
442.33,0.56517,0.23885,-0.93733,2,-51,0.84676,923.75,3
442.75,0.68242,0.14698,-0.8347,3,-57.5,4.3289,921.75,3
443,0.68242,0.14698,-0.8347,2,-48,1.9129,921.75,3
443.25,0.47136,0.25033,-0.93733,2,-48.5,1.6674,922.25,3
443.33,0.47136,0.25033,-0.93733,2,-48.5,1.6782,922.25,3
443.35,0.55344,0.23885,-0.93733,3,-59.5,0.35435,923.25,3
443.5,0.55344,0.23885,-0.93733,3,-59.5,0.35588,923.25,3
443.58,0.55344,0.23885,-0.93733,3,-61.5,5.5668,925.25,3
443.75,0.50654,0.23885,-0.90312,2,-46.5,5.9043,920.25,3
443.85,0.50654,0.23885,-0.90312,2,-46.5,2.7688,920.25,3
444,0.47136,0.22737,-0.96014,3,-62.5,5.3091,925.75,3
444.25,0.65897,0.19292,-0.85751,3,-61,5.7877,924.75,3
444.5,0.65897,0.19292,-0.85751,2,-50,1.3959,922.75,3
444.75,0.52999,0.25033,-0.92593,3,-60,0.036816,923.75,3
445,0.52999,0.25033,-0.92593,2,-48,2.169,921.25,3
445.25,0.61207,0.23885,-0.89172,2,-47,5.6358,920.75,3
445.35,0.77622,0.10105,-0.8233,2,-48.5,1.9727,921.75,3
445.38,0.77622,0.10105,-0.8233,2,-48,1.9896,921.75,3
445.5,0.8583,0.078086,-0.78909,2,-48,2.0034,921.75,3
445.6,0.47136,0.21588,-0.93733,2,-49,1.7303,922.25,3
445.63,0.47136,0.21588,-0.93733,2,-49,1.7395,922.25,3
445.75,0.47136,0.22737,-0.92593,3,-59.5,0.36969,923.25,3
446.5,0.50654,0.25033,-0.92593,2,-52.5,0.77159,924.25,3
446.6,0.50654,0.25033,-0.92593,3,-60,5.9534,924.25,3
447,0.58862,0.26182,-0.90312,3,-61,5.6757,924.75,3
447.08,0.58862,0.26182,-0.90312,2,-50,1.4021,922.75,3
447.25,0.48309,0.25033,-0.92593,2,-52,0.91425,923.75,3
447.33,0.48309,0.25033,-0.92593,3,-60,6.1835,923.75,3
447.5,0.87003,0.11254,-0.77769,2,-48,2.143,921.25,3
447.75,0.48309,0.25033,-0.93733,2,-49,1.7334,921.75,3
448,0.52999,0.23885,-0.92593,2,-50,1.4803,922.25,3
448.25,0.49481,0.2733,-0.92593,3,-60,0.13499,923.25,3
448.5,0.8114,0.14698,-0.80049,2,-47,2.663,920.25,3
448.58,0.8114,0.14698,-0.80049,2,-47,2.6584,920.25,3
448.75,0.43619,0.28478,-0.96014,3,-62.5,5.3827,925.75,3
449,0.43619,0.28478,-0.96014,2,-51,0.55377,924.25,3
449.1,0.55344,0.30775,-0.90312,3,-60.5,0.43258,924.25,3
449.25,0.55344,0.30775,-0.90312,2,-51.5,0.21322,924.75,3
449.5,0.44791,0.29627,-1.0514,2,-47.5,1.2839,922.75,3
449.58,0.45964,0.30775,-0.93733,2,-50,0.85596,923.75,3
449.75,0.45964,0.30775,-0.93733,2,-49.5,0.88817,923.75,3
449.83,0.45964,0.30775,-0.93733,2,-50.5,0.83449,923.75,3
449.88,0.44791,0.22737,-0.97154,2,-48,2.0678,921.25,3
450,0.43619,0.19292,-0.94873,2,-48,2.0433,921.25,3
450.25,0.43619,0.19292,-0.97154,2,-47.5,1.8147,921.75,3
450.33,0.37756,0.19292,-0.97154,3,-60,0.58138,921.75,3
450.5,0.37756,0.19292,-0.97154,2,-51,1.6981,922.25,3
451,0.37756,0.21588,-0.99434,3,-62.5,4.9609,925.25,3
451.5,0.31893,0.26182,-1.0172,3,-68.5,5.3014,924.25,3
452.25,0.15478,0.28478,-0.96014,3,-68,3.8165,921.25,3
453.5,0.35411,0.21588,-1.0057,3,-70,0.30219,920.25,3
455,0.096148,0.2733,-1.1654,3,-68.5,5.7371,920.75,3
455.25,0.096148,0.2733,-1.1654,3,-69,1.9436,922.25,3
456,0.31893,0.22737,-0.93733,3,-65.5,6.1957,920.25,3
456.5,0.31893,0.22737,-0.93733,3,-69.5,0.7179,924.75,3
457.25,0.1196,0.38813,-1.0172,3,-66,2.752,920.75,3
457.5,0.1196,0.38813,-1.0172,3,-66.5,2.3194,921.75,3
458,0.049247,0.39961,-1.04,3,-67.5,1.5923,923.25,3
458.25,0.049247,0.39961,-1.04,2,-53,1.534,920.25,3
458.5,0.049247,0.39961,-1.04,3,-65,0.033748,920.25,3
459.25,0.14305,0.35368,-1.0172,3,-66.5,4.9793,922.75,3
459.75,0.23685,0.31923,-0.97154,2,-53,1.2747,920.75,3
459.83,0.23685,0.31923,-0.97154,2,-53,1.2793,920.75,3
460.25,0.10787,0.39961,-1.0172,2,-54,0.58905,922.25,3
460.5,0.14305,0.36516,-1.0057,3,-68.5,0.5645,925.25,3
460.75,0.14305,0.36516,-1.0057,2,-52.5,1.514,920.25,3
461.25,0.1196,0.37665,-1.0286,3,-67.5,1.0815,924.25,3
461.5,0.1196,0.37665,-1.0286,3,-66,4.9778,922.75,3
462,0.1196,0.37665,-1.0286,2,-53,1.0247,921.25,3
462.25,0.23685,0.31923,-0.96014,3,-64.5,5.9871,920.75,3
462.5,0.23685,0.31923,-0.96014,3,-65,5.464,921.75,3
463,0.10787,0.38813,-1.0286,3,-69.5,0.46633,925.25,3
463.5,0.084423,0.4111,-1.0286,3,-68,0.99709,924.25,3
464,0.084423,0.4111,-1.0286,3,-68.5,0.69489,924.75,3
464.25,0.084423,0.4111,-1.0286,3,-67.5,1.2533,923.75,3
464.75,0.014071,0.39961,-1.0514,3,-65,5.9703,920.75,3
465,0.014071,0.39961,-1.0514,3,-66,5.1803,922.25,3
465.75,0.18995,0.3422,-0.98294,3,-64.5,6.2617,920.25,3
466.5,0.10787,0.37665,-1.0286,3,-66.5,1.8316,922.75,3
466.75,0.10787,0.37665,-1.0286,3,-67.5,1.3392,923.75,3
467,0.10787,0.37665,-1.0286,3,-65.5,5.7785,921.25,3
467.25,0.10787,0.37665,-1.0286,2,-53,1.2563,920.75,3
467.5,0.15478,0.36516,-1.0057,3,-65.5,5.1434,922.25,3
468,0.1196,0.38813,-1.0172,3,-64,6.2632,920.25,3
469,0.10787,0.39961,-1.0286,3,-66,1.7625,922.75,3
469.25,0.10787,0.39961,-1.0286,3,-67,1.2655,923.75,3
469.5,0.10787,0.39961,-1.0286,2,-53,1.2533,920.75,3
469.58,0.10787,0.39961,-1.0286,2,-53,1.2563,920.75,3
470,0.014071,0.38813,-1.0514,3,-65.5,5.1634,922.25,3
470.25,0.014071,0.38813,-1.0514,3,-69,0.45559,925.25,3
471,0.15478,0.35368,-1.0172,3,-67.5,1.0002,924.25,3
471.75,0.2603,0.30775,-0.96014,2,-53.5,0.99402,921.25,3
471.83,0.2603,0.30775,-0.96014,3,-65,5.6681,921.25,3
472.25,0.33066,0.29627,-0.93733,3,-66,5.0821,922.25,3
473,0.2603,0.30775,-0.94873,2,-52,1.468,920.25,3
474.25,0.10787,0.39961,-1.0286,2,-53.5,0.97254,921.25,3
474.5,0.084423,0.39961,-1.0286,3,-64,5.8598,920.75,3
474.6,0.084423,0.39961,-1.0286,2,-53.5,0.71484,921.75,3
475.25,0.1665,0.36516,-0.99434,3,-63.5,6.1835,920.25,3
476,0.096148,0.39961,-1.04,3,-68,0.61666,924.75,3
476.75,0.14305,0.36516,-1.0057,2,-53,1.0032,921.25,3
476.83,0.14305,0.36516,-1.0057,2,-53,0.99095,921.25,3
477,0.072698,0.39961,-1.0286,2,-52.5,1.2364,920.75,3
477.08,0.072698,0.39961,-1.0286,2,-53.5,0.75165,921.75,3
477.25,0.15478,0.35368,-1.0057,3,-65.5,1.9343,922.25,3
477.5,0.15478,0.35368,-1.0057,3,-66.5,1.4205,923.25,3
477.75,0.15478,0.35368,-1.0057,2,-52.5,1.4404,920.25,3
477.83,0.15478,0.35368,-1.0057,3,-63.5,6.2004,920.25,3
478.5,0.1196,0.37665,-1.0172,3,-68.5,0.65654,924.75,3
479.25,0.34238,0.2733,-0.92593,2,-52.5,1.2364,920.75,3
479.5,0.34238,0.2733,-0.92593,3,-65,5.329,921.75,3
480,0.2603,0.29627,-0.96014,2,-54.5,0.033748,923.25,3
480.25,0.10787,0.37665,-1.0286,2,-52,1.4956,920.25,3
480.33,0.10787,0.37665,-1.0286,2,-52,1.4757,920.25,3
481.25,0.1665,0.35368,-0.98294,3,-67,1.2057,923.75,3
481.75,0.025796,0.39961,-1.04,2,-52.5,1.198,920.75,3
481.83,0.025796,0.39961,-1.04,3,-64,5.8644,920.75,3
482.5,0.037521,0.39961,-1.04,3,-69,0.38196,925.25,3
482.75,0.037521,0.39961,-1.04,2,-52,1.4266,920.25,3
484,0.072698,0.38813,-1.04,2,-52.5,0.99095,921.25,3
484.1,0.072698,0.38813,-1.04,3,-64.5,5.8905,920.75,3
484.5,0.014071,0.39961,-1.0514,2,-53.5,0.74551,921.75,3
484.58,0.014071,0.39961,-1.0514,3,-65.5,5.1082,922.25,3
485,0.096148,0.37665,-1.04,2,-52,1.468,920.25,3
485.08,0.096148,0.37665,-1.04,3,-63.5,6.2188,920.25,3
485.75,0.37756,0.26182,-0.91452,3,-68,0.63814,924.75,3
486,0.37756,0.26182,-0.91452,3,-66,1.7027,922.75,3
486.25,0.37756,0.26182,-0.91452,2,-53,0.95414,921.25,3
486.5,0.29548,0.29627,-0.93733,2,-52.5,1.2011,920.75,3
486.75,0.29548,0.29627,-0.93733,3,-63.5,5.8506,920.75,3
486.83,0.29548,0.29627,-0.93733,2,-53.5,0.71023,921.75,3
487,0.10787,0.38813,-1.0057,3,-66.5,1.4082,923.25,3
487.5,0.10787,0.38813,-1.0057,3,-64.5,6.1329,920.25,3
488.25,0.37756,0.25033,-0.92593,3,-68.5,0.71023,924.75,3
488.5,0.37756,0.25033,-0.92593,3,-66,4.8643,922.75,3
488.75,0.37756,0.25033,-0.92593,2,-53,0.99555,921.25,3
489,0.014071,0.39961,-1.0628,2,-52.5,1.2241,920.75,3
489.25,0.072698,0.38813,-1.0514,3,-65,5.415,921.75,3
489.75,0.35411,0.26182,-0.92593,3,-68.5,0.44485,925.25,3
490,0.35411,0.26182,-0.92593,2,-52,1.4527,920.25,3
490.5,0.096148,0.39961,-1.0172,3,-67,0.98021,924.25,3
490.75,0.096148,0.39961,-1.0172,3,-65.5,4.8965,922.75,3
491.25,0.10787,0.38813,-1.0172,3,-64,5.7033,921.25,3
491.5,0.10787,0.38813,-1.0172,3,-64,5.9795,920.75,3
492,0.10787,0.38813,-1.04,3,-65,5.1342,922.25,3
492.25,0.10787,0.38813,-1.04,3,-68.5,0.40497,925.25,3
492.5,0.10787,0.38813,-1.04,3,-63,6.254,920.25,3
493.25,0.35411,0.26182,-0.92593,3,-67.5,0.65961,924.75,3
493.5,0.35411,0.26182,-0.92593,3,-66.5,1.2195,923.75,3
493.75,0.35411,0.26182,-0.92593,2,-53,0.96334,921.25,3
494,0.072698,0.39961,-1.04,2,-52.5,1.2057,920.75,3
494.08,0.072698,0.39961,-1.04,3,-64.5,5.3904,921.75,3
494.5,0.29548,0.29627,-0.94873,3,-65.5,1.4956,923.25,3
495.25,0.2603,0.30775,-0.96014,3,-67,0.9388,924.25,3
495.5,0.2603,0.30775,-0.96014,3,-67.5,0.68569,924.75,3
496,0.14305,0.37665,-1.0286,2,-53,0.99709,921.25,3
496.25,0.025796,0.39961,-1.04,2,-52.5,1.2364,920.75,3
496.5,0.025796,0.39961,-1.04,3,-64.5,5.4104,921.75,3
497,0.29548,0.29627,-0.93733,3,-65.5,4.5667,923.25,3
497.25,0.29548,0.29627,-0.93733,2,-52,1.4726,920.25,3
498,0.27203,0.29627,-0.94873,2,-54.5,0.25924,922.75,3
498.08,0.27203,0.29627,-0.94873,3,-65,4.8673,922.75,3
498.5,0.049247,0.38813,-1.0514,2,-53,1.0017,921.25,3
498.78,0.049247,0.38813,-1.0514,2,-52.5,1.2379,920.75,3
498.85,0.20168,0.33072,-0.99434,3,-64,5.3889,921.75,3
499,0.20168,0.33072,-0.99434,2,-54,0.51849,922.25,3
499.25,0.20168,0.33072,-0.99434,2,-53.5,0.52616,922.25,3
499.75,0.13132,0.36516,-1.0172,2,-51.5,1.4818,920.25,3
499.83,0.049247,0.38813,-1.0514,3,-63,6.2786,920.25,3
500.25,0.049247,0.38813,-1.0514,3,-67,0.9434,924.25,3
500.75,0.10787,0.4111,-1.0286,3,-66,1.1674,923.75,3
501,0.10787,0.4111,-1.0286,2,-53,0.99402,921.25,3
501.08,0.10787,0.4111,-1.0286,2,-53,0.99862,921.25,3
501.25,0.037521,0.39961,-1.0514,2,-52.5,1.2287,920.75,3
501.33,0.037521,0.39961,-1.0514,3,-64,5.3873,921.75,3
501.75,0.060972,0.38813,-1.0514,3,-64.5,5.0851,922.25,3
502,0.060972,0.38813,-1.0514,3,-68.5,0.37889,925.25,3
502.25,0.060972,0.38813,-1.0514,2,-52,1.488,920.25,3
502.5,0.060972,0.37665,-1.0514,3,-67,0.92039,924.25,3
503,0.060972,0.37665,-1.0514,3,-65,1.7165,922.75,3
503.25,0.060972,0.38813,-1.04,3,-63.5,5.6527,921.25,3
503.5,0.060972,0.38813,-1.04,2,-52.5,1.218,920.75,3
503.75,0.30721,0.28478,-0.92593,2,-53.5,0.72557,921.75,3
504,0.060972,0.39961,-1.04,3,-66,4.5667,923.25,3
504.5,0.060972,0.39961,-1.04,2,-52,1.4573,920.25,3
504.58,0.060972,0.39961,-1.04,3,-63,6.2372,920.25,3
505.25,0.2134,0.33072,-0.97154,3,-67.5,0.6366,924.75,3
505.75,0.28376,0.28478,-0.94873,2,-52.5,1.0017,921.25,3
505.83,0.28376,0.28478,-0.94873,2,-52.5,0.98635,921.25,3
506,0.10787,0.38813,-1.04,2,-52.5,1.2272,920.75,3
506.1,0.10787,0.38813,-1.04,3,-63,5.9426,920.75,3
506.25,0.10787,0.38813,-1.04,2,-53.5,0.72864,921.75,3
506.5,0.2134,0.33072,-0.98294,2,-53.5,0.47247,922.25,3
506.58,0.2134,0.33072,-0.98294,3,-66,1.4113,923.25,3
507,0.2134,0.35368,-0.98294,2,-52,1.4404,920.25,3
507.25,0.2134,0.35368,-0.98294,3,-69,0.12272,925.75,3
508.25,0.060972,0.39961,-1.04,2,-53,0.98021,921.25,3
508.35,0.060972,0.39961,-1.04,3,-64,5.6404,921.25,3
509,0.084423,0.38813,-1.04,3,-64.5,5.102,922.25,3
509.25,0.084423,0.38813,-1.04,3,-68,0.38196,925.25,3
509.5,0.084423,0.38813,-1.04,3,-63,6.2433,920.25,3
509.75,0.084423,0.38813,-1.04,3,-69,0.12272,925.75,3
510.25,0.10787,0.38813,-1.0172,3,-65,4.8412,922.75,3
510.75,0.27203,0.30775,-0.96014,3,-63,5.961,920.75,3
511,0.27203,0.30775,-0.96014,2,-53,0.73017,921.75,3
511.08,0.27203,0.30775,-0.96014,2,-53.5,0.71023,921.75,3
511.75,0.36583,0.25033,-0.92593,3,-68,0.37889,925.25,3
512,0.36583,0.25033,-0.92593,2,-52,1.4726,920.25,3
512.1,0.36583,0.25033,-0.92593,3,-62.5,6.277,920.25,3
512.5,0.40101,0.23885,-0.92593,3,-68,0.632,924.75,3
512.75,0.40101,0.23885,-0.92593,3,-66.5,1.1858,923.75,3
513,0.40101,0.23885,-0.92593,3,-63.5,5.6404,921.25,3
513.5,0.42446,0.25033,-0.91452,2,-53.5,0.7179,921.75,3
513.58,0.42446,0.25033,-0.91452,3,-64,5.3705,921.75,3
514,0.049247,0.38813,-1.0628,3,-65.5,4.5789,923.25,3
514.25,0.049247,0.38813,-1.0628,2,-52,1.4481,920.25,3
514.5,0.049247,0.38813,-1.0514,3,-69,0.069029,925.75,3
514.75,0.049247,0.38813,-1.0514,3,-67.5,0.63047,924.75,3
515.25,0.049247,0.38813,-1.0514,3,-64.5,4.832,922.75,3
515.5,0.049247,0.38813,-1.0514,3,-66,4.2982,923.75,3
515.75,0.31893,0.26182,-0.93733,2,-52.5,1.2379,920.75,3
515.83,0.31893,0.26182,-0.93733,2,-52.5,1.2441,920.75,3
516,0.096148,0.38813,-1.04,2,-53,0.75318,921.75,3
516.08,0.096148,0.38813,-1.04,3,-64.5,5.0867,922.25,3
516.5,0.096148,0.38813,-1.0514,3,-68,0.38963,925.25,3
516.75,0.096148,0.38813,-1.0514,2,-52,1.4557,920.25,3
516.83,0.096148,0.38813,-1.0514,3,-62.5,6.2586,920.25,3
517.75,0.24858,0.30775,-0.97154,3,-66,1.1888,923.75,3
518,0.24858,0.30775,-0.97154,2,-52.5,0.93573,921.25,3
518.25,0.29548,0.30775,-0.93733,3,-63.5,5.9304,920.75,3
518.5,0.29548,0.30775,-0.93733,2,-53.5,0.45252,922.25,3
518.58,0.29548,0.30775,-0.93733,3,-64.5,5.1204,922.25,3
519,0.14305,0.38813,-1.0172,2,-52,1.4235,920.25,3
519.25,0.14305,0.38813,-1.0172,3,-63.5,6.2617,920.25,3
519.5,0.14305,0.38813,-1.0172,3,-68.5,0.18254,925.75,3
520,0.14305,0.38813,-1.0286,3,-65,1.7518,922.75,3
520.5,0.2134,0.3422,-0.98294,3,-64,5.7217,921.25,3
520.75,0.2134,0.3422,-0.98294,3,-64,5.9979,920.75,3
521,0.2134,0.3422,-0.98294,3,-64.5,5.4272,921.75,3
521.25,0.2134,0.3422,-0.98294,3,-65.5,1.5186,923.25,3
521.5,0.2134,0.3422,-0.98294,3,-68.5,0.44946,925.25,3
522,0.38928,0.2733,-0.91452,3,-68.5,0.15493,925.75,3
522.5,0.38928,0.2733,-0.91452,3,-65.5,1.7564,922.75,3
523,0.44791,0.23885,-0.90312,2,-52.5,0.97101,921.25,3
523.08,0.44791,0.23885,-0.90312,3,-64,5.7003,921.25,3
523.25,0.44791,0.23885,-0.90312,3,-64,5.9963,920.75,3
523.5,0.23685,0.31923,-0.97154,3,-65,5.171,922.25,3
523.75,0.23685,0.31923,-0.97154,3,-68,0.46019,925.25,3
524,0.23685,0.31923,-0.97154,3,-63.5,0.0092039,920.25,3
524.5,0.23685,0.31923,-0.97154,3,-67,1.0201,924.25,3
525,0.15478,0.37665,-1.0172,3,-67,1.2441,923.75,3
525.25,0.15478,0.37665,-1.0172,2,-53,0.94186,921.25,3
525.5,0.15478,0.37665,-1.0172,2,-52.5,1.1873,920.75,3
525.58,0.049247,0.39961,-1.04,2,-52.5,1.1796,920.75,3
525.63,0.049247,0.39961,-1.04,2,-53,0.71484,921.75,3
525.75,0.13132,0.38813,-1.0172,2,-53.5,0.45252,922.25,3
526.25,0.060972,0.39961,-1.04,3,-68,0.42645,925.25,3
526.5,0.060972,0.39961,-1.04,2,-52,1.4235,920.25,3
526.75,0.060972,0.39961,-1.04,3,-68.5,0.20555,925.75,3
527,0.060972,0.39961,-1.04,3,-67.5,0.6995,924.75,3
527.5,0.060972,0.39961,-1.04,3,-65,4.9133,922.75,3
527.75,0.060972,0.39961,-1.04,3,-64,5.757,921.25,3
528,0.27203,0.30775,-0.97154,3,-64,5.981,920.75,3
528.25,0.27203,0.30775,-0.97154,2,-53.5,0.7225,921.75,3
528.5,0.084423,0.39961,-1.0514,3,-65.5,4.6679,923.25,3
529,0.060972,0.37665,-1.04,3,-63,6.274,920.25,3
529.75,0.2134,0.3422,-0.99434,3,-65,4.9164,922.75,3
530.25,0.072698,0.39961,-1.04,2,-53,0.94647,921.25,3
530.33,0.072698,0.39961,-1.04,3,-64,5.9825,920.75,3
530.75,0.27203,0.31923,-0.97154,2,-53.5,0.73017,921.75,3
531,0.13132,0.38813,-1.0286,2,-54.5,0.016874,923.25,3
531.08,0.13132,0.38813,-1.0286,2,-55,5.441,925.25,3
531.25,0.13132,0.38813,-1.0286,2,-51.5,1.4757,920.25,3
531.5,0.060972,0.37665,-1.0514,3,-63.5,0.032214,920.25,3
531.75,0.060972,0.37665,-1.0514,3,-66.5,1.0094,924.25,3
532.25,0.33066,0.28478,-0.93733,3,-66.5,1.2594,923.75,3
532.5,0.33066,0.28478,-0.93733,2,-53,0.94953,921.25,3
532.75,0.10787,0.38813,-1.04,2,-52.5,1.1888,920.75,3
533,0.10787,0.38813,-1.04,3,-64.5,5.415,921.75,3
533.75,0.17823,0.37665,-1.0057,2,-52,1.4174,920.25,3
533.85,0.17823,0.37665,-1.0057,3,-63,6.254,920.25,3
534.5,0.1196,0.39961,-1.0286,3,-67.5,0.69029,924.75,3
535,0.072698,0.37665,-1.04,2,-52.5,0.99555,921.25,3
535.08,0.072698,0.37665,-1.04,2,-52.5,0.98635,921.25,3
535.25,0.24858,0.30775,-0.99434,2,-52,1.2195,920.75,3
535.33,0.24858,0.30775,-0.99434,3,-63.5,5.9779,920.75,3
535.5,0.24858,0.30775,-0.99434,2,-53,0.7225,921.75,3
535.75,0.084423,0.38813,-1.0514,2,-53.5,0.4648,922.25,3
535.83,0.084423,0.38813,-1.0514,3,-66,4.6572,923.25,3
536.25,0.084423,0.38813,-1.0514,2,-52,1.4404,920.25,3
536.33,0.060972,0.38813,-1.0514,3,-63,6.2617,920.25,3
536.5,0.060972,0.38813,-1.0514,3,-67,0.97868,924.25,3
537,0.060972,0.38813,-1.0514,3,-67.5,0.68262,924.75,3
537.25,0.060972,0.38813,-1.0514,3,-66.5,1.2042,923.75,3
537.5,0.28376,0.30775,-0.96014,2,-52,1.1919,920.75,3
537.75,0.28376,0.30775,-0.96014,3,-63.5,5.9779,920.75,3
537.83,0.28376,0.30775,-0.96014,2,-53.5,0.7225,921.75,3
538,0.1196,0.37665,-1.04,3,-65,5.168,922.25,3
538.75,0.1665,0.36516,-1.0286,2,-52,1.468,920.25,3
538.83,0.1665,0.36516,-1.0286,3,-63.5,6.2678,920.25,3
539.25,0.096148,0.37665,-1.04,3,-67.5,0.70563,924.75,3
539.5,0.096148,0.37665,-1.04,2,-54,0.21169,922.75,3
539.75,0.10787,0.39961,-1.0286,2,-53,0.9434,921.25,3
540,0.10787,0.39961,-1.0286,3,-64,5.6711,921.25,3
540.25,0.29548,0.28478,-0.96014,2,-53.5,0.67955,921.75,3
540.5,0.29548,0.28478,-0.96014,2,-53.5,0.48014,922.25,3
540.75,0.14305,0.39961,-1.0286,3,-68,0.43258,925.25,3
541,0.14305,0.39961,-1.0286,2,-52,1.4312,920.25,3
541.25,0.060972,0.37665,-1.0514,3,-68.5,0.18101,925.75,3
541.5,0.060972,0.37665,-1.0514,3,-67.5,0.66421,924.75,3
542,0.060972,0.37665,-1.0514,3,-65.5,4.9164,922.75,3
542.5,0.43619,0.22737,-0.91452,2,-52.5,0.96334,921.25,3
542.6,0.43619,0.22737,-0.91452,2,-52.5,1.1873,920.75,3
542.75,0.072698,0.38813,-1.0514,2,-53.5,0.70103,921.75,3
542.85,0.072698,0.38813,-1.0514,3,-64.5,5.415,921.75,3
543,0.072698,0.38813,-1.0514,3,-64.5,5.1388,922.25,3
543.5,0.40101,0.25033,-0.91452,2,-52,1.4235,920.25,3
543.6,0.40101,0.25033,-0.91452,3,-63,6.2694,920.25,3
544,0.2603,0.30775,-0.96014,3,-67.5,0.68569,924.75,3
544.5,0.2603,0.30775,-0.96014,3,-67,1.2303,923.75,3
545,0.2134,0.33072,-0.98294,2,-52.5,1.195,920.75,3
545.08,0.2134,0.33072,-0.98294,2,-52,1.2118,920.75,3
545.25,0.084423,0.37665,-1.04,2,-53,0.7179,921.75,3
545.33,0.084423,0.37665,-1.04,3,-65,5.1542,922.25,3
546,0.15478,0.37665,-1.04,3,-63,6.208,920.25,3
546.08,0.15478,0.37665,-1.04,3,-68.5,0.16414,925.75,3
546.75,0.1196,0.39961,-1.04,3,-65,4.8336,922.75,3
547.25,0.2603,0.31923,-0.96014,3,-63.5,5.6036,921.25,3
547.5,0.2603,0.31923,-0.96014,2,-52.5,1.1796,920.75,3
547.6,0.2603,0.31923,-0.96014,2,-53,0.69796,921.75,3
547.75,0.072698,0.38813,-1.0514,3,-65,5.0729,922.25,3
548.5,0.23685,0.31923,-0.99434,2,-51.5,1.4496,920.25,3
548.75,0.23685,0.31923,-0.99434,3,-66.5,0.92499,924.25,3
549.25,0.24858,0.30775,-0.98294,3,-65,4.8443,922.75,3
549.5,0.24858,0.30775,-0.98294,3,-66.5,1.1612,923.75,3
549.75,0.24858,0.30775,-0.98294,3,-63.5,5.6282,921.25,3
549.83,0.24858,0.30775,-0.98294,2,-52,1.2057,920.75,3
550,0.13132,0.39961,-1.0286,3,-64,5.3613,921.75,3
550.25,0.13132,0.39961,-1.0286,2,-53.5,0.44179,922.25,3
550.75,0.1665,0.39961,-1.0286,3,-68,0.34361,925.25,3
550.83,0.1665,0.39961,-1.0286,2,-52,1.4205,920.25,3
551.25,0.38928,0.26182,-0.93733,3,-67,0.91579,924.25,3
551.75,0.45964,0.26182,-0.91452,3,-66,4.3013,923.75,3
552,0.45964,0.26182,-0.91452,3,-64,5.622,921.25,3
552.25,0.45964,0.26182,-0.91452,3,-63.5,5.9058,920.75,3
552.5,0.45964,0.26182,-0.91452,2,-53,0.67955,921.75,3
552.6,0.084423,0.39961,-1.04,3,-64.5,5.0729,922.25,3
552.75,0.084423,0.39961,-1.04,3,-65.5,4.5559,923.25,3
553.25,0.084423,0.39961,-1.04,2,-51.5,1.4143,920.25,3
553.35,0.13132,0.38813,-1.0286,2,-51.5,1.4251,920.25,3
553.5,0.13132,0.38813,-1.0286,3,-68.5,0.10278,925.75,3
553.75,0.13132,0.38813,-1.0286,3,-67.5,0.63967,924.75,3
554.25,0.31893,0.2733,-0.96014,3,-66,1.1244,923.75,3
554.5,0.31893,0.2733,-0.96014,2,-52.5,0.9434,921.25,3
554.58,0.31893,0.2733,-0.96014,2,-52,1.1842,920.75,3
554.75,0.096148,0.38813,-1.04,3,-63,5.8966,920.75,3
555,0.096148,0.38813,-1.04,2,-53,0.68109,921.75,3
555.25,0.35411,0.26182,-0.93733,3,-65.5,4.5866,923.25,3
555.5,0.35411,0.26182,-0.93733,2,-51.5,1.4128,920.25,3
555.75,0.060972,0.38813,-1.04,3,-63,6.2034,920.25,3
556.25,0.1196,0.38813,-1.0286,3,-67.5,0.57217,924.75,3
556.75,0.1196,0.38813,-1.0286,3,-66,1.1996,923.75,3
557,0.45964,0.22737,-0.90312,3,-63.5,5.9227,920.75,3
557.25,0.45964,0.22737,-0.90312,2,-53,0.70256,921.75,3
557.5,0.31893,0.29627,-0.94873,2,-53,0.47247,922.25,3
557.75,0.10787,0.37665,-1.04,3,-65.5,1.4143,923.25,3
558,0.10787,0.37665,-1.04,2,-51.5,1.4235,920.25,3
558.5,0.40101,0.26182,-0.92593,3,-66.5,0.87437,924.25,3
559.25,0.1196,0.38813,-1.04,3,-63.5,5.5929,921.25,3
559.5,0.1196,0.38813,-1.04,3,-63,5.8828,920.75,3
559.75,0.1196,0.38813,-1.04,3,-64,5.3352,921.75,3
560,0.30721,0.28478,-0.96014,3,-65.5,1.379,923.25,3
560.5,0.30721,0.28478,-0.96014,2,-51.5,1.4573,920.25,3
560.75,0.14305,0.37665,-1.04,3,-62.5,6.1881,920.25,3
561,0.14305,0.37665,-1.04,3,-66.5,0.86517,924.25,3
561.25,0.14305,0.37665,-1.04,3,-65,4.7814,922.75,3
561.75,0.37756,0.26182,-0.91452,2,-52.5,0.9526,921.25,3
562,0.18995,0.36516,-1.0057,2,-52,1.1689,920.75,3
562.25,0.18995,0.36516,-1.0057,2,-53,0.67495,921.75,3
562.33,0.072698,0.38813,-1.0514,2,-53.5,0.42491,922.25,3
562.5,0.072698,0.38813,-1.0514,3,-64.5,5.0759,922.25,3
563,0.1665,0.37665,-1.0172,2,-51.5,1.4128,920.25,3
563.1,0.1665,0.37665,-1.0172,3,-62.5,6.1865,920.25,3
563.25,0.1665,0.37665,-1.0172,3,-66.5,0.86823,924.25,3
563.75,0.28376,0.30775,-0.96014,2,-54,0.21169,922.75,3
563.85,0.28376,0.30775,-0.96014,3,-65,1.6705,922.75,3
564.25,0.28376,0.30775,-0.96014,2,-52.5,0.96181,921.25,3
564.33,0.15478,0.37665,-1.0286,2,-52,1.1858,920.75,3
564.5,0.15478,0.37665,-1.0286,3,-63.5,5.8828,920.75,3
564.6,0.15478,0.37665,-1.0286,3,-64,5.3444,921.75,3
565,0.36583,0.28478,-0.93733,3,-65.5,4.5544,923.25,3
565.25,0.36583,0.28478,-0.93733,3,-68,0.33748,925.25,3
565.5,0.36583,0.28478,-0.93733,2,-51.5,1.4097,920.25,3
566,0.20168,0.3422,-0.99434,3,-66.5,0.87744,924.25,3
566.25,0.20168,0.3422,-0.99434,3,-65,4.8167,922.75,3
566.75,0.18995,0.3422,-1.0172,2,-52.5,0.95874,921.25,3
566.85,0.18995,0.3422,-1.0172,2,-52.5,0.95414,921.25,3
567,0.060972,0.38813,-1.04,2,-52,1.2088,920.75,3
567.08,0.060972,0.38813,-1.04,3,-63,5.9074,920.75,3
567.25,0.060972,0.38813,-1.04,3,-64,5.3152,921.75,3
567.5,0.084423,0.38813,-1.0514,3,-65.5,4.5636,923.25,3
567.75,0.084423,0.38813,-1.0514,2,-51.5,1.4143,920.25,3
568,0.084423,0.38813,-1.0514,3,-63,6.1789,920.25,3
568.75,0.1196,0.39961,-1.0172,3,-66,4.2859,923.75,3
569,0.1196,0.39961,-1.0172,3,-63.5,5.6205,921.25,3
569.5,0.42446,0.25033,-0.92593,2,-52.5,0.70103,921.75,3
569.58,0.42446,0.25033,-0.92593,3,-64,5.326,921.75,3
569.75,0.42446,0.25033,-0.92593,2,-53.5,0.43105,922.25,3
570,0.10787,0.37665,-1.04,2,-54,6.2387,923.25,3
570.08,0.10787,0.37665,-1.04,3,-65.5,4.5697,923.25,3
570.25,0.10787,0.37665,-1.04,3,-63,6.2264,920.25,3
571.25,0.22513,0.35368,-1.0057,2,-54.5,5.9795,923.75,3
571.5,0.40101,0.26182,-0.92593,2,-52.5,0.92959,921.25,3
571.75,0.40101,0.26182,-0.92593,3,-63,5.8767,920.75,3
572,0.30721,0.29627,-0.96014,2,-53,0.67495,921.75,3
572.1,0.30721,0.29627,-0.96014,2,-53.5,0.43258,922.25,3
572.25,0.17823,0.36516,-1.0172,3,-65.5,1.4097,923.25,3
572.75,0.17823,0.36516,-1.0172,2,-51.5,1.4266,920.25,3
573,0.37756,0.26182,-0.92593,3,-67.5,0.88511,924.25,3
573.5,0.37756,0.26182,-0.92593,2,-53.5,0.25464,922.75,3
573.6,0.37756,0.26182,-0.92593,3,-65,4.832,922.75,3
574,0.1665,0.37665,-1.04,3,-63.5,5.6174,921.25,3
574.08,0.1665,0.37665,-1.04,3,-63.5,5.8859,920.75,3
574.25,0.1665,0.37665,-1.04,2,-53,0.70256,921.75,3
574.5,0.1196,0.37665,-1.04,3,-64.5,5.0713,922.25,3
574.75,0.1196,0.37665,-1.04,3,-65.5,4.5513,923.25,3
575,0.1196,0.37665,-1.04,3,-63,6.1927,920.25,3
575.75,0.42446,0.23885,-0.91452,3,-67,0.84676,924.25,3
576.25,0.29548,0.30775,-0.94873,3,-66.5,1.172,923.75,3
576.5,0.29548,0.30775,-0.94873,2,-53.5,1.1536,920.75,3
576.58,0.29548,0.30775,-0.94873,3,-66.5,5.5239,920.75,3
588.25,0.36583,0.22737,-0.94873,3,-68,1.6306,922.75,3
588.5,0.36583,0.22737,-0.94873,3,-66.5,5.5591,921.25,3
589.25,0.20168,0.3422,-1.0286,3,-68,1.3514,923.25,3
589.75,0.20168,0.3422,-1.0286,3,-65.5,6.1973,920.25,3
590.25,0.20168,0.3422,-1.0286,3,-69.5,0.93419,924.25,3
590.75,0.20168,0.3422,-1.0286,3,-69,1.1091,923.75,3
591.5,0.17823,0.3422,-1.04,3,-66.5,2.1951,921.75,3
593,0.13132,0.3422,-1.04,3,-67.5,1.6199,922.75,3
593.5,0.29548,0.2733,-0.98294,3,-66,5.8552,920.75,3
594.25,0.28376,0.28478,-0.99434,3,-68.5,1.4051,923.25,3
594.75,0.28376,0.28478,-0.99434,2,-54,1.5846,920.25,3
597,0.20168,0.33072,-1.0286,3,-65.5,6.1421,920.25,3
597.75,0.20168,0.33072,-1.0286,3,-68,1.6705,922.75,3
598.5,0.23685,0.29627,-1.0172,3,-66.5,5.8399,920.75,3
599,0.23685,0.29627,-1.0172,3,-68,5.033,922.25,3
600.5,0.48309,0.19292,-0.92593,3,-69,1.0876,923.75,3
601,0.1196,0.33072,-1.0514,3,-67,5.3106,921.75,3
601.5,0.1196,0.33072,-1.0514,3,-68.5,1.3499,923.25,3
603.5,0.17823,0.3422,-1.04,3,-67.5,2.1261,921.75,3
603.75,0.17823,0.3422,-1.04,3,-67,1.8438,922.25,3
604.25,0.17823,0.3422,-1.04,3,-65.5,6.1651,920.25,3
605.5,0.2603,0.2733,-1.0057,3,-66.5,5.5515,921.25,3
606.25,0.20168,0.3422,-1.04,3,-68,1.3591,923.25,3
606.75,0.20168,0.3422,-1.04,3,-65.5,6.1405,920.25,3
607.5,0.24858,0.29627,-0.99434,3,-67.5,1.6168,922.75,3
608,0.24858,0.29627,-0.99434,3,-66.5,5.5315,921.25,3
608.25,0.24858,0.29627,-0.99434,3,-65.5,5.8337,920.75,3
608.75,0.2603,0.30775,-0.99434,3,-68.5,1.3392,923.25,3
610,0.2134,0.31923,-1.0057,3,-67.5,1.6245,922.75,3
610.75,0.1665,0.33072,-1.04,3,-65.5,5.8659,920.75,3
611,0.1665,0.33072,-1.04,3,-67.5,4.9946,922.25,3
642,0.1665,0.28478,-1.04,3,-61.5,0.69183,921.25,3
642.25,0.22513,0.28478,-1.0628,2,-47.5,1.7518,920.75,3
642.5,0.2134,0.23885,-1.0628,2,-48,1.0999,921.75,3
642.6,0.2134,0.2733,-1.0514,2,-48,1.1137,921.75,3
642.75,0.22513,0.23885,-1.0742,2,-49,0.79614,922.25,3
642.83,0.22513,0.23885,-1.0742,2,-48.5,0.81148,922.25,3
642.88,0.22513,0.23885,-1.0742,2,-48.5,0.79614,922.25,3
642.93,0.22513,0.28478,-1.0856,3,-65,5.2462,923.25,3
643,0.22513,0.28478,-1.0856,2,-50,0.041417,923.25,3
643.25,0.49481,0.089569,-0.99434,2,-47,2.1292,920.25,3
643.5,0.22513,-0.01378,-1.04,3,-65.5,5.9749,925.75,3
644,0.74105,0.02067,-0.93733,3,-67.5,1.0186,924.75,3
644.08,0.74105,0.02067,-0.93733,2,-51,0.76546,922.75,3
644.25,0.41273,0.23885,-0.99434,2,-52.5,0.18101,923.75,3
644.33,0.41273,0.23885,-0.99434,3,-63,0.22856,923.75,3
644.5,0.41273,0.23885,-0.99434,2,-50.5,2.1583,921.25,3
645.25,0.34238,0.62928,-0.76628,3,-58,0.084369,922.25,1
645.75,0.29548,0.72114,-0.8347,3,-58,5.5285,920.25,1
645.83,0.29548,0.72114,-0.8347,3,-58,5.395,920.25,1
646,0.29548,0.72114,-0.8347,3,-62.5,5.3643,924.25,1
646.78,0.56517,0.90487,-0.36718,3,-59,2.0018,923.75,1
646.85,0.56517,0.90487,-0.36718,3,-58.5,5.1342,923.75,1
647,0.56517,0.88191,-0.28736,3,-58,0.71023,921.25,1
647.5,0.62379,0.80152,-0.40139,3,-58,5.6788,922.25,1
648.5,0.74105,0.74411,-0.35577,3,-59,5.9166,924.25,1
648.75,0.74105,0.74411,-0.35577,2,-59.5,0.17948,924.75,1
649,0.74105,0.74411,-0.35577,3,-59.5,1.2456,922.75,1
649.25,0.74105,0.74411,-0.35577,3,-60,1.0155,923.75,1
649.5,0.52999,0.73263,-0.64085,3,-58.5,0.38656,920.75,1
649.6,0.52999,0.73263,-0.64085,3,-59,0.81454,920.75,1
650.75,0.45964,0.88191,-0.35577,3,-58.5,2.0448,920.25,1
652,0.24858,1.0082,0.066138,2,-62.5,1.1428,921.25,1
652.5,0.084423,1.146,-0.12771,3,-66,0.52769,922.25,1
653.5,0.33066,0.97377,-0.093505,3,-63,4.7507,924.75,1
654.5,0.33066,0.97377,-0.093505,3,-64.5,4.6802,920.75,1
655,0.33066,0.97377,-0.093505,3,-65.5,0.20095,922.25,1
656,0.33066,0.97377,-0.093505,2,-62,0.24544,924.25,1
657.5,0.1196,0.97377,-0.13912,2,-60.5,1.0262,923.25,1
659.25,-0.079733,0.89339,0.10035,2,-67.5,0.095107,920.75,4
660.25,0.049247,0.90487,-0.013684,2,-59,6.1421,920.25,4
660.5,0.31893,0.97377,-0.093505,3,-60,5.9135,925.75,4
661.75,0.15478,1.0656,-0.25315,3,-58.5,0.0061359,920.75,4
666,0.2134,0.96229,0.077541,1,-52.5,2.6661,922.75,4
667.25,0.17823,0.90487,-0.013684,1,-60.5,4.9624,923.25,4
