0,0.1196,0.93932,0.043332,3,-61,5.3014,922.25,1
2.75,0.41273,1.0197,-0.025087,3,-66,0.8805,922.75,1
3,0.41273,1.0197,-0.025087,2,-59.5,4.4455,923.75,1
3.5,0.52999,0.90487,-0.047893,3,-59.5,5.8583,921.75,1
4,0.56517,0.74411,-0.447,3,-61.5,5.4886,923.25,1
4.75,0.56517,0.74411,-0.447,3,-60,5.757,924.25,1
5,0.31893,0.44555,-0.89172,2,-51.5,4.6572,922.75,1
5.25,0.31893,0.44555,-0.89172,2,-51,4.4746,922.75,1
5.3,0.13132,0.49148,-1.04,3,-66,4.0098,923.75,1
5.5,0.13132,0.49148,-1.04,2,-47.5,4.9594,921.25,1
5.575,0.15478,0.42258,-1.0628,2,-46.5,4.7691,921.25,1
5.6,0.15478,0.42258,-1.0628,2,-46.5,4.7277,921.25,1
5.75,0.15478,0.37665,-1.0514,3,-62.5,4.7569,920.75,1
5.825,0.23685,0.42258,-1.0286,3,-61,4.0789,920.75,1
6,0.45964,0.38813,-0.97154,3,-61.5,0.1672,922.25,1
6.25,0.45964,0.38813,-0.97154,3,-61,6.1421,922.25,1
6.325,0.45964,0.38813,-0.97154,2,-50,2.4666,923.25,1
6.5,0.44791,0.3422,-0.78909,2,-50,2.4191,923.25,3
6.575,0.70587,0.29627,-0.88031,2,-52.5,1.7196,925.25,3
6.75,0.70587,0.29627,-0.88031,3,-63,1.1305,925.25,3
6.85,0.70587,0.29627,-0.88031,2,-45.5,4.0697,920.25,3
7,0.56517,0.26182,-0.89172,3,-65,0.77159,924.25,3
7.25,0.56517,0.26182,-0.89172,2,-50,1.6659,924.25,3
7.5,0.42446,0.29627,-0.94873,3,-68,5.7402,924.75,3
7.75,0.42446,0.29627,-0.94873,2,-60.5,0.87744,923.75,3
111.75,0.17823,0.19292,-0.92593,3,-59.5,5.7877,924.25,3
112.5,0.50654,0.85894,-0.36718,2,-59,1.9236,921.25,1
112.75,0.50654,0.85894,-0.36718,3,-62.5,2.0402,920.75,1
113,0.50654,0.85894,-0.36718,2,-59.5,1.0723,921.75,1
114.25,0.47136,0.90487,-0.36718,3,-65,0.5553,924.25,1
114.75,0.47136,0.90487,-0.36718,3,-63,4.513,922.75,1
115,0.47136,0.90487,-0.36718,2,-58.5,5.1327,921.25,1
115.25,0.47136,0.90487,-0.36718,3,-60,0.36049,920.75,1
115.5,0.42446,0.99674,0.031928,3,-60,0.632,922.25,1
116.25,0.50654,0.92784,0.10035,2,-59,0.078233,920.25,1
116.75,0.50654,0.92784,0.10035,3,-69,4.2568,924.25,1
117.25,0.50654,0.92784,0.10035,2,-62.5,4.2859,923.75,1
118,-0.0093803,1.0656,-0.082102,3,-61.5,4.648,921.75,1
118.25,-0.0093803,1.0656,-0.082102,3,-62.5,0.60439,922.25,1
119.75,0.45964,0.89339,-0.10491,3,-64.5,5.7739,923.75,1
120.5,0.20168,0.90487,-0.093505,3,-59.5,6.2433,922.25,4
121.25,0.49481,0.88191,-0.12771,1,-66,6.2126,920.25,4
121.75,0.47136,0.92784,-0.15052,3,-59.5,0.61206,924.75,4
122.25,0.38928,0.95081,-0.17333,3,-62,6.1405,921.25,4
124.75,0.30721,0.70966,-0.27595,1,-49,5.5791,921.25,4
124.83,0.30721,0.70966,-0.27595,1,-49.5,5.8429,921.25,4
126,0.23685,1.0771,0.020525,1,-53,0.53689,920.25,4
127.5,0.17823,1.0082,-0.20754,1,-59.5,5.4502,920.75,4
130.25,0.17823,1.0082,-0.20754,1,-59,5.5392,923.25,2
134.25,0.91693,0.68669,-0.013684,1,-60,1.1735,923.75,2
140.25,0.91693,0.68669,-0.013684,1,-61.5,1.2318,923.25,2
150.5,0.91693,0.68669,-0.013684,1,-61,6.208,920.25,2
157.25,0.91693,0.68669,-0.013684,1,-60,1.3407,923.25,2
158.5,0.91693,0.68669,-0.013684,1,-60,0.92039,923.75,2
161,0.84658,0.72114,-0.047893,1,-60.5,4.065,923.75,2
162.5,0.84658,0.72114,-0.047893,1,-60,6.1114,920.25,2
163.75,0.84658,0.72114,-0.047893,1,-59.5,5.6681,921.25,2
166.75,0.96383,0.67521,0.020525,1,-59.5,5.2247,922.25,2
168.75,0.96383,0.67521,0.020525,1,-59,5.7033,920.75,2
175.75,0.77622,0.75559,-0.025087,1,-59.5,5.3766,921.25,2
176.75,0.77622,0.75559,-0.025087,1,-61,4.1571,923.25,2
178.5,0.77622,0.75559,-0.025087,1,-60,5.8353,920.75,2
179.75,0.77622,0.75559,-0.025087,1,-59.5,5.9672,920.25,2
181,0.77622,0.75559,-0.025087,1,-59,5.5346,920.75,2
181.75,0.77622,0.75559,-0.025087,1,-62.5,6.2004,925.25,2
183.25,0.77622,0.75559,-0.025087,1,-59.5,5.2784,921.25,2
186.25,0.79967,0.74411,-0.013684,1,-59,5.2109,921.75,2
188.25,0.79967,0.74411,-0.013684,1,-59,5.2431,921.25,2
188.75,0.79967,0.74411,-0.013684,1,-59.5,4.6449,922.25,2
191.75,0.83485,0.72114,-0.0022806,1,-59,5.8169,920.25,2
193.25,0.83485,0.72114,-0.0022806,1,-59,5.5162,920.75,2
196.75,0.88175,0.69818,0.020525,2,-70.5,0.84369,920.25,2
202.75,0.9052,0.68669,0.031928,1,-59.5,5.2033,921.25,2
204,0.9052,0.68669,0.031928,1,-59.5,6.0485,920.25,2
205.5,0.9052,0.68669,0.031928,1,-59,5.5822,920.75,2
208,0.99901,0.67521,0.066138,1,-59.5,5.1572,921.75,2
210,0.99901,0.67521,0.066138,1,-59,5.5269,920.75,2
210.75,0.99901,0.67521,0.066138,1,-60.5,1.1336,923.25,2
212.5,0.99901,0.67521,0.066138,1,-59,5.2784,921.25,2
215,0.8114,0.73263,-0.013684,1,-59.5,5.438,921.25,2
217.25,0.8114,0.73263,-0.013684,1,-59,5.2631,921.25,2
219.75,0.82312,0.74411,-0.0022806,1,-59.5,5.754,920.75,2
220.75,0.82312,0.74411,-0.0022806,1,-62.5,0.044485,925.25,2
222.25,0.82312,0.74411,-0.0022806,1,-59,5.5239,921.25,2
227.75,0.89348,0.70966,0.020525,1,-60.5,4.289,923.25,2
229.5,0.89348,0.70966,0.020525,1,-59,5.4824,921.25,2
230.25,0.89348,0.70966,0.020525,1,-59.5,4.9977,922.25,2
232,0.89348,0.70966,0.020525,1,-59.5,5.3674,921.25,2
236.75,0.7645,0.76708,-0.025087,1,-59.5,5.4579,921.25,2
239,0.7645,0.76708,-0.025087,1,-59,5.4073,921.25,2
239.75,0.7645,0.76708,-0.025087,1,-59.5,4.7814,922.25,2
242.28,0.7176,0.79004,-0.070699,1,-59.5,4.8965,922.25,2
246.53,0.91693,0.68669,0.031928,1,-60,5.507,921.25,2
250.25,0.27203,0.87042,0.031928,1,-51.5,0.036816,920.25,4
250.33,0.27203,0.87042,0.031928,1,-51.5,0.53996,920.25,4
251.5,0.61207,0.84746,0.020525,1,-52,0.79153,921.25,4
252.25,0.45964,0.83597,-0.11631,1,-58.5,0.15033,925.25,4
254.5,0.51826,0.88191,-0.11631,1,-60,1.1566,922.25,4
256.75,0.51826,0.88191,-0.11631,3,-59.5,1.7196,922.25,4
258.75,0.29548,0.93932,-0.070699,3,-68.5,6.2203,921.25,4
259,0.29548,0.93932,-0.070699,3,-62.5,6.0055,921.75,4
259.5,0.29548,0.97377,-0.15052,3,-59.5,1.5294,923.25,4
260,0.27203,0.97377,-0.11631,3,-61.5,6.0224,925.75,4
260.5,0.27203,0.97377,-0.11631,3,-66,5.7356,924.75,4
260.75,0.27203,0.97377,-0.11631,1,-67.5,5.1634,922.75,1
261,0.27203,0.97377,-0.11631,2,-59.5,0.12885,921.25,1
263,0.1665,0.97377,-0.17333,3,-66.5,5.9703,922.75,1
263.25,0.1665,0.97377,-0.17333,3,-67,1.9436,923.75,1
263.75,0.63552,0.82449,-0.070699,3,-59.5,6.1329,920.75,1
263.85,0.63552,0.82449,-0.070699,3,-59,5.7647,920.75,1
265,0.28376,0.45703,-0.77769,3,-69.5,4.783,924.25,1
265.5,0.40101,0.19292,-1.0856,3,-61,6.0623,922.75,3
265.57,0.40101,0.19292,-1.0856,3,-61.5,6.1589,922.75,3
265.75,0.40101,0.19292,-1.0856,2,-49.5,1.965,923.75,3
265.82,0.40101,0.19292,-1.0856,2,-49.5,1.9804,923.75,3
266,0.20168,0.31923,-1.0628,3,-61.5,4.7523,921.25,3
266.07,0.20168,0.31923,-1.0628,3,-61.5,1.5892,921.25,3
266.25,0.14305,0.26182,-1.04,2,-47,2.2457,921.75,3
266.5,0.14305,0.26182,-1.04,2,-47.5,2.2074,921.75,3
266.57,0.0023451,0.29627,-1.0286,3,-62.5,0.13806,921.75,3
266.75,0.0023451,0.29627,-1.0286,2,-53.5,0.48474,923.25,3
267,-0.20871,0.2733,-0.88031,3,-67,5.7018,925.25,3
348.75,0.28376,0.96229,0.10035,2,-66,5.1588,920.75,1
349.5,0.28376,0.96229,0.10035,2,-63.5,5.2201,923.25,1
351.75,0.35411,0.92784,0.031928,3,-63.5,4.8857,922.25,1
353.75,0.18995,1.0427,-0.17333,1,-68.5,1.4573,921.75,1
355.25,0.31893,0.90487,-0.19613,3,-61.5,1.4189,924.75,4
355.5,0.31893,0.90487,-0.19613,3,-59,0.33441,922.75,4
355.75,0.31893,0.90487,-0.19613,3,-59.5,6.1144,923.75,4
356.5,0.61207,0.85894,-0.23034,1,-63,5.415,922.25,4
356.58,0.61207,0.85894,-0.23034,1,-63,5.4533,922.25,4
357,0.60034,0.83597,-0.25315,3,-59.5,1.5616,925.25,4
358,0.54171,0.88191,-0.28736,2,-59,1.8024,922.75,4
358.13,0.54171,0.88191,-0.28736,1,-69.5,2.1276,922.75,4
360.75,0.63552,0.80152,0.0091224,1,-53,6.251,923.75,4
360.83,0.35411,0.97377,-0.29876,1,-49,5.5193,921.25,4
360.88,0.35411,0.97377,-0.29876,1,-49,5.688,921.25,4
361,0.35411,0.97377,-0.29876,1,-49.5,6.1221,921.25,4
361.1,0.28376,0.91636,-0.26455,1,-50,0.75165,920.75,4
362.25,0.44791,0.88191,-0.16192,1,-54.5,4.1556,924.25,4
362.75,0.2603,0.98526,-0.26455,1,-51.5,2.6707,922.75,4
363.25,0.48309,1.0656,-0.23034,1,-51.5,1.2118,921.25,4
363.33,0.29548,0.95081,-0.20754,1,-52.5,0.97868,921.25,4
366.75,0.17823,0.96229,-0.12771,1,-63,0.88204,925.25,2
370.75,0.88175,0.66373,-0.093505,1,-60,6.254,920.75,2
373.25,0.88175,0.66373,-0.093505,1,-60,6.2387,920.75,2
374.25,0.88175,0.66373,-0.093505,1,-59,0.33134,920.25,2
375.75,0.88175,0.66373,-0.093505,1,-59.5,5.5561,921.75,2
380.25,1.128,0.57186,0.0091224,1,-59,5.6343,921.25,2
381,1.128,0.57186,0.0091224,1,-59,5.1526,922.25,2
382.75,1.128,0.57186,0.0091224,1,-59,5.7371,921.25,2
383.5,1.128,0.57186,0.0091224,1,-59.5,4.5682,923.25,2
385,1.128,0.57186,0.0091224,1,-59.5,4.3979,923.75,2
387.5,0.91693,0.64076,-0.070699,1,-61,1.014,923.75,2
388.5,0.91693,0.64076,-0.070699,1,-60,4.7446,923.25,2
390.5,0.91693,0.64076,-0.070699,1,-60.5,5.2339,922.25,2
392.5,0.91693,0.64076,-0.070699,1,-60.5,6.004,921.25,2
395,1.0811,0.57186,-0.0022806,1,-59,6.116,920.75,2
396.03,1.0811,0.57186,-0.0022806,1,-59,0.33287,920.25,2
397.75,1.0811,0.57186,-0.0022806,1,-59,5.4855,921.75,2
400,0.97555,0.60631,-0.047893,1,-59,5.6328,921.75,2
401,0.97555,0.60631,-0.047893,1,-59.5,0.28225,920.25,2
402.75,0.97555,0.60631,-0.047893,1,-59.5,5.0683,922.25,2
404.75,0.97555,0.60631,-0.047893,1,-59.5,5.8261,921.25,2
409.5,0.91693,0.64076,-0.082102,1,-60,5.8322,921.25,2
412.25,0.91693,0.64076,-0.082102,1,-59.5,6.0914,920.75,2
419.5,0.91693,0.64076,-0.082102,1,-59.5,0.54917,920.75,2
421.75,0.91693,0.64076,-0.082102,1,-59.5,0.0061359,921.25,2
423,0.91693,0.64076,-0.082102,1,-63,0.14573,925.75,2
427,0.91693,0.64076,-0.082102,1,-60.5,5.1772,922.25,2
434.25,0.91693,0.64076,-0.082102,1,-60.5,5.5346,921.75,2
441,0.9052,0.64076,-0.082102,1,-59.5,5.6957,921.25,2
442.5,0.9052,0.64076,-0.082102,1,-63.5,6.2571,925.75,2
444,0.9052,0.64076,-0.082102,1,-59.5,1.9574,922.25,2
449,0.9052,0.64076,-0.082102,1,-59,6.254,922.25,2
451.5,0.42446,0.91636,-0.16192,1,-53,5.7156,922.25,4
451.58,0.42446,0.91636,-0.16192,1,-52,5.8982,922.25,4
452.25,0.58862,0.87042,-0.082102,1,-60,5.7033,925.75,4
